Step,Activity,Dampening,CurrentCalcium,TargetCalcium,SynapticInput,BackgroundInput,GrownAxons,ConnectedAxons,GrownDendrites,ConnectedDendrites
1,-62.5986,-11.9466,0.0037,0.7,0.0,4.0009,0.0,0.0,0.0,0.0
2,-61.9666,-11.8601,0.0088,0.7,0.0,3.9954,0.0,0.0,0.0,0.0
3,-62.3207,-11.8303,0.0138,0.7,0.0,4.0019,0.0,0.0,0.0,0.0
4,-62.4957,-11.8519,0.0188,0.7,0.0,3.9954,0.0,0.0,0.0,0.0
5,-61.8646,-11.8771,0.0236,0.7,0.0,4.0241,0.0,0.0,0.0,0.0
6,-62.1334,-11.8701,0.0284,0.7,0.0,3.9806,0.0,0.0,0.0,0.0
7,-61.9105,-11.8601,0.0332,0.7,0.0,3.9926,0.0,0.0,0.0,0.0
8,-61.9653,-11.8107,0.038,0.7,0.0,3.9685,0.0,0.0,0.0,0.0
9,-62.0869,-11.8146,0.0427,0.7,0.0,3.9389,0.0,0.0,0.0,0.0
10,-62.2014,-11.8583,0.0474,0.7,0.0,3.9889,0.0,0.0,0.0,0.0
11,-62.1936,-11.8128,0.052,0.7,0.0,4.0222,0.0,0.0,0.0,0.0
12,-62.4541,-11.8228,0.0565,0.7,0.0,3.9593,0.0,0.0,0.0,0.0
13,-62.2285,-11.8795,0.061,0.7,0.0,4.0222,0.0,0.0,0.0,0.0
14,-62.1248,-11.8435,0.0655,0.7,0.0,4.0204,0.0,0.0,0.0,0.0
15,-62.686,-11.8393,0.07,0.7,0.0,3.9676,0.0,0.0,0.0,0.0
16,-62.6186,-11.8549,0.0743,0.7,0.0,3.9769,0.0,0.0,0.0,0.0
17,-62.5156,-11.8852,0.0787,0.7,0.0,4.0667,0.0,0.0,0.0,0.0
18,-62.545,-11.7892,0.0831,0.7,0.0,4.0222,0.0,0.0,0.0,0.0
19,-62.4657,-11.8497,0.0873,0.7,0.0,3.9139,0.0,0.0,0.0,0.0
20,-62.4258,-11.8406,0.0915,0.7,0.0,4.0204,0.0,0.0,0.0,0.0
21,-62.4854,-11.8549,0.0956,0.7,0.0,3.9704,0.0,0.0,0.0,0.0
22,-62.0003,-11.8339,0.0998,0.7,0.0,4.0389,0.0,0.0,0.0,0.0
23,-62.1108,-11.8159,0.1039,0.7,0.0,4.0444,0.0,0.0,0.0,0.0
24,-62.2692,-11.8379,0.108,0.7,0.0,4.0065,0.0,0.0,0.0,0.0
25,-62.1192,-11.838,0.112,0.7,0.0,3.9917,0.0,0.0,0.0,0.0
26,-62.2927,-11.8462,0.116,0.7,0.0,4.0343,0.0,0.0,0.0,0.0
27,-61.5822,-11.8329,0.1199,0.7,0.0,4.0472,0.0,0.0,0.0009,0.0
28,-62.3708,-11.9015,0.1238,0.7,0.0,3.9759,0.0,0.0,0.0019,0.0
29,-62.4871,-11.7948,0.1277,0.7,0.0,3.9926,0.0,0.0,0.0028,0.0
30,-62.4149,-11.8719,0.1315,0.7,0.0,3.9843,0.0,0.0,0.0046,0.0
31,-62.66,-11.8112,0.1353,0.7,0.0,4.0065,0.0,0.0,0.0056,0.0
32,-62.1259,-11.8841,0.139,0.7,0.0,4.0028,0.0,0.0,0.0074,0.0
33,-62.0715,-11.8369,0.1427,0.7,0.0,3.9833,0.0,0.0,0.0093,0.0
34,-62.3164,-11.8529,0.1463,0.7,0.0,4.0426,0.0,0.0,0.0111,0.0
35,-62.6139,-11.8342,0.15,0.7,0.0,4.0463,0.0,0.0,0.013,0.0
36,-61.9648,-11.8588,0.1536,0.7,0.0,3.9694,0.0,0.0,0.0148,0.0
37,-62.3512,-11.8416,0.1572,0.7,0.0,3.9935,0.0,0.0,0.0176,0.0
38,-62.0911,-11.8768,0.1606,0.7,0.0,3.9713,0.0,0.0,0.0204,0.0
39,-62.4211,-11.8314,0.1642,0.7,0.0,3.9935,0.0,0.0,0.0231,0.0
40,-62.3231,-11.8048,0.1677,0.7,0.0,4.0111,0.0,0.0,0.0259,0.0
41,-62.0603,-11.8449,0.171,0.7,0.0,3.9796,0.0,0.0,0.0287,0.0
42,-62.267,-11.8339,0.1745,0.7,0.0,3.9935,0.0,0.0,0.0324,0.0
43,-62.2182,-11.7896,0.1778,0.7,0.0,3.9843,0.0,0.0,0.0361,0.0
44,-62.3143,-11.8515,0.1811,0.7,0.0,3.9954,0.0,0.0,0.0398,0.0
45,-61.6379,-11.8021,0.1843,0.7,0.0,4.0019,0.0,0.0,0.0435,0.0
46,-62.3089,-11.8443,0.1875,0.7,0.0,4.0065,0.0,0.0,0.0472,0.0
47,-62.6978,-11.8406,0.1908,0.7,0.0,3.9861,0.0,0.0,0.0509,0.0
48,-61.9973,-11.8527,0.1938,0.7,0.0,4.0231,0.0,0.0,0.0556,0.0
49,-62.401,-11.8065,0.1971,0.7,0.0,4.0333,0.0,0.0,0.0593,0.0
50,-62.2628,-11.772,0.2002,0.7,0.0,3.9602,0.0,0.0,0.0639,0.0
51,-62.8704,-11.8025,0.2032,0.7,0.0,4.0083,0.0,0.0,0.0685,0.0
52,-62.2962,-11.8355,0.2063,0.7,0.0,4.0102,0.0,0.0,0.0731,0.0
53,-62.2918,-11.8392,0.2093,0.7,0.0,4.0167,0.0,0.0,0.0787,0.0
54,-62.0921,-11.8667,0.2123,0.7,0.0,3.9991,0.0,0.0,0.0833,0.0
55,-62.3253,-11.8267,0.2152,0.7,0.0,4.0296,0.0,0.0,0.0889,0.0
56,-62.1794,-11.8277,0.2182,0.7,0.0,3.9667,0.0,0.0,0.0944,0.0
57,-62.0181,-11.823,0.2211,0.7,0.0,4.0222,0.0,0.0,0.0991,0.0
58,-62.3288,-11.8527,0.224,0.7,0.0,4.0111,0.0,0.0,0.1046,0.0
59,-62.4535,-11.7947,0.2269,0.7,0.0,3.9426,0.0,0.0,0.1111,0.0
60,-62.7718,-11.8376,0.2298,0.7,0.0,3.9972,0.0,0.0,0.1167,0.0
61,-62.2588,-11.8348,0.2326,0.7,0.0,4.0167,0.0,0.0,0.1222,0.0
62,-62.5017,-11.8716,0.2353,0.7,0.0,3.9907,0.0,0.0,0.1287,0.0
63,-62.1963,-11.8428,0.238,0.7,0.0,4.0537,0.0,0.0,0.1352,0.0
64,-61.9701,-11.7952,0.2407,0.7,0.0,4.0324,0.0,0.0,0.1407,0.0
65,-62.5275,-11.8494,0.2435,0.7,0.0,4.025,0.0,0.0,0.1472,0.0
66,-62.1079,-11.8375,0.2461,0.7,0.0,3.9722,0.0,0.0,0.1537,0.0
67,-62.3975,-11.8227,0.2488,0.7,0.0,4.0296,0.0,0.0,0.1602,0.0
68,-62.3496,-11.7947,0.2514,0.7,0.0,3.9861,0.0,0.0,0.1676,0.0
69,-62.598,-11.8636,0.2539,0.7,0.0,4.0065,0.0,0.0,0.1741,0.0
70,-62.1449,-11.8253,0.2564,0.7,0.0,4.0102,0.0,0.0,0.1806,0.0
71,-62.1934,-11.8521,0.259,0.7,0.0,4.0028,0.0,0.0,0.188,0.0
72,-61.9291,-11.8761,0.2615,0.7,0.0,3.9713,0.0,0.0,0.1954,0.0
73,-62.0197,-11.8337,0.2639,0.7,0.0,4.0444,0.0,0.0,0.2019,0.0
74,-62.2641,-11.8395,0.2664,0.7,0.0,4.0241,0.0,0.0,0.2093,0.0
75,-62.2557,-11.8219,0.2688,0.7,0.0,4.0111,0.0,0.0,0.2167,0.0
76,-62.2432,-11.8224,0.2713,0.7,0.0,4.0093,0.0,0.0,0.2241,0.0
77,-61.6999,-11.8584,0.2737,0.7,0.0,3.9741,0.0,0.0,0.2324,0.0
78,-61.6313,-11.8031,0.2761,0.7,0.0,3.975,0.0,0.0,0.2398,0.0
79,-62.2031,-11.8309,0.2784,0.7,0.0,3.9917,0.0,0.0,0.2472,0.0
80,-62.4182,-11.9058,0.2807,0.7,0.0,4.0417,0.0,0.0,0.2556,0.0
81,-61.9119,-11.8637,0.283,0.7,0.0,4.063,0.0,0.0,0.263,0.0
82,-62.4569,-11.7504,0.2853,0.7,0.0,3.9917,0.0,0.0,0.2713,0.0
83,-62.2587,-11.8334,0.2875,0.7,0.0,3.9898,0.0,0.0,0.2787,0.0
84,-62.5976,-11.8599,0.2897,0.7,0.0,3.9759,0.0,0.0,0.287,0.0
85,-62.4314,-11.8133,0.292,0.7,0.0,3.9917,0.0,0.0,0.2954,0.0
86,-62.1857,-11.8391,0.2942,0.7,0.0,3.9657,0.0,0.0,0.3037,0.0
87,-62.1239,-11.8013,0.2964,0.7,0.0,4.0093,0.0,0.0,0.312,0.0
88,-62.194,-11.8522,0.2985,0.7,0.0,4.0019,0.0,0.0,0.3204,0.0
89,-62.1606,-11.828,0.3007,0.7,0.0,4.0093,0.0,0.0,0.3287,0.0
90,-62.364,-11.8903,0.3027,0.7,0.0,4.0185,0.0,0.0,0.337,0.0
91,-62.3471,-11.8227,0.3049,0.7,0.0,4.0204,0.0,0.0,0.3454,0.0
92,-61.7458,-11.8475,0.3069,0.7,0.0,3.9769,0.0,0.0,0.3546,0.0
93,-62.4882,-11.8201,0.309,0.7,0.0,3.9806,0.0,0.0,0.363,0.0
94,-62.1816,-11.8597,0.3111,0.7,0.0,4.0028,0.0,0.0,0.3722,0.0
95,-62.1917,-11.8247,0.313,0.7,0.0,3.9685,0.0,0.0,0.3806,0.0
96,-62.474,-11.7956,0.315,0.7,0.0,3.9676,0.0,0.0,0.3898,0.0
97,-62.5521,-11.811,0.317,0.7,0.0,3.9398,0.0,0.0,0.3981,0.0
98,-62.0437,-11.8454,0.3189,0.7,0.0,4.0037,0.0,0.0,0.4074,0.0
99,-62.2953,-11.8727,0.3208,0.7,0.0,4.0556,0.0,0.0,0.4167,0.0
100,-62.1449,-11.851,0.3227,0.7,0.0,4.0194,0.0,0.0,0.425,0.0
101,-62.404,-11.8274,0.3246,0.7,0.0,4.0639,0.0,0.0,0.4343,0.0
102,-62.3023,-11.8188,0.3264,0.7,0.0,3.9843,0.0,0.0,0.4435,0.0
103,-61.6476,-11.8334,0.3282,0.7,0.0,3.9889,0.0,0.0,0.4528,0.0
104,-62.4042,-11.8397,0.3301,0.7,0.0,4.0019,0.0,0.0,0.462,0.0
105,-62.2721,-11.8873,0.3319,0.7,0.0,4.0167,0.0,0.0,0.4713,0.0
106,-62.2652,-11.7787,0.3337,0.7,0.0,4.0139,0.0,0.0,0.4806,0.0
107,-62.3361,-11.7944,0.3355,0.7,0.0,4.0343,0.0,0.0,0.4898,0.0
108,-62.2823,-11.8742,0.3373,0.7,0.0,3.9852,0.0,0.0,0.4991,0.0
109,-62.3801,-11.802,0.339,0.7,0.0,4.05,0.0,0.0,0.5083,0.0
110,-62.5269,-11.8479,0.3407,0.7,0.0,4.0306,0.0,0.0,0.5176,0.0
111,-62.292,-11.8391,0.3424,0.7,0.0,3.9917,0.0,0.0,0.5269,0.0
112,-62.0684,-11.8294,0.3441,0.7,0.0,3.9981,0.0,0.0,0.537,0.0
113,-61.9287,-11.8454,0.3458,0.7,0.0,4.0426,0.0,0.0,0.5463,0.0
114,-61.5975,-11.8613,0.3473,0.7,0.0,3.987,0.0,0.0,0.5556,0.0
115,-62.0868,-11.8642,0.349,0.7,0.0,4.0056,0.0,0.0,0.5657,0.0
116,-61.8288,-11.8213,0.3506,0.7,0.0,4.0083,0.0,0.0,0.575,0.0
117,-62.1174,-11.835,0.3522,0.7,0.0,4.0037,0.0,0.0,0.5843,0.0
118,-62.1948,-11.9133,0.3538,0.7,0.0,3.9694,0.0,0.0,0.5944,0.0
119,-62.0216,-11.8302,0.3553,0.7,0.0,4.0343,0.0,0.0,0.6037,0.0
120,-62.322,-11.7985,0.3568,0.7,0.0,3.9389,0.0,0.0,0.6139,0.0
121,-62.4916,-11.8666,0.3584,0.7,0.0,4.012,0.0,0.0,0.6231,0.0
122,-62.7411,-11.8186,0.3599,0.7,0.0,3.9657,0.0,0.0,0.6333,0.0
123,-62.3608,-11.8149,0.3614,0.7,0.0,4.0139,0.0,0.0,0.6426,0.0
124,-62.2337,-11.8376,0.3629,0.7,0.0,3.9704,0.0,0.0,0.6528,0.0
125,-61.6732,-11.8034,0.3644,0.7,0.0,4.037,0.0,0.0,0.662,0.0
126,-62.3922,-11.8291,0.366,0.7,0.0,4.0037,0.0,0.0,0.6722,0.0
127,-62.4211,-11.8365,0.3674,0.7,0.0,4.0185,0.0,0.0,0.6815,0.0
128,-62.0324,-11.8296,0.3688,0.7,0.0,4.0083,0.0,0.0,0.6917,0.0
129,-62.4899,-11.7883,0.3703,0.7,0.0,3.9889,0.0,0.0,0.7019,0.0
130,-62.6349,-11.8479,0.3717,0.7,0.0,3.9917,0.0,0.0,0.7111,0.0
131,-62.0144,-11.8247,0.3731,0.7,0.0,4.0074,0.0,0.0,0.7213,0.0
132,-61.7732,-11.8545,0.3744,0.7,0.0,4.0324,0.0,0.0,0.7315,0.0
133,-62.3109,-11.8443,0.3758,0.7,0.0,4.0028,0.0,0.0,0.7407,0.0
134,-62.3441,-11.8032,0.3772,0.7,0.0,4.0231,0.0,0.0,0.7509,0.0
135,-61.5388,-11.8363,0.3785,0.7,0.0,4.0185,0.0,0.0,0.7611,0.0
136,-62.4362,-11.8414,0.3798,0.7,0.0,4.0231,0.0,0.0,0.7704,0.0
137,-62.316,-11.7912,0.3811,0.7,0.0,3.9917,0.0,0.0,0.7806,0.0
138,-62.4854,-11.8268,0.3824,0.7,0.0,3.9935,0.0,0.0,0.7907,0.0
139,-62.3466,-11.8267,0.3837,0.7,0.0,4.0,0.0,0.0,0.8009,0.0
140,-61.951,-11.8187,0.3849,0.7,0.0,3.9963,0.0,0.0,0.8102,0.0
141,-62.4059,-11.8561,0.3862,0.7,0.0,3.9796,0.0,0.0,0.8204,0.0
142,-62.1172,-11.8272,0.3874,0.7,0.0,4.0102,0.0,0.0,0.8306,0.0
143,-62.309,-11.8597,0.3886,0.7,0.0,3.9861,0.0,0.0,0.8407,0.0
144,-62.067,-11.9048,0.3897,0.7,0.0,3.9509,0.0,0.0,0.85,0.0
145,-62.772,-11.8267,0.391,0.7,0.0,4.0,0.0,0.0,0.8602,0.0
146,-62.8103,-11.8088,0.3922,0.7,0.0,3.975,0.0,0.0,0.8704,0.0
147,-62.1072,-11.7813,0.3933,0.7,0.0,4.0306,0.0,0.0,0.8806,0.0
148,-62.1023,-11.8787,0.3944,0.7,0.0,4.0,0.0,0.0,0.8898,0.0
149,-62.2228,-11.7806,0.3956,0.7,0.0,4.0204,0.0,0.0,0.9,0.0
150,-61.6782,-11.8624,0.3967,0.7,0.0,4.0019,0.0,0.0,0.9102,0.0
151,-62.5915,-11.8435,0.3979,0.7,0.0,4.0176,0.0,0.0,0.9204,0.0
152,-61.983,-11.7529,0.399,0.7,0.0,4.0657,0.0,0.0,0.9306,0.0
153,-62.7405,-11.771,0.4002,0.7,0.0,3.9907,0.0,0.0,0.9398,0.0
154,-62.4218,-11.8582,0.4012,0.7,0.0,4.0139,0.0,0.0,0.95,0.0
155,-62.4329,-11.8002,0.4024,0.7,0.0,3.9954,0.0009,0.0,0.9602,0.0
156,-62.1405,-11.8385,0.4034,0.7,0.0,3.9898,0.0009,0.0,0.9704,0.0
157,-62.2127,-11.8239,0.4044,0.7,0.0,3.9602,0.0019,0.0,0.9806,0.0
158,-62.3358,-11.8687,0.4055,0.7,0.0,3.9361,0.0019,0.0,0.9898,0.0
159,-62.429,-11.8643,0.4065,0.7,0.0,3.9889,0.0028,0.0,1.0,0.0
160,-62.6658,-11.7658,0.4076,0.7,0.0,3.9111,0.0028,0.0,1.0102,0.0
161,-62.4985,-11.8399,0.4086,0.7,0.0,4.0194,0.0037,0.0,1.0204,0.0
162,-62.6094,-11.7447,0.4097,0.7,0.0,3.9704,0.0046,0.0,1.0296,0.0
163,-62.474,-11.7881,0.4107,0.7,0.0,4.0,0.0056,0.0,1.0398,0.0
164,-62.3336,-11.8477,0.4116,0.7,0.0,3.9546,0.0065,0.0,1.05,0.0
165,-62.3209,-11.8365,0.4126,0.7,0.0,4.0194,0.0074,0.0,1.0602,0.0
166,-62.1059,-11.8617,0.4136,0.7,0.0,3.9861,0.0083,0.0,1.0704,0.0
167,-61.9679,-11.8627,0.4146,0.7,0.0,3.9259,0.0102,0.0,1.0796,0.0
168,-61.3995,-11.8162,0.4155,0.7,0.0,4.0176,0.0111,0.0,1.0898,0.0
169,-62.6498,-11.7737,0.4164,0.7,0.0,3.9731,0.013,0.0,1.1,0.0
170,-62.2176,-11.8053,0.4174,0.7,0.0,4.0093,0.0139,0.0,1.1102,0.0
171,-61.9632,-11.834,0.4183,0.7,0.0,3.9972,0.0157,0.0,1.1194,0.0
172,-62.5638,-11.8409,0.4192,0.7,0.0,3.9583,0.0176,0.0,1.1296,0.0
173,-62.2431,-11.8361,0.4201,0.7,0.0,3.9741,0.0194,0.0,1.1398,0.0
174,-62.0368,-11.8898,0.421,0.7,0.0,4.0019,0.0213,0.0,1.15,0.0
175,-62.2336,-11.8496,0.4219,0.7,0.0,4.0519,0.0231,0.0,1.1593,0.0
176,-62.4869,-11.8481,0.4228,0.7,0.0,4.0296,0.025,0.0,1.1694,0.0
177,-62.2258,-11.7786,0.4237,0.7,0.0,3.9944,0.0269,0.0,1.1796,0.0
178,-62.2958,-11.8152,0.4245,0.7,0.0,3.9639,0.0296,0.0,1.1889,0.0
179,-62.3748,-11.8299,0.4254,0.7,0.0,3.9546,0.0315,0.0,1.1991,0.0
180,-62.0333,-11.788,0.4262,0.7,0.0,3.9556,0.0343,0.0,1.2093,0.0
181,-62.0702,-11.8468,0.4271,0.7,0.0,4.0102,0.0361,0.0,1.2185,0.0
182,-62.7913,-11.8159,0.428,0.7,0.0,3.9407,0.0389,0.0,1.2287,0.0
183,-62.9054,-11.8217,0.4288,0.7,0.0,3.9778,0.0417,0.0,1.2389,0.0
184,-62.6589,-11.817,0.4296,0.7,0.0,4.0435,0.0444,0.0,1.2481,0.0
185,-62.0525,-11.853,0.4304,0.7,0.0,4.0176,0.0472,0.0,1.2583,0.0
186,-62.5506,-11.8077,0.4313,0.7,0.0,4.0083,0.05,0.0,1.2685,0.0
187,-62.1928,-11.8417,0.432,0.7,0.0,3.9204,0.0528,0.0,1.2778,0.0
188,-62.5928,-11.823,0.4328,0.7,0.0,3.9426,0.0556,0.0,1.288,0.0
189,-62.2871,-11.7686,0.4336,0.7,0.0,3.9843,0.0583,0.0,1.2981,0.0
190,-62.4868,-11.8491,0.4343,0.7,0.0,3.9435,0.062,0.0,1.3074,0.0
191,-62.6372,-11.8306,0.4352,0.7,0.0,3.9954,0.0648,0.0,1.3176,0.0
192,-61.8188,-11.8506,0.4358,0.7,0.0,4.0694,0.0685,0.0,1.3269,0.0
193,-61.9216,-11.8744,0.4366,0.7,0.0,3.9583,0.0713,0.0,1.337,0.0
194,-62.2723,-11.7813,0.4373,0.7,0.0,4.0306,0.075,0.0,1.3472,0.0
195,-62.34,-11.7609,0.4381,0.7,0.0,4.0333,0.0787,0.0,1.3565,0.0
196,-61.5363,-11.8596,0.4387,0.7,0.0,3.9861,0.0824,0.0,1.3667,0.0
197,-62.5967,-11.842,0.4395,0.7,0.0,3.9611,0.0861,0.0,1.3759,0.0
198,-62.6002,-11.836,0.4403,0.7,0.0,3.987,0.0889,0.0,1.3861,0.0
199,-62.2459,-11.8358,0.441,0.7,0.0,3.9796,0.0935,0.0,1.3954,0.0
200,-62.1206,-11.835,0.4418,0.7,0.0,4.0537,0.0972,0.0,1.4056,0.0
201,-62.6311,-11.8202,0.4425,0.7,0.0,3.9787,0.1009,0.0,1.4148,0.0
202,-62.1982,-11.8432,0.4432,0.7,0.0,4.0491,0.1046,0.0,1.425,0.0
203,-62.2711,-11.822,0.4438,0.7,0.0,4.0241,0.1093,0.0,1.4343,0.0
204,-62.4447,-11.84,0.4445,0.7,0.0,3.9685,0.113,0.0,1.4444,0.0
205,-62.3838,-11.8005,0.4451,0.7,0.0,4.0176,0.1167,0.0,1.4537,0.0
206,-61.9164,-11.8409,0.4457,0.7,0.0,4.0315,0.1213,0.0,1.4639,0.0
207,-62.2343,-11.8212,0.4464,0.7,0.0,4.0009,0.1259,0.0,1.4731,0.0
208,-62.2939,-11.8123,0.447,0.7,0.0,4.0176,0.1296,0.0,1.4833,0.0
209,-61.8161,-11.8691,0.4476,0.7,0.0,4.0463,0.1343,0.0,1.4926,0.0
210,-62.5039,-11.7981,0.4483,0.7,0.0,4.0426,0.1389,0.0,1.5028,0.0
211,-62.2102,-11.8672,0.4489,0.7,0.0,4.0065,0.1435,0.0,1.512,0.0
212,-62.6077,-11.7759,0.4496,0.7,0.0,3.9833,0.1481,0.0,1.5213,0.0
213,-62.3253,-11.8084,0.4501,0.7,0.0,4.0093,0.1528,0.0,1.5315,0.0
214,-62.2026,-11.8274,0.4507,0.7,0.0,3.9972,0.1574,0.0,1.5407,0.0
215,-62.3998,-11.8734,0.4513,0.7,0.0,4.0046,0.162,0.0,1.55,0.0
216,-62.5243,-11.8231,0.4519,0.7,0.0,3.9852,0.1667,0.0,1.5602,0.0
217,-62.3676,-11.8669,0.4525,0.7,0.0,3.9926,0.1713,0.0,1.5694,0.0
218,-62.3461,-11.8594,0.4531,0.7,0.0,3.9778,0.1759,0.0,1.5796,0.0
219,-62.1553,-11.7852,0.4537,0.7,0.0,4.0204,0.1815,0.0,1.5889,0.0
220,-62.468,-11.8513,0.4543,0.7,0.0,3.9639,0.1861,0.0,1.5981,0.0
221,-62.1258,-11.8794,0.4548,0.7,0.0,4.025,0.1917,0.0,1.6083,0.0
222,-61.7439,-11.8459,0.4554,0.7,0.0,3.9741,0.1963,0.0,1.6176,0.0
223,-62.0493,-11.8331,0.456,0.7,0.0,4.0269,0.2019,0.0,1.6269,0.0
224,-62.7416,-11.8285,0.4565,0.7,0.0,3.9704,0.2065,0.0,1.6361,0.0
225,-62.4571,-11.8487,0.457,0.7,0.0,3.9833,0.212,0.0,1.6463,0.0
226,-62.3138,-11.7918,0.4575,0.7,0.0,3.9759,0.2176,0.0,1.6556,0.0
227,-62.3224,-11.8165,0.4581,0.7,0.0,3.9426,0.2222,0.0,1.6648,0.0
228,-61.9757,-11.8769,0.4586,0.7,0.0,3.9824,0.2278,0.0,1.6741,0.0
229,-62.3971,-11.8189,0.4591,0.7,0.0,3.9833,0.2333,0.0,1.6843,0.0
230,-62.317,-11.89,0.4596,0.7,0.0,3.9713,0.2389,0.0,1.6935,0.0
231,-61.9964,-11.7984,0.4602,0.7,0.0,3.9935,0.2444,0.0,1.7028,0.0
232,-62.1297,-11.8535,0.4607,0.7,0.0,4.025,0.25,0.0,1.712,0.0
233,-62.3757,-11.81,0.4612,0.7,0.0,3.9824,0.2556,0.0,1.7213,0.0
234,-62.7435,-11.8075,0.4618,0.7,0.0,3.962,0.2611,0.0,1.7315,0.0
235,-61.5958,-11.8903,0.4622,0.7,0.0,3.975,0.2667,0.0,1.7407,0.0
236,-62.4132,-11.8213,0.4627,0.7,0.0,4.0,0.2731,0.0,1.75,0.0
237,-61.7854,-11.7699,0.4632,0.7,0.0,3.9778,0.2787,0.0,1.7593,0.0
238,-62.571,-11.9058,0.4637,0.7,0.0,3.9981,0.2843,0.0,1.7685,0.0
239,-62.4964,-11.8115,0.4641,0.7,0.0,3.9556,0.2898,0.0,1.7778,0.0
240,-62.4261,-11.8719,0.4645,0.7,0.0,4.0361,0.2963,0.0,1.788,0.0
241,-62.3568,-11.8129,0.465,0.7,0.0,3.9713,0.3019,0.0,1.7972,0.0
242,-62.0662,-11.7872,0.4655,0.7,0.0,4.0093,0.3083,0.0,1.8065,0.0
243,-62.4659,-11.7849,0.4659,0.7,0.0,4.0426,0.3139,0.0,1.8157,0.0
244,-61.9211,-11.8701,0.4664,0.7,0.0,3.975,0.3204,0.0,1.825,0.0
245,-62.4173,-11.864,0.4668,0.7,0.0,3.9917,0.3259,0.0,1.8343,0.0
246,-61.8877,-11.8859,0.4672,0.7,0.0,3.9519,0.3324,0.0,1.8435,0.0
247,-62.0029,-11.8036,0.4676,0.7,0.0,4.037,0.3389,0.0,1.8528,0.0
248,-61.917,-11.8495,0.4681,0.7,0.0,3.9972,0.3444,0.0,1.862,0.0
249,-62.2008,-11.8225,0.4686,0.7,0.0,3.9574,0.3509,0.0,1.8713,0.0
250,-62.8251,-11.7804,0.469,0.7,0.0,3.9815,0.3574,0.0,1.8806,0.0
251,-62.3682,-11.8731,0.4694,0.7,0.0,3.9926,0.3639,0.0,1.8898,0.0
252,-61.9072,-11.8543,0.4697,0.7,0.0,3.9676,0.3694,0.0,1.8991,0.0
253,-62.5029,-11.8161,0.4702,0.7,0.0,4.0065,0.3759,0.0,1.9083,0.0
254,-61.7706,-11.8484,0.4706,0.7,0.0,4.0009,0.3824,0.0,1.9176,0.0
255,-62.2685,-11.8848,0.471,0.7,0.0,3.9713,0.3889,0.0,1.9269,0.0
256,-62.0418,-11.8841,0.4714,0.7,0.0,3.9833,0.3954,0.0,1.9361,0.0
257,-62.4709,-11.86,0.4718,0.7,0.0,4.0259,0.4019,0.0,1.9454,0.0
258,-62.3328,-11.8378,0.4721,0.7,0.0,3.9806,0.4083,0.0,1.9546,0.0
259,-62.0873,-11.7933,0.4725,0.7,0.0,4.0046,0.4148,0.0,1.9639,0.0
260,-61.9708,-11.8355,0.4729,0.7,0.0,4.0444,0.4222,0.0,1.9731,0.0
261,-62.4899,-11.8085,0.4733,0.7,0.0,3.9648,0.4287,0.0,1.9824,0.0
262,-62.0054,-11.8847,0.4735,0.7,0.0,4.0093,0.4352,0.0,1.9917,0.0
263,-62.2669,-11.7999,0.474,0.7,0.0,4.0194,0.4417,0.0,2.0009,0.0
264,-61.8626,-11.8529,0.4743,0.7,0.0,4.0,0.4481,0.0,2.0102,0.0
265,-62.3995,-11.8299,0.4747,0.7,0.0,3.9769,0.4556,0.0,2.0194,0.0
266,-61.9943,-11.8319,0.475,0.7,0.0,4.05,0.462,0.0,2.0287,0.0
267,-62.5228,-11.8112,0.4754,0.7,0.0,3.9796,0.4685,0.0,2.037,0.0
268,-62.4053,-11.8337,0.4758,0.7,0.0,4.0148,0.4759,0.0,2.0463,0.0
269,-62.5719,-11.7901,0.4761,0.7,0.0,3.9639,0.4824,0.0,2.0556,0.0
270,-62.3365,-11.871,0.4765,0.7,0.0,3.9944,0.4889,0.0,2.0648,0.0
271,-62.4289,-11.8596,0.4768,0.7,0.0,3.9935,0.4963,0.0,2.0741,0.0
272,-62.1258,-11.8274,0.4771,0.7,0.0,3.9963,0.5028,0.0,2.0833,0.0
273,-62.2888,-11.8748,0.4775,0.7,0.0,4.0046,0.5102,0.0,2.0926,0.0
274,-62.4456,-11.8142,0.4779,0.7,0.0,4.0111,0.5167,0.0,2.1009,0.0
275,-62.4761,-11.8786,0.4782,0.7,0.0,3.9861,0.5241,0.0,2.1102,0.0
276,-61.9531,-11.8419,0.4785,0.7,0.0,4.0269,0.5315,0.0,2.1194,0.0
277,-61.8182,-11.7569,0.4788,0.7,0.0,4.0037,0.538,0.0,2.1287,0.0
278,-62.3127,-11.8254,0.4791,0.7,0.0,3.9472,0.5454,0.0,2.138,0.0
279,-62.5153,-11.8303,0.4795,0.7,0.0,4.0009,0.5528,0.0,2.1463,0.0
280,-62.5616,-11.8166,0.4798,0.7,0.0,4.0074,0.5593,0.0,2.1556,0.0
281,-61.8336,-11.8261,0.4801,0.7,0.0,4.0259,0.5667,0.0,2.1648,0.0
282,-62.528,-11.8341,0.4804,0.7,0.0,3.9972,0.5741,0.0,2.1741,0.0
283,-62.0334,-11.8341,0.4808,0.7,0.0,3.9963,0.5815,0.0,2.1824,0.0
284,-62.389,-11.8469,0.4811,0.7,0.0,3.9426,0.588,0.0,2.1917,0.0
285,-62.099,-11.8168,0.4813,0.7,0.0,3.9954,0.5954,0.0,2.2009,0.0
286,-61.9278,-11.8449,0.4817,0.7,0.0,3.9685,0.6028,0.0,2.2102,0.0
287,-62.3079,-11.8343,0.4819,0.7,0.0,4.012,0.6102,0.0,2.2185,0.0
288,-62.0254,-11.8586,0.4822,0.7,0.0,3.9769,0.6176,0.0,2.2278,0.0
289,-62.0609,-11.828,0.4825,0.7,0.0,3.9889,0.625,0.0,2.237,0.0
290,-62.1198,-11.8805,0.4827,0.7,0.0,3.9898,0.6324,0.0,2.2454,0.0
291,-62.2351,-11.8017,0.483,0.7,0.0,4.012,0.6398,0.0,2.2546,0.0
292,-62.584,-11.8275,0.4833,0.7,0.0,3.9889,0.6472,0.0,2.2639,0.0
293,-62.3715,-11.8566,0.4836,0.7,0.0,4.012,0.6546,0.0,2.2722,0.0
294,-62.4303,-11.8766,0.4839,0.7,0.0,3.9639,0.662,0.0,2.2815,0.0
295,-62.2414,-11.8094,0.4841,0.7,0.0,4.0037,0.6694,0.0,2.2907,0.0
296,-62.3166,-11.8602,0.4843,0.7,0.0,3.9806,0.6769,0.0,2.2991,0.0
297,-62.329,-11.8407,0.4846,0.7,0.0,4.0102,0.6843,0.0,2.3083,0.0
298,-62.4301,-11.8778,0.4849,0.7,0.0,4.0102,0.6917,0.0,2.3176,0.0
299,-62.3565,-11.8388,0.4851,0.7,0.0,4.0167,0.6991,0.0,2.3259,0.0
300,-62.0316,-11.7859,0.4854,0.7,0.0,4.0083,0.7065,0.0,2.3352,0.0
301,-62.3213,-11.8293,0.4856,0.7,0.0,3.988,0.7139,0.0,2.3444,0.0
302,-62.0741,-11.8161,0.4859,0.7,0.0,4.0102,0.7222,0.0,2.3528,0.0
303,-62.1095,-11.8122,0.4862,0.7,0.0,3.9981,0.7296,0.0,2.362,0.0
304,-61.7259,-11.8114,0.4865,0.7,0.0,3.8926,0.737,0.0,2.3704,0.0
305,-62.1331,-11.7955,0.4867,0.7,0.0,4.0556,0.7444,0.0,2.3796,0.0
306,-62.3962,-11.874,0.4869,0.7,0.0,4.0213,0.7519,0.0,2.3889,0.0
307,-62.3244,-11.8234,0.4872,0.7,0.0,3.9926,0.7602,0.0,2.3972,0.0
308,-62.1434,-11.8394,0.4873,0.7,0.0,3.975,0.7676,0.0,2.4065,0.0
309,-62.7472,-11.8212,0.4876,0.7,0.0,3.9444,0.775,0.0,2.4148,0.0
310,-62.034,-11.8247,0.4878,0.7,0.0,4.0028,0.7833,0.0,2.4241,0.0
311,-62.4286,-11.8167,0.488,0.7,0.0,4.0213,0.7907,0.0,2.4324,0.0
312,-62.4923,-11.8137,0.4883,0.7,0.0,3.9472,0.7981,0.0,2.4417,0.0009
313,-62.1836,-11.7393,0.4885,0.7,0.0,3.9806,0.8065,0.0,2.4509,0.0009
314,-62.0622,-11.8557,0.4888,0.7,0.0,4.013,0.8139,0.0019,2.4593,0.0019
315,-61.9669,-11.8188,0.489,0.7,0.0,4.0,0.8222,0.0028,2.4685,0.0046
316,-62.2741,-11.825,0.4892,0.7,0.0,4.0296,0.8296,0.0046,2.4769,0.0056
317,-62.3668,-11.7411,0.4895,0.7,0.0,3.9889,0.837,0.0083,2.4861,0.0093
318,-61.9605,-11.8063,0.4897,0.7,0.0,4.0491,0.8454,0.0111,2.4944,0.012
319,-62.9412,-11.8235,0.4899,0.7,0.0,4.0065,0.8528,0.012,2.5037,0.0167
320,-62.2636,-11.8021,0.4902,0.7,0.0014,4.0287,0.8611,0.0213,2.512,0.0241
321,-62.2534,-11.8357,0.4904,0.7,0.0028,3.9537,0.8685,0.0296,2.5213,0.0315
322,-62.7257,-11.8211,0.4906,0.7,0.0028,3.9306,0.8769,0.0398,2.5296,0.0407
323,-61.6563,-11.7453,0.4908,0.7,0.0,3.9537,0.8852,0.0537,2.5389,0.0556
324,-61.7541,-11.8706,0.491,0.7,0.0042,3.9861,0.8926,0.0657,2.5472,0.0694
325,-62.4039,-11.765,0.4913,0.7,0.0042,3.9972,0.9009,0.0815,2.5556,0.0861
326,-62.4201,-11.7955,0.4915,0.7,0.0042,4.0083,0.9083,0.1009,2.5648,0.1046
327,-62.608,-11.8547,0.4917,0.7,0.0028,3.9769,0.9167,0.1278,2.5731,0.1333
328,-62.3634,-11.7684,0.4919,0.7,0.0111,3.9741,0.9241,0.1593,2.5824,0.1759
329,-62.0487,-11.8396,0.4922,0.7,0.0069,4.0796,0.9324,0.1926,2.5907,0.2
330,-61.9158,-11.8603,0.4924,0.7,0.0139,3.9898,0.9407,0.2194,2.6,0.2333
331,-62.2557,-11.7929,0.4927,0.7,0.0097,3.9991,0.9481,0.2565,2.6083,0.2722
332,-62.5978,-11.7733,0.493,0.7,0.0139,4.0102,0.9565,0.287,2.6176,0.3111
333,-62.9575,-11.7982,0.4932,0.7,0.0083,3.9315,0.9648,0.3306,2.6259,0.3537
334,-62.4509,-11.7957,0.4935,0.7,0.0153,3.9963,0.9731,0.3648,2.6343,0.3963
335,-62.2376,-11.7885,0.4938,0.7,0.0236,4.0222,0.9806,0.4083,2.6435,0.437
336,-62.5522,-11.786,0.494,0.7,0.0167,4.0065,0.9889,0.4583,2.6519,0.4861
337,-62.8267,-11.866,0.4943,0.7,0.0139,4.0139,0.9972,0.4991,2.6602,0.5278
338,-62.6156,-11.7906,0.4947,0.7,0.0264,4.0176,1.0056,0.538,2.6694,0.5685
339,-62.3114,-11.7893,0.495,0.7,0.0347,3.988,1.0139,0.5806,2.6778,0.6056
340,-62.0905,-11.7773,0.4954,0.7,0.0167,4.0296,1.0213,0.6139,2.687,0.65
341,-62.3211,-11.7883,0.4957,0.7,0.0236,4.0296,1.0296,0.6519,2.6954,0.688
342,-61.6225,-11.807,0.496,0.7,0.0306,4.0,1.038,0.6926,2.7037,0.7287
343,-62.097,-11.7847,0.4963,0.7,0.0264,3.9796,1.0463,0.7287,2.713,0.7593
344,-62.1893,-11.7784,0.4967,0.7,0.0306,3.9917,1.0546,0.7648,2.7213,0.8
345,-61.9908,-11.768,0.497,0.7,0.025,4.0463,1.063,0.7981,2.7296,0.8296
346,-62.2638,-11.8325,0.4973,0.7,0.025,4.0019,1.0713,0.8278,2.738,0.8574
347,-62.572,-11.8318,0.4977,0.7,0.0333,4.0148,1.0796,0.8537,2.7472,0.8806
348,-62.3458,-11.8478,0.498,0.7,0.0347,4.0111,1.088,0.8704,2.7556,0.8954
349,-62.0366,-11.8275,0.4984,0.7,0.0444,3.9861,1.0963,0.8889,2.7639,0.9148
350,-62.2232,-11.854,0.4988,0.7,0.0319,4.0602,1.1046,0.9102,2.7722,0.9343
351,-62.4241,-11.8112,0.4991,0.7,0.0361,3.9972,1.113,0.925,2.7815,0.9472
352,-62.6422,-11.808,0.4995,0.7,0.0486,3.9917,1.1213,0.9398,2.7898,0.963
353,-62.0475,-11.7828,0.4998,0.7,0.0292,3.9704,1.1296,0.9472,2.7981,0.9796
354,-62.4214,-11.7663,0.5001,0.7,0.0306,3.987,1.138,0.9583,2.8065,0.9861
355,-62.5416,-11.772,0.5005,0.7,0.0431,3.9852,1.1472,0.9657,2.8157,0.9954
356,-62.157,-11.7592,0.5009,0.7,0.0389,4.0009,1.1556,0.9769,2.8241,1.0019
357,-62.0746,-11.7751,0.5012,0.7,0.0389,3.9861,1.1639,0.9796,2.8324,1.0083
358,-62.0084,-11.7956,0.5016,0.7,0.0306,4.0037,1.1722,0.9833,2.8407,1.0111
359,-62.4672,-11.8238,0.5019,0.7,0.0403,3.937,1.1815,0.9833,2.8491,1.0167
360,-62.0549,-11.794,0.5022,0.7,0.0292,4.0167,1.1898,0.987,2.8574,1.0176
361,-61.905,-11.824,0.5025,0.7,0.0472,3.9889,1.1981,0.9889,2.8657,1.0204
362,-62.1648,-11.8332,0.5029,0.7,0.0333,3.9759,1.2065,0.9907,2.875,1.0222
363,-62.2926,-11.7975,0.5032,0.7,0.0528,4.0185,1.2157,0.9935,2.8833,1.0241
364,-61.6645,-11.7689,0.5035,0.7,0.0556,4.0056,1.2241,0.9954,2.8917,1.0259
365,-62.3809,-11.8449,0.5038,0.7,0.0306,4.012,1.2324,0.9972,2.9,1.0269
366,-62.7333,-11.7472,0.5042,0.7,0.0444,4.0343,1.2417,0.9981,2.9083,1.0269
367,-62.2865,-11.8009,0.5045,0.7,0.0514,4.0083,1.25,0.9991,2.9167,1.0287
368,-62.4532,-11.7593,0.5048,0.7,0.05,4.0083,1.2593,0.9991,2.925,1.0287
369,-62.2948,-11.8153,0.5051,0.7,0.0292,4.0426,1.2676,0.9991,2.9333,1.0287
370,-62.2126,-11.8073,0.5054,0.7,0.0431,3.9889,1.2769,0.9991,2.9417,1.0296
371,-62.2506,-11.8192,0.5058,0.7,0.0431,4.0222,1.2852,0.9991,2.95,1.0296
372,-61.8911,-11.8064,0.5061,0.7,0.0361,4.0065,1.2944,1.0,2.9583,1.0296
373,-62.003,-11.828,0.5064,0.7,0.0514,3.9861,1.3028,1.0,2.9667,1.0296
374,-62.3797,-11.7763,0.5068,0.7,0.0486,3.9852,1.312,1.0,2.975,1.0296
375,-62.4555,-11.7903,0.5071,0.7,0.05,3.9954,1.3204,1.0,2.9833,1.0296
376,-62.394,-11.8649,0.5073,0.7,0.0458,4.038,1.3296,1.0,2.9917,1.0296
377,-61.9902,-11.7933,0.5076,0.7,0.0556,3.9546,1.338,1.0,3.0,1.0296
378,-62.1535,-11.7297,0.5079,0.7,0.0444,3.9694,1.3472,1.0,3.0083,1.0296
379,-62.6231,-11.7876,0.5082,0.7,0.0278,4.0231,1.3565,1.0,3.0167,1.0296
380,-61.9491,-11.8103,0.5084,0.7,0.0472,3.9602,1.3648,1.0,3.025,1.0296
381,-62.1049,-11.7931,0.5087,0.7,0.0444,3.9537,1.3741,1.0,3.0333,1.0296
382,-62.0453,-11.7292,0.509,0.7,0.0444,4.0157,1.3824,1.0,3.0417,1.0296
383,-62.2064,-11.8091,0.5093,0.7,0.0458,3.9657,1.3917,1.0,3.05,1.0296
384,-62.0883,-11.788,0.5096,0.7,0.0431,3.9685,1.4009,1.0,3.0583,1.0296
385,-62.4064,-11.8207,0.5098,0.7,0.0375,3.9833,1.4093,1.0,3.0667,1.0296
386,-61.8779,-11.8181,0.51,0.7,0.0597,4.0222,1.4185,1.0,3.0741,1.0296
387,-62.5056,-11.7858,0.5103,0.7,0.0444,3.975,1.4278,1.0,3.0824,1.0296
388,-62.4543,-11.7937,0.5106,0.7,0.0417,3.9704,1.437,1.0,3.0907,1.0296
389,-61.9158,-11.7901,0.5108,0.7,0.0472,3.9352,1.4454,1.0,3.0991,1.0296
390,-62.0362,-11.8268,0.5111,0.7,0.0333,4.0454,1.4546,1.0,3.1074,1.0296
391,-61.763,-11.8255,0.5113,0.7,0.0444,4.0083,1.4639,1.0,3.1157,1.0296
392,-61.8674,-11.8378,0.5115,0.7,0.0403,4.0,1.4731,1.0,3.1231,1.0296
393,-62.5664,-11.7744,0.5118,0.7,0.0403,3.9861,1.4815,1.0,3.1315,1.0296
394,-62.1833,-11.8354,0.512,0.7,0.0417,4.0639,1.4907,1.0,3.1398,1.0296
395,-62.3339,-11.8034,0.5123,0.7,0.0375,3.9787,1.5,1.0,3.1481,1.0296
396,-62.3891,-11.8355,0.5125,0.7,0.0458,3.9907,1.5093,1.0,3.1565,1.0296
397,-62.5445,-11.8609,0.5127,0.7,0.0347,3.9639,1.5185,1.0,3.1639,1.0296
398,-62.3645,-11.8396,0.5129,0.7,0.0444,3.9926,1.5269,1.0,3.1722,1.0296
399,-62.3397,-11.8156,0.5131,0.7,0.0319,3.9861,1.5361,1.0,3.1806,1.0296
400,-62.2385,-11.8552,0.5133,0.7,0.0375,3.9843,1.5454,1.0,3.1889,1.0296
401,-62.5233,-11.7947,0.5136,0.7,0.0375,4.0194,1.5546,1.0,3.1972,1.0296
402,-62.652,-11.7795,0.5138,0.7,0.0361,3.9833,1.5639,1.0,3.2046,1.0296
403,-61.8848,-11.7656,0.514,0.7,0.0389,4.013,1.5731,1.0,3.213,1.0296
404,-62.3928,-11.7726,0.5142,0.7,0.0444,3.938,1.5824,1.0,3.2213,1.0296
405,-62.0972,-11.8105,0.5144,0.7,0.0347,4.0148,1.5917,1.0,3.2296,1.0296
406,-62.0459,-11.7856,0.5146,0.7,0.0319,4.0046,1.6,1.0,3.237,1.0296
407,-62.4236,-11.7969,0.5148,0.7,0.0528,4.0509,1.6093,1.0,3.2454,1.0296
408,-62.2149,-11.8283,0.515,0.7,0.0417,3.9861,1.6185,1.0,3.2537,1.0296
409,-62.5075,-11.7785,0.5152,0.7,0.0542,3.9833,1.6278,1.0,3.2611,1.0296
410,-62.3853,-11.8631,0.5154,0.7,0.0375,4.0361,1.637,1.0,3.2694,1.0296
411,-62.2253,-11.8454,0.5156,0.7,0.0444,3.9963,1.6463,1.0,3.2778,1.0296
412,-62.1367,-11.8346,0.5158,0.7,0.0514,3.9852,1.6556,1.0,3.2852,1.0296
413,-62.7605,-11.7717,0.5161,0.7,0.0444,3.9889,1.6648,1.0,3.2935,1.0296
414,-62.2661,-11.8146,0.5162,0.7,0.0514,4.0111,1.6741,1.0,3.3019,1.0296
415,-62.4625,-11.7626,0.5164,0.7,0.0486,4.0537,1.6833,1.0,3.3093,1.0306
416,-61.7619,-11.7727,0.5166,0.7,0.0486,4.0324,1.6926,1.0,3.3176,1.0306
417,-62.4406,-11.816,0.5168,0.7,0.0264,4.0352,1.7019,1.0,3.3259,1.0306
418,-61.7356,-11.8391,0.5169,0.7,0.0472,3.9824,1.7111,1.0,3.3333,1.0306
419,-61.9227,-11.7894,0.5172,0.7,0.0389,4.0213,1.7204,1.0,3.3417,1.0306
420,-62.4005,-11.8758,0.5174,0.7,0.0458,3.9667,1.7296,1.0,3.35,1.0315
421,-62.4123,-11.7587,0.5176,0.7,0.0625,4.0176,1.7389,1.0,3.3574,1.0333
422,-62.157,-11.7838,0.5177,0.7,0.0431,4.0056,1.7481,1.0009,3.3657,1.0333
423,-62.2259,-11.7562,0.5179,0.7,0.05,3.9759,1.7574,1.0019,3.3731,1.0333
424,-62.563,-11.82,0.5181,0.7,0.0347,3.9602,1.7667,1.0028,3.3815,1.0352
425,-62.2134,-11.7718,0.5183,0.7,0.0472,4.0056,1.7759,1.0037,3.3898,1.038
426,-62.313,-11.7277,0.5184,0.7,0.0556,4.062,1.7852,1.0056,3.3972,1.0407
427,-61.8318,-11.8289,0.5186,0.7,0.05,3.9676,1.7944,1.0102,3.4056,1.0417
428,-62.4903,-11.8387,0.5188,0.7,0.0472,4.0056,1.8037,1.0148,3.413,1.0463
429,-62.7201,-11.8187,0.519,0.7,0.0625,3.9991,1.8139,1.0213,3.4213,1.0546
430,-61.7108,-11.7963,0.5191,0.7,0.0458,3.987,1.8231,1.0259,3.4287,1.0565
431,-62.2152,-11.7949,0.5193,0.7,0.0444,3.9981,1.8324,1.0287,3.437,1.0639
432,-62.2232,-11.7605,0.5195,0.7,0.0375,4.0102,1.8417,1.037,3.4454,1.075
433,-61.9138,-11.8018,0.5197,0.7,0.0389,4.037,1.8509,1.0463,3.4528,1.087
434,-62.3669,-11.8464,0.5198,0.7,0.0458,3.9519,1.8602,1.0556,3.4611,1.0991
435,-61.835,-11.7916,0.52,0.7,0.0611,4.0491,1.8694,1.0657,3.4685,1.1093
436,-62.5505,-11.7813,0.5202,0.7,0.0486,4.0417,1.8787,1.0907,3.4769,1.1315
437,-62.0478,-11.8159,0.5204,0.7,0.0486,4.0102,1.888,1.1259,3.4843,1.1519
438,-62.4542,-11.7689,0.5206,0.7,0.0514,3.9861,1.8981,1.1546,3.4926,1.1713
439,-62.014,-11.7969,0.5207,0.7,0.05,4.0111,1.9074,1.1806,3.5,1.1963
440,-62.3647,-11.793,0.5209,0.7,0.0625,4.0083,1.9167,1.2046,3.5083,1.2241
441,-62.4839,-11.828,0.521,0.7,0.0403,4.0028,1.9259,1.237,3.5157,1.2639
442,-61.8815,-11.7774,0.5213,0.7,0.0625,4.0111,1.9352,1.2537,3.5241,1.2981
443,-61.7,-11.7913,0.5215,0.7,0.05,3.9778,1.9444,1.288,3.5315,1.3352
444,-62.0938,-11.8204,0.5217,0.7,0.0389,3.9972,1.9537,1.3296,3.5398,1.3833
445,-61.5283,-11.8131,0.5219,0.7,0.0444,3.9991,1.9639,1.3657,3.5472,1.4231
446,-62.0023,-11.7843,0.5222,0.7,0.05,3.9593,1.9731,1.4056,3.5546,1.4694
447,-62.5884,-11.7505,0.5225,0.7,0.0625,3.988,1.9824,1.4398,3.563,1.5083
448,-62.2616,-11.7856,0.5228,0.7,0.0764,3.9787,1.9917,1.4741,3.5704,1.5352
449,-62.3137,-11.7668,0.523,0.7,0.0722,4.0898,2.0009,1.5093,3.5787,1.5722
450,-62.4785,-11.787,0.5233,0.7,0.0639,3.9889,2.0111,1.5454,3.5861,1.5991
451,-62.1945,-11.6929,0.5236,0.7,0.0833,3.9648,2.0204,1.587,3.5944,1.6426
452,-62.0133,-11.773,0.5238,0.7,0.0764,4.112,2.0296,1.6315,3.6019,1.6787
453,-62.0415,-11.754,0.5241,0.7,0.0625,3.9722,2.0389,1.663,3.6093,1.7194
454,-62.5025,-11.7803,0.5244,0.7,0.0681,4.0176,2.0491,1.688,3.6176,1.7481
455,-62.7583,-11.7555,0.5246,0.7,0.0708,3.9676,2.0583,1.7148,3.625,1.7778
456,-62.2034,-11.771,0.5249,0.7,0.0639,3.9648,2.0676,1.7463,3.6324,1.8046
457,-62.0591,-11.7376,0.5253,0.7,0.0764,4.0222,2.0769,1.775,3.6407,1.8333
458,-61.9695,-11.7378,0.5257,0.7,0.0653,3.9981,2.087,1.8093,3.6481,1.8574
459,-61.877,-11.8508,0.526,0.7,0.0569,4.0102,2.0963,1.8324,3.6556,1.8759
460,-62.5772,-11.8138,0.5263,0.7,0.0653,4.0444,2.1056,1.8583,3.6639,1.8954
461,-61.8452,-11.7725,0.5266,0.7,0.0861,4.0194,2.1157,1.8833,3.6713,1.9157
462,-61.3803,-11.7613,0.5269,0.7,0.0833,3.9963,2.125,1.9037,3.6787,1.9324
463,-61.9826,-11.7648,0.5272,0.7,0.0931,3.9565,2.1343,1.9213,3.687,1.9491
464,-62.2221,-11.8142,0.5275,0.7,0.0986,4.0231,2.1444,1.9296,3.6944,1.9602
465,-62.2717,-11.7957,0.5278,0.7,0.075,4.0019,2.1537,1.937,3.7019,1.9722
466,-62.4755,-11.7784,0.5281,0.7,0.0694,3.9593,2.1639,1.95,3.7093,1.9861
467,-62.445,-11.7595,0.5284,0.7,0.0792,3.9926,2.1731,1.9528,3.7176,1.9926
468,-62.278,-11.7655,0.5286,0.7,0.0972,4.037,2.1824,1.9602,3.725,1.9981
469,-62.0254,-11.7901,0.5289,0.7,0.1097,4.0537,2.1926,1.9685,3.7324,2.0037
470,-61.9288,-11.793,0.5292,0.7,0.0917,4.0157,2.2019,1.975,3.7398,2.012
471,-61.6409,-11.7632,0.5296,0.7,0.0736,3.9657,2.212,1.9843,3.7472,2.0167
472,-62.4818,-11.757,0.5298,0.7,0.0764,4.0639,2.2213,1.9852,3.7546,2.0194
473,-62.315,-11.7224,0.5301,0.7,0.0861,3.987,2.2306,1.987,3.763,2.0213
474,-62.4943,-11.7322,0.5305,0.7,0.0972,4.0611,2.2407,1.9898,3.7704,2.0241
475,-62.3998,-11.7637,0.5307,0.7,0.0958,4.0602,2.25,1.9917,3.7778,2.0278
476,-62.2157,-11.7705,0.531,0.7,0.0778,4.0148,2.2602,1.9944,3.7852,2.0306
477,-62.3227,-11.7983,0.5314,0.7,0.0903,3.9963,2.2694,1.9963,3.7926,2.0324
478,-62.0318,-11.7357,0.5317,0.7,0.0986,4.0287,2.2796,1.9972,3.8,2.0343
479,-62.0036,-11.7208,0.532,0.7,0.1153,4.0481,2.2889,1.9991,3.8074,2.0361
480,-61.6655,-11.7788,0.5322,0.7,0.0903,3.9815,2.2991,1.9991,3.8148,2.0361
481,-61.8767,-11.7508,0.5325,0.7,0.0931,3.9843,2.3083,1.9991,3.8231,2.0361
482,-62.6372,-11.7622,0.5328,0.7,0.0819,3.9463,2.3185,1.9991,3.8306,2.037
483,-61.8852,-11.7636,0.5331,0.7,0.0889,3.9444,2.3278,2.0,3.838,2.037
484,-61.8731,-11.756,0.5334,0.7,0.1125,3.9843,2.338,2.0,3.8454,2.037
485,-62.14,-11.7845,0.5337,0.7,0.0806,3.9815,2.3472,2.0,3.8528,2.037
486,-62.0161,-11.7287,0.5339,0.7,0.0833,4.0324,2.3574,2.0,3.8602,2.038
487,-62.0962,-11.7919,0.5342,0.7,0.0708,3.9954,2.3667,2.0,3.8676,2.0398
488,-62.1401,-11.8313,0.5344,0.7,0.0583,4.0352,2.3769,2.0,3.875,2.0398
489,-62.1235,-11.7387,0.5347,0.7,0.0583,4.0611,2.3861,2.0,3.8824,2.0398
490,-61.968,-11.771,0.5349,0.7,0.0653,3.9843,2.3963,2.0,3.8898,2.0398
491,-61.9586,-11.8036,0.5352,0.7,0.0611,4.0028,2.4056,2.0,3.8972,2.0398
492,-62.288,-11.7774,0.5354,0.7,0.1139,3.9722,2.4157,2.0,3.9046,2.0398
493,-61.8422,-11.7774,0.5357,0.7,0.0681,3.9981,2.425,2.0,3.9111,2.0398
494,-62.3776,-11.798,0.5359,0.7,0.0875,4.0028,2.4352,2.0,3.9185,2.0398
495,-62.0204,-11.7373,0.5362,0.7,0.075,4.037,2.4444,2.0,3.9259,2.0398
496,-62.558,-11.7554,0.5364,0.7,0.0792,3.9954,2.4546,2.0,3.9333,2.0398
497,-62.4244,-11.7866,0.5367,0.7,0.0792,4.0139,2.4648,2.0,3.9407,2.0398
498,-62.4078,-11.7468,0.5369,0.7,0.0778,3.9713,2.4741,2.0,3.9481,2.0398
499,-62.6179,-11.7478,0.5372,0.7,0.0667,4.0472,2.4843,2.0,3.9556,2.0398
500,-62.122,-11.7988,0.5373,0.7,0.0931,4.0389,2.4935,2.0,3.963,2.0398
501,-61.407,-11.7399,0.5376,0.7,0.0931,4.0056,2.5037,2.0,3.9704,2.0398
502,-62.7328,-11.7986,0.5379,0.7,0.0708,3.9167,2.513,2.0,3.9778,2.0398
503,-61.9863,-11.8134,0.5381,0.7,0.0694,4.0259,2.5231,2.0,3.9843,2.0398
504,-62.1091,-11.7784,0.5384,0.7,0.0875,4.0519,2.5333,2.0,3.9917,2.0398
505,-61.6598,-11.7725,0.5386,0.7,0.1181,3.9324,2.5426,2.0,3.9991,2.0398
506,-61.9913,-11.7753,0.5388,0.7,0.0694,3.963,2.5528,2.0,4.0065,2.0398
507,-62.2142,-11.7793,0.539,0.7,0.0861,4.0148,2.562,2.0,4.0139,2.0398
508,-62.186,-11.8106,0.5392,0.7,0.0722,3.9991,2.5722,2.0,4.0204,2.0398
509,-62.2002,-11.7382,0.5395,0.7,0.0819,4.0167,2.5824,2.0,4.0278,2.0398
510,-61.6155,-11.7589,0.5397,0.7,0.0833,4.0269,2.5917,2.0,4.0352,2.0398
511,-61.9646,-11.7722,0.5399,0.7,0.1083,3.9917,2.6019,2.0,4.0426,2.0398
512,-61.7475,-11.8384,0.5401,0.7,0.0847,3.9519,2.6111,2.0,4.05,2.0398
513,-62.6166,-11.7777,0.5403,0.7,0.0778,4.0,2.6213,2.0,4.0565,2.0398
514,-62.0184,-11.7409,0.5406,0.7,0.1125,4.0324,2.6315,2.0,4.0639,2.0398
515,-62.3301,-11.7664,0.5408,0.7,0.0944,3.925,2.6407,2.0,4.0713,2.0398
516,-62.4208,-11.7697,0.541,0.7,0.075,3.9722,2.6509,2.0,4.0778,2.0398
517,-62.2668,-11.7804,0.5412,0.7,0.0708,4.0046,2.6611,2.0,4.0852,2.0398
518,-62.0465,-11.7921,0.5415,0.7,0.0792,4.013,2.6704,2.0,4.0926,2.0398
519,-61.8635,-11.7921,0.5417,0.7,0.0972,3.9713,2.6806,2.0,4.1,2.0398
520,-61.9814,-11.8079,0.5418,0.7,0.0722,4.0194,2.6898,2.0,4.1065,2.0398
521,-62.6156,-11.7533,0.5421,0.7,0.1042,4.0324,2.7,2.0,4.1139,2.0398
522,-62.2865,-11.7425,0.5423,0.7,0.0875,3.9657,2.7102,2.0,4.1213,2.0398
523,-62.0034,-11.8134,0.5424,0.7,0.0875,3.9954,2.7194,2.0009,4.1278,2.0407
524,-62.113,-11.7457,0.5426,0.7,0.0903,3.9991,2.7296,2.0028,4.1352,2.0407
525,-62.1193,-11.7209,0.5429,0.7,0.0889,4.0046,2.7398,2.0028,4.1426,2.0417
526,-61.9802,-11.7936,0.543,0.7,0.0736,3.9843,2.7491,2.0037,4.1491,2.0435
527,-62.1319,-11.823,0.5432,0.7,0.0667,3.9889,2.7593,2.0046,4.1565,2.0444
528,-62.0824,-11.7233,0.5434,0.7,0.0861,4.0509,2.7685,2.0093,4.1639,2.0481
529,-62.131,-11.775,0.5436,0.7,0.0667,4.0352,2.7787,2.0148,4.1704,2.0528
530,-62.3077,-11.7658,0.5438,0.7,0.1014,4.0046,2.7889,2.0176,4.1778,2.0556
531,-62.6241,-11.7127,0.5441,0.7,0.0917,3.9694,2.7981,2.0222,4.1843,2.0602
532,-62.281,-11.7616,0.5442,0.7,0.0639,4.0278,2.8083,2.025,4.1917,2.0657
533,-62.2665,-11.7618,0.5445,0.7,0.1042,3.9778,2.8185,2.0315,4.1991,2.075
534,-62.215,-11.7865,0.5447,0.7,0.0944,3.9565,2.8278,2.0407,4.2056,2.0824
535,-62.0158,-11.7636,0.5448,0.7,0.0806,4.0028,2.838,2.0546,4.213,2.0963
536,-61.2895,-11.78,0.5449,0.7,0.0653,4.0,2.8481,2.0676,4.2194,2.1102
537,-62.2886,-11.7369,0.5451,0.7,0.0833,4.0185,2.8574,2.0861,4.2269,2.1306
538,-62.3292,-11.7701,0.5453,0.7,0.0764,4.0046,2.8676,2.1093,4.2333,2.1509
539,-62.6198,-11.7841,0.5455,0.7,0.0681,4.025,2.8769,2.1361,4.2407,2.1778
540,-62.2089,-11.8027,0.5457,0.7,0.0847,3.9981,2.887,2.1556,4.2472,2.1972
541,-62.0108,-11.7666,0.5458,0.7,0.0931,4.0667,2.8972,2.187,4.2546,2.2222
542,-62.8158,-11.7157,0.5461,0.7,0.1125,3.9222,2.9065,2.2083,4.2611,2.237
543,-62.0643,-11.8051,0.5462,0.7,0.0917,3.9898,2.9167,2.2278,4.2685,2.2685
544,-62.636,-11.7239,0.5466,0.7,0.1042,3.9333,2.9269,2.2593,4.2759,2.3
545,-62.0494,-11.761,0.5467,0.7,0.0861,4.0056,2.9361,2.2935,4.2824,2.3454
546,-61.9554,-11.7108,0.547,0.7,0.0931,3.9954,2.9463,2.3324,4.2889,2.3824
547,-62.1212,-11.7515,0.5472,0.7,0.1069,4.0,2.9565,2.3694,4.2963,2.4306
548,-62.3383,-11.7426,0.5474,0.7,0.1361,3.9796,2.9657,2.4019,4.3028,2.4667
549,-62.4681,-11.7506,0.5476,0.7,0.1111,3.987,2.9759,2.4435,4.3102,2.5074
550,-62.5169,-11.8067,0.5479,0.7,0.0931,4.0111,2.9861,2.4769,4.3167,2.5361
551,-62.2416,-11.7629,0.5482,0.7,0.1097,3.9796,2.9954,2.5019,4.3241,2.5676
552,-62.2739,-11.7208,0.5485,0.7,0.1208,3.9917,3.0056,2.5417,4.3306,2.6046
553,-62.1282,-11.7186,0.5488,0.7,0.1264,4.0093,3.0157,2.5648,4.338,2.6417
554,-62.4964,-11.752,0.5491,0.7,0.1208,3.9454,3.025,2.5991,4.3444,2.6778
555,-62.0986,-11.7244,0.5493,0.7,0.1236,4.0306,3.0352,2.6324,4.3509,2.7157
556,-62.3301,-11.6995,0.5497,0.7,0.0958,4.013,3.0454,2.662,4.3583,2.75
557,-62.1318,-11.7803,0.5499,0.7,0.1111,4.0093,3.0546,2.6917,4.3648,2.7843
558,-62.5019,-11.7371,0.5503,0.7,0.1542,4.0194,3.0648,2.7185,4.3713,2.8093
559,-61.5748,-11.7349,0.5505,0.7,0.1222,4.0204,3.075,2.7454,4.3787,2.8361
560,-62.0688,-11.7184,0.5509,0.7,0.1306,3.9657,3.0843,2.7759,4.3852,2.8583
561,-61.8791,-11.7366,0.5511,0.7,0.1347,4.0194,3.0944,2.8056,4.3917,2.8815
562,-62.1567,-11.6694,0.5514,0.7,0.1514,3.9889,3.1046,2.8259,4.3991,2.8981
563,-62.1262,-11.7009,0.5518,0.7,0.1111,4.0065,3.1139,2.8491,4.4056,2.9185
564,-62.363,-11.715,0.5521,0.7,0.1278,3.9954,3.1241,2.8759,4.412,2.9417
565,-62.0353,-11.759,0.5524,0.7,0.1069,3.9889,3.1333,2.8861,4.4194,2.9602
566,-62.4119,-11.7724,0.5527,0.7,0.1153,4.0157,3.1435,2.8981,4.4259,2.975
567,-62.3794,-11.7122,0.5531,0.7,0.1417,3.9583,3.1537,2.9148,4.4324,2.9889
568,-61.8125,-11.7271,0.5534,0.7,0.1347,3.9806,3.163,2.9231,4.4389,2.9944
569,-62.2912,-11.6802,0.5538,0.7,0.1333,4.025,3.1731,2.9361,4.4454,3.0065
570,-62.3209,-11.7665,0.554,0.7,0.0972,3.9898,3.1833,2.9435,4.4528,3.0111
571,-62.4211,-11.7723,0.5543,0.7,0.1222,4.0176,3.1926,2.9519,4.4593,3.0222
572,-62.5566,-11.7037,0.5547,0.7,0.1319,3.9759,3.2028,2.9602,4.4657,3.0306
573,-62.5607,-11.7359,0.555,0.7,0.1556,3.9954,3.213,2.9667,4.4722,3.037
574,-62.3223,-11.7266,0.5554,0.7,0.1403,4.0213,3.2222,2.9769,4.4787,3.0417
575,-62.1863,-11.7853,0.5557,0.7,0.1431,4.037,3.2324,2.9796,4.4852,3.0454
576,-62.1627,-11.7565,0.556,0.7,0.1194,3.9852,3.2426,2.9815,4.4926,3.0463
577,-62.0988,-11.7208,0.5562,0.7,0.1431,4.0407,3.2519,2.9833,4.4991,3.05
578,-62.3948,-11.713,0.5566,0.7,0.1319,4.0083,3.262,2.987,4.5056,3.0519
579,-62.4153,-11.7324,0.5569,0.7,0.0972,3.9528,3.2722,2.9898,4.512,3.0528
580,-62.1511,-11.6449,0.5572,0.7,0.1361,4.0037,3.2815,2.9926,4.5185,3.0556
581,-62.1116,-11.7221,0.5575,0.7,0.1208,3.9991,3.2917,2.9926,4.525,3.0565
582,-62.2846,-11.691,0.5578,0.7,0.1222,3.9806,3.3009,2.9963,4.5315,3.0593
583,-62.0753,-11.7286,0.5581,0.7,0.1306,4.0148,3.3111,2.9972,4.538,3.0602
584,-62.2977,-11.7151,0.5584,0.7,0.1389,3.9963,3.3213,2.9991,4.5444,3.0611
585,-62.571,-11.7107,0.5587,0.7,0.1583,4.0019,3.3306,3.0,4.5509,3.062
586,-62.3325,-11.713,0.559,0.7,0.1514,3.9787,3.3407,3.0,4.5574,3.062
587,-62.1298,-11.6512,0.5593,0.7,0.1736,3.9907,3.3509,3.0,4.5639,3.062
588,-62.365,-11.7377,0.5595,0.7,0.1014,3.9898,3.3602,3.0,4.5704,3.062
589,-62.0495,-11.8234,0.5597,0.7,0.1069,3.9926,3.3704,3.0,4.5769,3.0639
590,-61.9463,-11.726,0.56,0.7,0.1556,4.0343,3.3796,3.0,4.5833,3.0639
591,-61.9762,-11.7458,0.5603,0.7,0.1514,3.9824,3.3898,3.0,4.5898,3.0639
592,-61.4914,-11.6772,0.5606,0.7,0.1625,3.9843,3.4,3.0,4.5963,3.0639
593,-62.1543,-11.6333,0.5608,0.7,0.1458,4.0676,3.4093,3.0,4.6019,3.0648
594,-62.1418,-11.7656,0.5611,0.7,0.1111,3.9852,3.4194,3.0,4.6083,3.0657
595,-62.2533,-11.7016,0.5613,0.7,0.1167,4.075,3.4287,3.0,4.6148,3.0657
596,-62.207,-11.7371,0.5616,0.7,0.1819,3.9778,3.4389,3.0,4.6213,3.0657
597,-62.4319,-11.7339,0.5618,0.7,0.1444,4.0009,3.4491,3.0,4.6278,3.0657
598,-62.5075,-11.6936,0.5621,0.7,0.1444,3.9806,3.4583,3.0,4.6343,3.0657
599,-62.4611,-11.72,0.5623,0.7,0.1181,3.9907,3.4685,3.0,4.6407,3.0667
600,-62.0511,-11.6996,0.5626,0.7,0.1569,4.0222,3.4778,3.0,4.6463,3.0667
601,-62.1436,-11.6938,0.5629,0.7,0.1417,3.9963,3.488,3.0,4.6528,3.0667
602,-62.5675,-11.7186,0.5631,0.7,0.1514,3.987,3.4972,3.0,4.6593,3.0667
603,-62.1716,-11.7247,0.5633,0.7,0.1306,3.9676,3.5074,3.0,4.6657,3.0667
604,-62.6355,-11.7309,0.5636,0.7,0.1375,3.9731,3.5176,3.0,4.6722,3.0667
605,-62.2784,-11.7518,0.5638,0.7,0.1417,3.9694,3.5269,3.0,4.6778,3.0667
606,-62.1471,-11.712,0.564,0.7,0.1333,3.9898,3.537,3.0,4.6843,3.0667
607,-62.37,-11.6964,0.5643,0.7,0.1444,3.9806,3.5463,3.0,4.6907,3.0667
608,-62.8769,-11.6859,0.5645,0.7,0.1319,3.9343,3.5565,3.0,4.6972,3.0667
609,-62.2728,-11.7132,0.5647,0.7,0.1625,3.9676,3.5657,3.0,4.7028,3.0667
610,-62.1833,-11.7226,0.5648,0.7,0.125,4.0065,3.5759,3.0,4.7093,3.0667
611,-62.0842,-11.7042,0.565,0.7,0.1458,3.9972,3.5852,3.0,4.7157,3.0667
612,-61.9223,-11.7352,0.5652,0.7,0.1472,3.938,3.5954,3.0,4.7222,3.0667
613,-62.213,-11.6999,0.5654,0.7,0.1097,3.9407,3.6046,3.0,4.7278,3.0667
614,-62.1629,-11.7451,0.5656,0.7,0.1361,4.0111,3.6148,3.0,4.7343,3.0667
615,-62.3338,-11.746,0.5658,0.7,0.1681,3.9935,3.6241,3.0,4.7407,3.0667
616,-61.847,-11.6929,0.566,0.7,0.1722,4.0093,3.6343,3.0,4.7463,3.0667
617,-61.6242,-11.7095,0.5662,0.7,0.1208,4.0009,3.6435,3.0,4.7528,3.0667
618,-62.2489,-11.7225,0.5663,0.7,0.1292,3.988,3.6537,3.0,4.7593,3.0667
619,-61.7096,-11.723,0.5665,0.7,0.1556,4.0509,3.663,3.0,4.7648,3.0667
620,-62.0931,-11.7399,0.5668,0.7,0.1653,4.0074,3.6731,3.0,4.7713,3.0667
621,-62.3196,-11.734,0.5669,0.7,0.1306,3.9898,3.6824,3.0,4.7769,3.0676
622,-62.4316,-11.7349,0.5672,0.7,0.1681,3.9759,3.6926,3.0,4.7833,3.0676
623,-62.476,-11.7685,0.5674,0.7,0.1389,3.9963,3.7019,3.0,4.7898,3.0676
624,-62.2324,-11.7253,0.5676,0.7,0.1056,3.9991,3.712,3.0,4.7954,3.0685
625,-62.3594,-11.7794,0.5677,0.7,0.1417,4.0028,3.7213,3.0009,4.8019,3.0694
626,-62.2458,-11.7208,0.5679,0.7,0.1347,4.0306,3.7315,3.0028,4.8074,3.0694
627,-61.9201,-11.7841,0.568,0.7,0.1014,3.9565,3.7407,3.0037,4.8139,3.0713
628,-62.1142,-11.6824,0.5683,0.7,0.1694,3.9713,3.7509,3.0065,4.8204,3.0741
629,-62.1904,-11.7469,0.5684,0.7,0.15,3.9583,3.7602,3.0083,4.8259,3.075
630,-61.8141,-11.8078,0.5686,0.7,0.1319,4.0167,3.7704,3.0139,4.8324,3.0796
631,-62.0237,-11.7275,0.5688,0.7,0.1194,4.0204,3.7796,3.0176,4.838,3.0815
632,-62.0629,-11.7206,0.569,0.7,0.1431,4.0519,3.7889,3.0213,4.8444,3.0861
633,-61.9974,-11.767,0.5692,0.7,0.1306,4.0398,3.7991,3.0231,4.85,3.0889
634,-62.013,-11.6903,0.5694,0.7,0.1431,3.9731,3.8083,3.0269,4.8565,3.0944
635,-61.9586,-11.7658,0.5695,0.7,0.1264,3.9593,3.8185,3.037,4.862,3.1028
636,-62.2144,-11.7362,0.5697,0.7,0.1639,3.9852,3.8278,3.0435,4.8685,3.1093
637,-62.0353,-11.6818,0.57,0.7,0.1361,3.9796,3.837,3.0509,4.8741,3.1194
638,-62.5287,-11.7093,0.5702,0.7,0.1514,4.038,3.8472,3.0722,4.8806,3.137
639,-62.8073,-11.7417,0.5704,0.7,0.1417,4.0176,3.8565,3.0972,4.8861,3.1583
640,-62.8477,-11.6688,0.5706,0.7,0.1708,4.0065,3.8667,3.1111,4.8926,3.1778
641,-62.6844,-11.719,0.5708,0.7,0.1347,3.9833,3.8759,3.1333,4.8981,3.1926
642,-62.3825,-11.7198,0.571,0.7,0.1389,3.9491,3.8852,3.1546,4.9046,3.2157
643,-62.087,-11.6969,0.5712,0.7,0.1514,3.9935,3.8954,3.1759,4.9102,3.2361
644,-62.4293,-11.7267,0.5714,0.7,0.1319,4.0333,3.9046,3.2009,4.9157,3.2565
645,-61.6311,-11.7457,0.5716,0.7,0.1139,3.962,3.9148,3.2259,4.9222,3.2889
646,-61.6752,-11.7059,0.5718,0.7,0.1528,3.9546,3.9241,3.2574,4.9278,3.3139
647,-61.357,-11.714,0.572,0.7,0.1458,4.05,3.9333,3.2935,4.9343,3.3491
648,-62.2892,-11.7065,0.5722,0.7,0.1611,4.0315,3.9435,3.3259,4.9398,3.3806
649,-62.263,-11.6558,0.5725,0.7,0.1569,3.975,3.9528,3.363,4.9454,3.4185
650,-62.4177,-11.6829,0.5727,0.7,0.1722,4.0194,3.962,3.3917,4.9519,3.4509
651,-62.337,-11.6774,0.573,0.7,0.1514,3.9657,3.9722,3.4167,4.9574,3.4843
652,-62.419,-11.678,0.5732,0.7,0.1542,3.9694,3.9815,3.4509,4.963,3.5222
653,-62.52,-11.7042,0.5735,0.7,0.1472,4.0287,3.9907,3.4806,4.9694,3.5574
654,-62.2172,-11.6704,0.5738,0.7,0.1708,4.0685,4.0009,3.5065,4.975,3.587
655,-61.8902,-11.7624,0.574,0.7,0.1833,3.9741,4.0102,3.5417,4.9806,3.6204
656,-62.2473,-11.7109,0.5743,0.7,0.1764,3.9806,4.0194,3.5759,4.987,3.65
657,-62.0269,-11.7449,0.5745,0.7,0.1486,4.0028,4.0287,3.6083,4.9926,3.6833
658,-62.3637,-11.7029,0.5749,0.7,0.1417,4.0074,4.0389,3.6417,4.9981,3.7157
659,-61.8776,-11.6867,0.5751,0.7,0.1903,3.9981,4.0481,3.6704,5.0046,3.75
660,-62.3979,-11.7234,0.5755,0.7,0.15,3.9713,4.0574,3.6972,5.0102,3.7722
661,-62.338,-11.6626,0.5757,0.7,0.1556,3.9935,4.0676,3.7361,5.0157,3.8046
662,-62.3068,-11.6441,0.5761,0.7,0.1514,4.0056,4.0769,3.7611,5.0213,3.8333
663,-62.0069,-11.6763,0.5764,0.7,0.1653,3.9796,4.0861,3.7852,5.0269,3.8556
664,-62.1638,-11.712,0.5766,0.7,0.1681,4.0259,4.0954,3.813,5.0333,3.8833
665,-62.2697,-11.7448,0.577,0.7,0.1722,3.9944,4.1056,3.8352,5.0389,3.9037
666,-61.9428,-11.7023,0.5773,0.7,0.2222,4.0296,4.1148,3.8546,5.0444,3.9185
667,-61.9651,-11.6843,0.5777,0.7,0.2042,3.9907,4.1241,3.8713,5.05,3.9333
668,-62.6084,-11.7216,0.578,0.7,0.1639,3.9694,4.1333,3.8843,5.0556,3.9528
669,-62.4051,-11.7321,0.5783,0.7,0.1847,3.9972,4.1426,3.9,5.0611,3.9648
670,-62.0914,-11.6521,0.5786,0.7,0.2083,4.0259,4.1528,3.912,5.0676,3.9815
671,-61.7972,-11.6914,0.5789,0.7,0.1958,3.9991,4.162,3.9306,5.0731,3.9991
672,-61.8387,-11.6525,0.5792,0.7,0.1889,3.962,4.1713,3.938,5.0787,4.0093
673,-62.3615,-11.7055,0.5795,0.7,0.1722,3.9935,4.1806,3.9472,5.0843,4.0241
674,-62.2855,-11.6809,0.5798,0.7,0.1917,4.0037,4.1898,3.9556,5.0898,4.0306
675,-62.4406,-11.6918,0.5802,0.7,0.1722,4.0241,4.1991,3.9685,5.0954,4.0352
676,-62.2117,-11.7237,0.5805,0.7,0.1611,4.0,4.2083,3.9741,5.1009,4.0389
677,-62.112,-11.6805,0.5807,0.7,0.1625,4.0185,4.2176,3.9759,5.1065,4.0417
678,-62.1356,-11.7148,0.581,0.7,0.1542,3.9528,4.2278,3.9787,5.112,4.0454
679,-61.9952,-11.6712,0.5813,0.7,0.2139,3.9972,4.237,3.9815,5.1176,4.0491
680,-62.5397,-11.6153,0.5816,0.7,0.2028,3.9537,4.2463,3.9852,5.1231,4.0528
681,-62.4,-11.5647,0.582,0.7,0.2472,3.9981,4.2556,3.9861,5.1287,4.0546
682,-62.1139,-11.7025,0.5822,0.7,0.2056,3.987,4.2648,3.987,5.1343,4.0565
683,-62.2777,-11.6728,0.5825,0.7,0.2153,3.9602,4.2741,3.9898,5.1398,4.0602
684,-61.6371,-11.7384,0.5828,0.7,0.2,3.9667,4.2833,3.9944,5.1454,4.0639
685,-61.9145,-11.7238,0.5831,0.7,0.1931,3.9935,4.2926,3.9963,5.15,4.0657
686,-62.0082,-11.7232,0.5834,0.7,0.1847,4.0111,4.3019,3.9963,5.1556,4.0676
687,-62.2789,-11.6873,0.5837,0.7,0.1722,4.0306,4.3111,3.9972,5.1611,4.0676
688,-61.7631,-11.7,0.5841,0.7,0.1972,4.0185,4.3204,4.0,5.1667,4.0676
689,-62.1211,-11.7296,0.5843,0.7,0.1806,4.0491,4.3296,4.0,5.1722,4.0676
690,-62.3127,-11.7257,0.5846,0.7,0.1806,3.9833,4.3389,4.0,5.1778,4.0685
691,-62.0951,-11.6405,0.5848,0.7,0.1889,3.9917,4.3481,4.0,5.1824,4.0704
692,-62.0852,-11.6436,0.5851,0.7,0.2,4.0148,4.3574,4.0,5.188,4.0704
693,-62.341,-11.674,0.5854,0.7,0.1653,3.9824,4.3667,4.0,5.1935,4.0704
694,-61.9353,-11.6919,0.5856,0.7,0.2472,3.9898,4.375,4.0,5.1991,4.0704
695,-61.9695,-11.6422,0.5859,0.7,0.2264,3.9861,4.3843,4.0,5.2046,4.0704
696,-62.0965,-11.6812,0.5861,0.7,0.1611,3.9833,4.3935,4.0,5.2093,4.0713
697,-62.3271,-11.6843,0.5864,0.7,0.1792,3.9972,4.4028,4.0,5.2148,4.0713
698,-62.3355,-11.7334,0.5866,0.7,0.1764,4.0093,4.412,4.0,5.2204,4.0713
699,-62.2616,-11.7005,0.5868,0.7,0.1931,4.0019,4.4213,4.0,5.2259,4.0713
700,-62.1978,-11.6979,0.5872,0.7,0.1889,3.975,4.4306,4.0,5.2306,4.0713
701,-62.1568,-11.7325,0.5874,0.7,0.1569,4.0102,4.4398,4.0,5.2361,4.0713
702,-61.7165,-11.6964,0.5877,0.7,0.2028,3.9972,4.4481,4.0,5.2417,4.0713
703,-62.3064,-11.6517,0.5879,0.7,0.1347,3.9972,4.4574,4.0,5.2463,4.0713
704,-61.9655,-11.6786,0.5881,0.7,0.1917,4.013,4.4667,4.0,5.2519,4.0713
705,-61.7766,-11.6906,0.5883,0.7,0.1667,3.9741,4.4759,4.0,5.2574,4.0713
706,-61.3203,-11.7136,0.5885,0.7,0.1944,4.013,4.4852,4.0,5.262,4.0713
707,-61.9585,-11.6864,0.5888,0.7,0.2125,4.0065,4.4935,4.0,5.2676,4.0713
708,-62.7446,-11.5698,0.5891,0.7,0.2042,3.9556,4.5028,4.0,5.2722,4.0713
709,-62.0669,-11.7011,0.5893,0.7,0.1833,3.9611,4.512,4.0,5.2778,4.0713
710,-62.142,-11.6295,0.5896,0.7,0.2528,4.0407,4.5213,4.0,5.2833,4.0713
711,-61.9119,-11.635,0.5899,0.7,0.1958,3.9583,4.5296,4.0,5.288,4.0713
712,-62.4267,-11.6936,0.5901,0.7,0.1667,4.0102,4.5389,4.0,5.2935,4.0713
713,-62.9077,-11.6884,0.5903,0.7,0.1625,4.0324,4.5481,4.0,5.2981,4.0713
714,-62.1459,-11.6913,0.5904,0.7,0.1931,3.988,4.5565,4.0,5.3037,4.0713
715,-62.2222,-11.676,0.5905,0.7,0.1806,4.0019,4.5657,4.0,5.3083,4.0713
716,-61.839,-11.7716,0.5907,0.7,0.1569,3.9509,4.575,4.0,5.3139,4.0713
717,-61.9778,-11.7381,0.591,0.7,0.1528,3.975,4.5833,4.0,5.3185,4.0713
718,-62.3052,-11.6708,0.5912,0.7,0.1792,3.9954,4.5926,4.0,5.3241,4.0713
719,-62.3066,-11.6622,0.5914,0.7,0.1667,3.9444,4.6019,4.0,5.3287,4.0713
720,-62.5732,-11.6901,0.5916,0.7,0.1917,4.0074,4.6102,4.0,5.3343,4.0713
721,-62.4265,-11.725,0.5918,0.7,0.1708,3.9694,4.6194,4.0,5.3389,4.0713
722,-62.6839,-11.6804,0.5921,0.7,0.1792,4.0546,4.6278,4.0,5.3444,4.0713
723,-62.172,-11.6744,0.5923,0.7,0.2056,4.0148,4.637,4.0,5.3491,4.0713
724,-61.9488,-11.6994,0.5925,0.7,0.1847,3.9972,4.6463,4.0,5.3546,4.0713
725,-62.2364,-11.7295,0.5927,0.7,0.1542,4.0074,4.6546,4.0,5.3593,4.0713
726,-61.9375,-11.7042,0.5929,0.7,0.1944,3.9843,4.6639,4.0,5.3648,4.0713
727,-62.0092,-11.6717,0.5931,0.7,0.1736,4.0444,4.6722,4.0,5.3694,4.0713
728,-61.7691,-11.7283,0.5932,0.7,0.1556,3.9722,4.6815,4.0,5.375,4.0713
729,-62.2188,-11.6888,0.5935,0.7,0.1681,4.0093,4.6898,4.0,5.3796,4.0713
730,-61.9898,-11.6784,0.5936,0.7,0.2014,4.0028,4.6991,4.0009,5.3843,4.0713
731,-61.8991,-11.7141,0.5938,0.7,0.1556,4.0019,4.7074,4.0019,5.3898,4.0722
732,-62.3407,-11.7261,0.594,0.7,0.1597,4.0009,4.7167,4.0028,5.3944,4.0741
733,-62.3278,-11.617,0.5942,0.7,0.1514,3.9917,4.725,4.0046,5.3991,4.075
734,-61.8477,-11.6602,0.5943,0.7,0.1819,4.0148,4.7343,4.0102,5.4046,4.0778
735,-62.3065,-11.6354,0.5945,0.7,0.1806,3.9815,4.7426,4.013,5.4093,4.0806
736,-61.6593,-11.6204,0.5947,0.7,0.1875,4.0204,4.7519,4.0157,5.4139,4.0833
737,-61.8017,-11.699,0.5948,0.7,0.2097,3.9815,4.7602,4.0176,5.4194,4.0861
738,-62.4108,-11.72,0.5949,0.7,0.1653,3.9917,4.7694,4.0176,5.4241,4.0889
739,-62.0557,-11.7169,0.595,0.7,0.175,4.0093,4.7778,4.0222,5.4287,4.0935
740,-62.7694,-11.6922,0.5953,0.7,0.2264,4.0167,4.787,4.0259,5.4343,4.0991
741,-62.3184,-11.6708,0.5955,0.7,0.1931,3.9806,4.7954,4.0296,5.4389,4.1028
742,-62.0369,-11.6865,0.5956,0.7,0.2292,4.0222,4.8037,4.0426,5.4435,4.1093
743,-62.1466,-11.6667,0.5958,0.7,0.2028,3.9907,4.813,4.05,5.4491,4.1185
744,-61.7526,-11.6096,0.5959,0.7,0.1931,4.0491,4.8213,4.0602,5.4537,4.1287
745,-62.0509,-11.6876,0.5961,0.7,0.1444,3.9852,4.8306,4.0704,5.4583,4.1389
746,-61.8365,-11.692,0.5962,0.7,0.1778,3.9593,4.8389,4.0843,5.463,4.15
747,-61.9666,-11.6828,0.5964,0.7,0.1722,3.9398,4.8472,4.0954,5.4685,4.1602
748,-62.2484,-11.6853,0.5966,0.7,0.2111,3.9954,4.8565,4.1102,5.4731,4.1787
749,-62.5293,-11.7455,0.5967,0.7,0.2222,3.9806,4.8648,4.1269,5.4778,4.1981
750,-62.0618,-11.6621,0.597,0.7,0.1931,4.0167,4.8731,4.1472,5.4824,4.225
751,-61.9119,-11.6753,0.5972,0.7,0.1958,3.9583,4.8824,4.1667,5.488,4.2407
752,-61.973,-11.7141,0.5973,0.7,0.2111,3.9833,4.8907,4.1824,5.4926,4.2593
753,-62.169,-11.7053,0.5975,0.7,0.2014,3.975,4.8991,4.2083,5.4972,4.2796
754,-62.6677,-11.6897,0.5978,0.7,0.1944,3.9759,4.9083,4.225,5.5019,4.2991
755,-61.7594,-11.7168,0.598,0.7,0.2306,4.0352,4.9167,4.2528,5.5065,4.3315
756,-62.3658,-11.7116,0.5981,0.7,0.2292,4.0593,4.925,4.2824,5.512,4.3657
757,-62.0344,-11.6595,0.5984,0.7,0.1736,3.9833,4.9333,4.3093,5.5167,4.3935
758,-62.5721,-11.6833,0.5986,0.7,0.2097,4.0333,4.9426,4.3315,5.5213,4.4176
759,-62.6276,-11.7135,0.5987,0.7,0.2319,4.0231,4.9509,4.3472,5.5259,4.4352
760,-62.3475,-11.7219,0.5989,0.7,0.1653,3.9796,4.9593,4.3759,5.5306,4.4546
761,-62.8425,-11.671,0.5992,0.7,0.1944,3.9185,4.9676,4.3991,5.5352,4.4787
762,-62.1831,-11.6468,0.5994,0.7,0.2028,3.9611,4.9759,4.4213,5.5398,4.5019
763,-62.9179,-11.6695,0.5996,0.7,0.2014,3.9722,4.9852,4.4509,5.5444,4.5296
764,-62.6573,-11.6498,0.5998,0.7,0.2139,4.0046,4.9935,4.4787,5.55,4.5602
765,-62.0234,-11.6638,0.6,0.7,0.2333,3.9843,5.0019,4.5074,5.5546,4.5907
766,-61.714,-11.7351,0.6002,0.7,0.2,3.9843,5.0102,4.5287,5.5593,4.6157
767,-62.1873,-11.6895,0.6005,0.7,0.175,4.0352,5.0185,4.5639,5.5639,4.6454
768,-62.0441,-11.6685,0.6008,0.7,0.1514,3.9667,5.0269,4.5907,5.5685,4.6759
769,-61.9748,-11.6841,0.6011,0.7,0.2028,4.025,5.0352,4.6083,5.5731,4.7074
770,-61.9178,-11.6529,0.6014,0.7,0.2167,3.9694,5.0444,4.6269,5.5778,4.7278
771,-62.5839,-11.56,0.6017,0.7,0.2806,3.9935,5.0528,4.6574,5.5824,4.7583
772,-62.3041,-11.6436,0.6019,0.7,0.1819,4.0426,5.0611,4.6769,5.587,4.7843
773,-61.4522,-11.6914,0.6021,0.7,0.2083,3.9722,5.0694,4.7046,5.5917,4.8065
774,-61.9796,-11.5829,0.6025,0.7,0.3208,3.9657,5.0778,4.7352,5.5963,4.8306
775,-62.919,-11.6158,0.6027,0.7,0.2653,3.9954,5.0861,4.7537,5.6009,4.85
776,-62.556,-11.6333,0.603,0.7,0.2764,4.0028,5.0944,4.7778,5.6056,4.8648
777,-61.7748,-11.6713,0.6033,0.7,0.2847,3.95,5.1028,4.7963,5.6102,4.8815
778,-61.7343,-11.6885,0.6035,0.7,0.2,4.0074,5.1111,4.8139,5.6148,4.9009
779,-61.4174,-11.6809,0.6038,0.7,0.2222,4.0194,5.1185,4.8315,5.6185,4.9185
780,-62.0904,-11.6235,0.6042,0.7,0.2222,3.963,5.1269,4.8528,5.6231,4.9324
781,-62.2881,-11.659,0.6045,0.7,0.2347,3.9852,5.1352,4.8704,5.6278,4.9556
782,-62.2202,-11.689,0.6047,0.7,0.2347,3.9954,5.1435,4.8861,5.6324,4.9667
783,-62.159,-11.6682,0.605,0.7,0.2653,4.0157,5.1519,4.8972,5.637,4.9759
784,-61.7635,-11.6459,0.6053,0.7,0.2486,3.9741,5.1602,4.9083,5.6417,4.9843
785,-61.7104,-11.578,0.6056,0.7,0.2167,4.0111,5.1685,4.9148,5.6463,4.9907
786,-62.0519,-11.6471,0.6059,0.7,0.2875,3.9917,5.1759,4.925,5.65,5.0
787,-61.7623,-11.6648,0.6061,0.7,0.2792,4.0546,5.1843,4.9296,5.6546,5.0074
788,-61.8854,-11.6453,0.6065,0.7,0.2319,4.037,5.1926,4.9343,5.6593,5.0111
789,-62.2182,-11.6795,0.6068,0.7,0.25,4.0593,5.2009,4.9407,5.6639,5.013
790,-62.3228,-11.6235,0.6071,0.7,0.2486,4.0056,5.2093,4.9463,5.6676,5.0167
791,-61.8815,-11.6219,0.6074,0.7,0.225,3.9583,5.2167,4.9519,5.6722,5.0241
792,-62.4982,-11.6473,0.6077,0.7,0.2181,4.0315,5.225,4.9565,5.6769,5.0269
793,-62.3972,-11.6664,0.608,0.7,0.25,4.0028,5.2333,4.963,5.6815,5.0306
794,-62.1528,-11.6711,0.6083,0.7,0.2417,3.9917,5.2407,4.9657,5.6852,5.0324
795,-62.5399,-11.6289,0.6086,0.7,0.2278,3.9731,5.2491,4.9676,5.6898,5.0361
796,-62.3172,-11.631,0.6089,0.7,0.2292,3.9648,5.2565,4.9759,5.6944,5.0407
797,-61.6969,-11.6626,0.6091,0.7,0.1917,4.0194,5.2648,4.9824,5.6981,5.0426
798,-62.425,-11.6497,0.6094,0.7,0.2444,3.9759,5.2731,4.9843,5.7028,5.0454
799,-62.6068,-11.6678,0.6097,0.7,0.2139,4.0037,5.2806,4.987,5.7065,5.0463
800,-62.2841,-11.6793,0.6099,0.7,0.2347,4.0398,5.2889,4.9889,5.7111,5.0481
801,-61.8908,-11.7431,0.6101,0.7,0.1889,4.0065,5.2963,4.9898,5.7157,5.0481
802,-61.4801,-11.7145,0.6104,0.7,0.2472,3.9898,5.3046,4.9907,5.7194,5.05
803,-62.0744,-11.7211,0.6107,0.7,0.2597,4.0,5.312,4.9917,5.7241,5.0509
804,-62.7153,-11.6852,0.611,0.7,0.2306,4.0019,5.3204,4.9917,5.7278,5.0519
805,-62.1182,-11.6979,0.6113,0.7,0.2472,3.9796,5.3278,4.9917,5.7324,5.0528
806,-61.9604,-11.6525,0.6115,0.7,0.2431,3.9685,5.3352,4.9926,5.7361,5.0537
807,-61.8476,-11.6613,0.6117,0.7,0.2542,4.0222,5.3435,4.9926,5.7407,5.0537
808,-61.318,-11.6778,0.6119,0.7,0.1806,3.9556,5.3509,4.9954,5.7444,5.0537
809,-62.1952,-11.6084,0.6122,0.7,0.2556,4.0157,5.3593,4.9972,5.7491,5.0537
810,-61.7342,-11.672,0.6124,0.7,0.2458,4.062,5.3667,4.9981,5.7528,5.0546
811,-62.0729,-11.6864,0.6127,0.7,0.1764,4.0,5.3741,4.9981,5.7574,5.0556
812,-62.2083,-11.6861,0.6129,0.7,0.2514,3.9833,5.3824,4.9981,5.7611,5.0556
813,-61.7676,-11.6565,0.6131,0.7,0.2069,3.975,5.3898,4.9991,5.7657,5.0565
814,-62.585,-11.5855,0.6135,0.7,0.2208,4.0389,5.3972,4.9991,5.7694,5.0574
815,-62.3075,-11.6061,0.6136,0.7,0.2181,4.0343,5.4046,4.9991,5.7741,5.0574
816,-62.251,-11.6253,0.6138,0.7,0.2847,4.0407,5.413,4.9991,5.7778,5.0574
817,-62.4669,-11.6312,0.6141,0.7,0.1694,3.9611,5.4204,5.0,5.7815,5.0574
818,-62.883,-11.5996,0.6143,0.7,0.2292,4.0213,5.4278,5.0,5.7861,5.0574
819,-61.9214,-11.5833,0.6145,0.7,0.2778,3.937,5.4352,5.0,5.7898,5.0574
820,-62.3669,-11.5977,0.6147,0.7,0.2694,3.9907,5.4435,5.0,5.7935,5.0574
821,-61.6043,-11.6508,0.6149,0.7,0.2792,3.95,5.4509,5.0,5.7981,5.0574
822,-61.8389,-11.6202,0.6151,0.7,0.2528,4.0176,5.4583,5.0,5.8019,5.0574
823,-62.1908,-11.6653,0.6153,0.7,0.2375,4.0065,5.4657,5.0,5.8056,5.0574
824,-61.8496,-11.7114,0.6155,0.7,0.2389,4.0019,5.4731,5.0,5.8102,5.0574
825,-62.0867,-11.6527,0.6157,0.7,0.2694,3.9796,5.4806,5.0,5.8139,5.0574
826,-62.3074,-11.6493,0.6159,0.7,0.2819,4.0324,5.488,5.0,5.8176,5.0574
827,-61.3425,-11.6551,0.6161,0.7,0.2569,3.975,5.4954,5.0,5.8222,5.0574
828,-61.6374,-11.6346,0.6163,0.7,0.2347,3.9528,5.5037,5.0,5.8259,5.0574
829,-61.873,-11.6517,0.6165,0.7,0.2583,3.9935,5.5111,5.0,5.8296,5.0574
830,-62.0919,-11.6442,0.6167,0.7,0.2597,4.025,5.5185,5.0,5.8333,5.0574
831,-62.2732,-11.6586,0.6169,0.7,0.2681,3.9685,5.5259,5.0,5.838,5.0574
832,-62.1185,-11.6539,0.6171,0.7,0.2097,3.9935,5.5333,5.0,5.8417,5.0574
833,-62.1431,-11.7439,0.6173,0.7,0.2042,4.0213,5.5407,5.0,5.8454,5.0574
834,-62.1065,-11.6767,0.6175,0.7,0.3208,3.9778,5.5481,5.0,5.8491,5.0574
835,-62.2811,-11.6519,0.6177,0.7,0.2333,4.0324,5.5556,5.0,5.8537,5.0574
836,-62.4557,-11.6925,0.6179,0.7,0.1958,4.0528,5.563,5.0,5.8574,5.0574
837,-61.8938,-11.6834,0.6181,0.7,0.2486,3.9778,5.5694,5.0,5.8611,5.0574
838,-61.7262,-11.681,0.6182,0.7,0.2319,4.0009,5.5769,5.0,5.8648,5.0574
839,-62.3756,-11.6385,0.6185,0.7,0.2597,3.9611,5.5843,5.0,5.8685,5.0574
840,-61.9304,-11.6347,0.6186,0.7,0.2208,4.0046,5.5917,5.0,5.8722,5.0574
841,-62.8064,-11.6315,0.6189,0.7,0.2569,4.0074,5.5991,5.0,5.8769,5.0574
842,-62.5631,-11.6682,0.619,0.7,0.2417,4.0167,5.6065,5.0,5.8806,5.0574
843,-61.8289,-11.6536,0.6191,0.7,0.1944,4.0074,5.6139,5.0,5.8843,5.0574
844,-62.1022,-11.6502,0.6194,0.7,0.2194,4.0019,5.6213,5.0009,5.888,5.0583
845,-62.4933,-11.7019,0.6196,0.7,0.225,3.975,5.6278,5.0019,5.8917,5.0593
846,-61.9535,-11.642,0.6198,0.7,0.2028,3.9843,5.6352,5.0019,5.8954,5.0602
847,-62.2706,-11.5351,0.62,0.7,0.2444,4.0287,5.6426,5.0019,5.8991,5.0611
848,-62.1881,-11.6046,0.6201,0.7,0.3278,3.9593,5.65,5.0037,5.9028,5.062
849,-62.1844,-11.6258,0.6203,0.7,0.2722,3.963,5.6565,5.0046,5.9074,5.062
850,-61.6019,-11.7006,0.6204,0.7,0.2222,3.9759,5.6639,5.0046,5.9111,5.062
851,-62.1645,-11.7148,0.6205,0.7,0.1542,4.0315,5.6713,5.0065,5.9148,5.0639
852,-61.7317,-11.6471,0.6207,0.7,0.2931,3.9963,5.6787,5.0102,5.9185,5.0667
853,-62.0815,-11.6736,0.6209,0.7,0.2528,4.0472,5.6852,5.0111,5.9222,5.0685
854,-61.7775,-11.5953,0.621,0.7,0.2528,3.9685,5.6926,5.013,5.9259,5.0694
855,-61.8892,-11.6567,0.6212,0.7,0.2153,3.9972,5.7,5.0148,5.9296,5.0722
856,-62.3355,-11.6323,0.6214,0.7,0.2375,3.9667,5.7065,5.0194,5.9333,5.0759
857,-62.0673,-11.627,0.6215,0.7,0.2361,4.0815,5.7139,5.0194,5.937,5.0778
858,-62.348,-11.6243,0.6217,0.7,0.2875,3.9657,5.7213,5.0241,5.9407,5.0843
859,-62.0506,-11.6802,0.6218,0.7,0.2028,3.9889,5.7278,5.025,5.9444,5.0861
860,-62.1065,-11.6385,0.622,0.7,0.2333,4.0194,5.7352,5.0296,5.9481,5.0926
861,-62.349,-11.6526,0.6222,0.7,0.225,4.0046,5.7426,5.037,5.9519,5.0935
862,-61.9734,-11.6394,0.6223,0.7,0.2042,4.0194,5.7491,5.0472,5.9556,5.0991
863,-62.4403,-11.6315,0.6225,0.7,0.1875,4.0389,5.7565,5.05,5.9593,5.1037
864,-62.1781,-11.7209,0.6226,0.7,0.1972,3.9852,5.763,5.0528,5.963,5.1083
865,-62.0158,-11.6565,0.6228,0.7,0.2833,3.9769,5.7704,5.0556,5.9667,5.112
866,-61.7617,-11.6494,0.6229,0.7,0.2667,4.0481,5.7769,5.0648,5.9704,5.1213
867,-62.3232,-11.612,0.6231,0.7,0.25,4.0241,5.7843,5.0685,5.9741,5.125
868,-62.3777,-11.591,0.6233,0.7,0.2403,3.9454,5.7907,5.0731,5.9769,5.1296
869,-61.0629,-11.6537,0.6233,0.7,0.2417,3.9963,5.7981,5.0787,5.9806,5.1343
870,-62.2623,-11.5951,0.6236,0.7,0.2861,3.8843,5.8046,5.088,5.9843,5.1426
871,-62.38,-11.6176,0.6238,0.7,0.2333,3.9296,5.812,5.1009,5.988,5.1519
872,-62.1068,-11.6326,0.6239,0.7,0.2125,4.0231,5.8185,5.113,5.9917,5.1593
873,-61.3668,-11.6381,0.624,0.7,0.2806,3.9519,5.8259,5.1204,5.9954,5.1685
874,-61.6618,-11.6374,0.6242,0.7,0.2708,3.9824,5.8324,5.1287,5.9991,5.1796
875,-61.8319,-11.6445,0.6243,0.7,0.3264,3.9694,5.8398,5.1444,6.0028,5.1954
876,-62.3201,-11.7595,0.6245,0.7,0.2083,3.9787,5.8463,5.1667,6.0065,5.2093
877,-62.3286,-11.7381,0.6246,0.7,0.1958,4.0704,5.8528,5.1741,6.0093,5.2213
878,-61.9905,-11.6943,0.6248,0.7,0.2625,3.9713,5.8602,5.188,6.013,5.237
879,-62.3245,-11.7032,0.6249,0.7,0.2806,3.9593,5.8667,5.2028,6.0167,5.2444
880,-62.5279,-11.6307,0.6251,0.7,0.2264,3.962,5.8741,5.2139,6.0204,5.2565
881,-62.4779,-11.5931,0.6253,0.7,0.2556,4.037,5.8806,5.2269,6.0241,5.2694
882,-62.0964,-11.6551,0.6254,0.7,0.2472,4.0259,5.887,5.2333,6.0278,5.2806
883,-62.1222,-11.6446,0.6256,0.7,0.2208,3.9704,5.8944,5.2454,6.0306,5.2926
884,-61.9498,-11.6612,0.6258,0.7,0.2583,4.0009,5.9009,5.2574,6.0343,5.3056
885,-61.2976,-11.6514,0.6259,0.7,0.2569,4.0139,5.9074,5.2731,6.038,5.3204
886,-62.2521,-11.5985,0.6261,0.7,0.2889,4.0519,5.9139,5.287,6.0417,5.3315
887,-61.7057,-11.6061,0.6263,0.7,0.2667,3.962,5.9213,5.2981,6.0454,5.3417
888,-61.9298,-11.7246,0.6264,0.7,0.2167,3.9667,5.9278,5.3148,6.0481,5.3611
889,-62.3223,-11.7249,0.6265,0.7,0.2597,4.0148,5.9343,5.3361,6.0519,5.3815
890,-62.2953,-11.6073,0.6267,0.7,0.3056,4.0324,5.9407,5.3491,6.0556,5.4009
891,-62.0784,-11.6717,0.6269,0.7,0.2417,4.0417,5.9481,5.3667,6.0593,5.4241
892,-62.654,-11.6773,0.6271,0.7,0.2417,3.9963,5.9546,5.3833,6.062,5.4444
893,-62.3994,-11.6464,0.6273,0.7,0.2472,3.9574,5.9611,5.3954,6.0657,5.4602
894,-61.5693,-11.6631,0.6275,0.7,0.2958,4.0546,5.9676,5.413,6.0694,5.4769
895,-62.0026,-11.6835,0.6277,0.7,0.2292,4.0194,5.9741,5.4287,6.0722,5.4935
896,-61.7425,-11.6099,0.628,0.7,0.3306,3.9991,5.9806,5.4444,6.0759,5.5074
897,-62.0099,-11.5784,0.6282,0.7,0.2931,3.988,5.988,5.462,6.0796,5.5259
898,-61.4373,-11.6362,0.6283,0.7,0.2556,4.0037,5.9944,5.4769,6.0824,5.5426
899,-61.477,-11.6739,0.6285,0.7,0.3028,4.0389,6.0009,5.4935,6.0861,5.5528
900,-61.9528,-11.6651,0.6288,0.7,0.2708,4.0139,6.0074,5.5056,6.0898,5.562
901,-62.237,-11.67,0.629,0.7,0.2472,3.9509,6.0139,5.5269,6.0926,5.5843
902,-62.4922,-11.642,0.6292,0.7,0.2597,4.0333,6.0204,5.5435,6.0963,5.6074
903,-62.0704,-11.6856,0.6293,0.7,0.275,3.9796,6.0269,5.5593,6.1,5.6231
904,-62.354,-11.6169,0.6296,0.7,0.35,4.0398,6.0333,5.5787,6.1028,5.6361
905,-62.1048,-11.6562,0.6298,0.7,0.25,3.9676,6.0398,5.5972,6.1065,5.6519
906,-62.4833,-11.6761,0.63,0.7,0.2347,4.0028,6.0463,5.6093,6.1093,5.6639
907,-62.2283,-11.6837,0.6302,0.7,0.2847,3.9907,6.0528,5.6269,6.113,5.6815
908,-62.3011,-11.676,0.6305,0.7,0.2722,3.9361,6.0593,5.65,6.1167,5.6991
909,-62.4021,-11.6629,0.6307,0.7,0.2194,3.9611,6.0657,5.6676,6.1194,5.7167
910,-62.359,-11.6749,0.6309,0.7,0.2986,3.9778,6.0713,5.6852,6.1231,5.7333
911,-62.144,-11.6187,0.6312,0.7,0.2792,3.9657,6.0778,5.6972,6.1259,5.7444
912,-62.354,-11.6722,0.6314,0.7,0.2028,4.0481,6.0843,5.7111,6.1296,5.7602
913,-61.5215,-11.7237,0.6316,0.7,0.2833,4.0306,6.0907,5.7194,6.1324,5.7704
914,-61.9821,-11.701,0.6318,0.7,0.2444,4.0037,6.0972,5.7361,6.1361,5.7815
915,-62.1629,-11.6663,0.632,0.7,0.3069,4.0287,6.1028,5.7417,6.1389,5.787
916,-61.9762,-11.6536,0.6323,0.7,0.3,3.9981,6.1093,5.7556,6.1426,5.7981
917,-61.6253,-11.616,0.6325,0.7,0.2986,3.987,6.1157,5.7704,6.1454,5.8093
918,-61.7585,-11.5436,0.6327,0.7,0.3903,3.9833,6.1222,5.7824,6.1491,5.8222
919,-61.9142,-11.5797,0.633,0.7,0.2986,4.0157,6.1278,5.788,6.1519,5.8259
920,-62.0172,-11.6882,0.6332,0.7,0.2958,3.9954,6.1343,5.7954,6.1546,5.8324
921,-61.26,-11.646,0.6334,0.7,0.2444,3.9352,6.1407,5.8028,6.1583,5.8361
922,-61.7844,-11.5585,0.6338,0.7,0.3375,3.9991,6.1463,5.8093,6.1611,5.8398
923,-61.7889,-11.5717,0.634,0.7,0.2306,3.9093,6.1528,5.8148,6.1648,5.8472
924,-62.4426,-11.5735,0.6342,0.7,0.2931,3.9657,6.1583,5.8213,6.1676,5.85
925,-61.9872,-11.5353,0.6344,0.7,0.3139,4.037,6.1648,5.8287,6.1704,5.8556
926,-61.485,-11.5397,0.6346,0.7,0.2625,4.0093,6.1713,5.8361,6.1741,5.862
927,-62.4169,-11.5016,0.6349,0.7,0.3153,4.0463,6.1769,5.8444,6.1769,5.8741
928,-62.1014,-11.6329,0.635,0.7,0.2681,3.9667,6.1833,5.85,6.1796,5.8769
929,-62.1795,-11.6129,0.6352,0.7,0.3153,4.0259,6.1889,5.8574,6.1833,5.8824
930,-62.1636,-11.5969,0.6355,0.7,0.2556,4.0083,6.1954,5.8648,6.1861,5.8852
931,-62.2817,-11.6689,0.6357,0.7,0.2792,4.0,6.2009,5.8713,6.1889,5.888
932,-62.2783,-11.6154,0.6359,0.7,0.2986,4.0037,6.2065,5.8731,6.1926,5.8898
933,-62.6463,-11.5475,0.6361,0.7,0.2333,3.9417,6.213,5.8796,6.1954,5.8944
934,-62.9229,-11.6163,0.6363,0.7,0.2764,4.0287,6.2185,5.8843,6.1981,5.8991
935,-61.8767,-11.6024,0.6365,0.7,0.2861,4.0009,6.225,5.8917,6.2009,5.9037
936,-62.0048,-11.6383,0.6367,0.7,0.3208,3.9898,6.2306,5.8954,6.2046,5.9083
937,-62.4399,-11.6535,0.6369,0.7,0.2528,3.9444,6.2361,5.8991,6.2074,5.912
938,-62.6784,-11.6433,0.6371,0.7,0.2972,3.9815,6.2426,5.9046,6.2102,5.9157
939,-61.5022,-11.6763,0.6373,0.7,0.2944,3.9574,6.2481,5.9083,6.213,5.9176
940,-61.7597,-11.7209,0.6375,0.7,0.2833,4.0083,6.2537,5.912,6.2167,5.9204
941,-61.3632,-11.6835,0.6376,0.7,0.2569,3.9843,6.2602,5.9139,6.2194,5.925
942,-61.861,-11.6386,0.6379,0.7,0.2556,4.0176,6.2657,5.9157,6.2222,5.9269
943,-62.1933,-11.7016,0.6381,0.7,0.2681,3.9759,6.2713,5.9185,6.225,5.9324
944,-61.6375,-11.6813,0.6382,0.7,0.2847,3.9972,6.2769,5.9231,6.2278,5.937
945,-61.6784,-11.649,0.6384,0.7,0.3611,3.9454,6.2824,5.9269,6.2306,5.9426
946,-61.7571,-11.6856,0.6386,0.7,0.2333,3.9343,6.2889,5.9287,6.2343,5.9435
947,-61.0915,-11.7479,0.6388,0.7,0.2736,3.9731,6.2944,5.9306,6.237,5.9463
948,-61.3726,-11.645,0.639,0.7,0.2931,4.0398,6.3,5.9333,6.2398,5.95
949,-61.2679,-11.6336,0.6392,0.7,0.3847,4.0269,6.3056,5.9343,6.2426,5.9537
950,-61.1805,-11.6527,0.6394,0.7,0.2653,4.0102,6.3111,5.938,6.2454,5.9574
951,-61.7364,-11.6172,0.6396,0.7,0.2944,4.0037,6.3167,5.938,6.2481,5.9583
952,-61.927,-11.6311,0.6398,0.7,0.3014,3.9861,6.3222,5.9389,6.2509,5.9583
953,-62.0385,-11.5807,0.64,0.7,0.2444,4.0056,6.3278,5.9444,6.2537,5.962
954,-61.9665,-11.6372,0.6401,0.7,0.3125,4.0139,6.3333,5.9472,6.2565,5.9648
955,-62.578,-11.6648,0.6403,0.7,0.2042,4.0204,6.3389,5.9491,6.2593,5.9667
956,-61.7303,-11.6413,0.6406,0.7,0.3028,4.0333,6.3444,5.9528,6.262,5.9676
957,-62.4966,-11.6612,0.6407,0.7,0.2278,4.0324,6.35,5.9528,6.2657,5.9676
958,-62.2201,-11.6389,0.6409,0.7,0.2986,3.9769,6.3556,5.9537,6.2685,5.9676
959,-62.182,-11.6755,0.6411,0.7,0.2722,4.0454,6.3611,5.9556,6.2713,5.9676
960,-61.9763,-11.6995,0.6412,0.7,0.2458,3.9981,6.3667,5.9565,6.2741,5.9685
961,-62.7243,-11.6193,0.6414,0.7,0.25,4.0083,6.3722,5.9574,6.2769,5.9685
962,-62.9304,-11.6429,0.6417,0.7,0.2347,4.0037,6.3778,5.9593,6.2796,5.9713
963,-62.9502,-11.639,0.6418,0.7,0.2722,4.0269,6.3833,5.9602,6.2824,5.975
964,-62.6782,-11.6725,0.642,0.7,0.2347,4.0083,6.3889,5.963,6.2852,5.9769
965,-62.6492,-11.665,0.6422,0.7,0.2819,3.987,6.3944,5.9639,6.287,5.9769
966,-62.4263,-11.6409,0.6423,0.7,0.2944,3.9648,6.3991,5.9648,6.2898,5.9769
967,-62.398,-11.6067,0.6425,0.7,0.3042,4.037,6.4046,5.9657,6.2926,5.9787
968,-62.1799,-11.5858,0.6427,0.7,0.3069,4.0676,6.4102,5.9676,6.2954,5.9806
969,-61.9653,-11.6163,0.6429,0.7,0.2722,4.0389,6.4157,5.9704,6.2981,5.9833
970,-62.6421,-11.6048,0.6431,0.7,0.2917,3.9296,6.4213,5.9704,6.3009,5.9843
971,-61.8369,-11.6895,0.6432,0.7,0.2444,4.0389,6.4259,5.9722,6.3037,5.9852
972,-61.8673,-11.7774,0.6433,0.7,0.2542,3.9685,6.4315,5.9722,6.3065,5.987
973,-61.9612,-11.7114,0.6435,0.7,0.2958,3.9657,6.437,5.9731,6.3093,5.988
974,-61.8804,-11.7345,0.6436,0.7,0.2653,3.9472,6.4417,5.975,6.312,5.9889
975,-62.271,-11.7364,0.6437,0.7,0.2417,3.9444,6.4472,5.9759,6.3148,5.9907
976,-61.6597,-11.7234,0.6438,0.7,0.2361,3.9713,6.4528,5.9769,6.3167,5.9907
977,-62.0555,-11.7392,0.644,0.7,0.2319,3.9685,6.4574,5.9769,6.3194,5.9917
978,-62.4994,-11.7311,0.6442,0.7,0.2528,3.9963,6.463,5.9769,6.3222,5.9917
979,-61.9054,-11.7424,0.6443,0.7,0.3069,4.0111,6.4685,5.9778,6.325,5.9926
980,-61.8833,-11.7442,0.6444,0.7,0.2403,4.0481,6.4731,5.9806,6.3278,5.9935
981,-61.677,-11.7781,0.6445,0.7,0.2972,4.0148,6.4787,5.9815,6.3306,5.9935
982,-61.6721,-11.7707,0.6447,0.7,0.2819,3.9954,6.4833,5.9824,6.3333,5.9944
983,-61.5717,-11.7343,0.6448,0.7,0.2847,3.9444,6.4889,5.9824,6.3352,5.9944
984,-61.8389,-11.7054,0.645,0.7,0.2653,4.0204,6.4944,5.9833,6.338,5.9954
985,-62.0649,-11.6999,0.6451,0.7,0.2,3.9491,6.4991,5.9833,6.3407,5.9954
986,-61.9722,-11.7392,0.6453,0.7,0.2264,3.9852,6.5046,5.9833,6.3435,5.9954
987,-61.8077,-11.7549,0.6454,0.7,0.2556,3.9509,6.5093,5.9833,6.3463,5.9963
988,-62.043,-11.7896,0.6455,0.7,0.2556,3.9907,6.5148,5.9843,6.3481,5.9972
989,-61.7172,-11.7352,0.6457,0.7,0.2653,4.0657,6.5194,5.9852,6.3509,5.9991
990,-61.5019,-11.7336,0.6458,0.7,0.2847,3.9824,6.525,5.9861,6.3537,5.9991
991,-61.3487,-11.7348,0.6459,0.7,0.2556,4.0324,6.5296,5.9861,6.3565,5.9991
992,-62.1472,-11.7599,0.646,0.7,0.2722,3.9843,6.5352,5.9861,6.3583,5.9991
993,-61.6307,-11.7772,0.6461,0.7,0.2306,4.0778,6.5398,5.9861,6.3611,5.9991
994,-61.5628,-11.7484,0.6463,0.7,0.2778,4.0102,6.5454,5.9861,6.3639,5.9991
995,-61.7257,-11.7822,0.6463,0.7,0.1833,3.9537,6.55,5.9861,6.3667,5.9991
996,-61.6904,-11.6905,0.6465,0.7,0.3139,4.0083,6.5546,5.987,6.3685,5.9991
997,-61.3897,-11.6952,0.6466,0.7,0.3403,3.9935,6.5602,5.987,6.3713,5.9991
998,-61.76,-11.6444,0.6468,0.7,0.275,3.9361,6.5648,5.987,6.3741,5.9991
999,-61.5782,-11.5792,0.6469,0.7,0.2986,3.9843,6.5704,5.987,6.3769,5.9991
1000,-62.1811,-11.5785,0.6471,0.7,0.3153,3.9889,6.575,5.988,6.3787,6.0
1001,-61.891,-11.6589,0.6472,0.7,0.3056,4.0519,6.5796,5.988,6.3815,6.0
1002,-61.8097,-11.7243,0.6473,0.7,0.2958,4.0148,6.5852,5.988,6.3843,6.0
1003,-61.7236,-11.6073,0.6475,0.7,0.2764,3.9472,6.5898,5.988,6.3861,6.0
1004,-61.2499,-11.7028,0.6476,0.7,0.3306,4.0278,6.5944,5.988,6.3889,6.0
1005,-61.445,-11.6214,0.6477,0.7,0.3361,4.0065,6.6,5.988,6.3917,6.0009
1006,-61.9234,-11.6547,0.6479,0.7,0.2597,4.0407,6.6046,5.9889,6.3935,6.0009
1007,-61.5526,-11.6886,0.648,0.7,0.2778,4.0722,6.6093,5.9889,6.3963,6.0009
1008,-61.7601,-11.6616,0.6481,0.7,0.3222,3.938,6.6139,5.9889,6.3991,6.0009
1009,-61.7666,-11.6752,0.6482,0.7,0.2944,4.0111,6.6194,5.9889,6.4009,6.0009
1010,-61.5811,-11.6405,0.6483,0.7,0.3083,3.9741,6.6241,5.9889,6.4037,6.0009
1011,-61.7563,-11.6598,0.6484,0.7,0.2764,3.9278,6.6287,5.9889,6.4065,6.0009
1012,-61.7288,-11.6396,0.6485,0.7,0.2694,3.9963,6.6333,5.9889,6.4083,6.0009
1013,-61.8648,-11.5968,0.6487,0.7,0.2569,4.0,6.6389,5.9889,6.4111,6.0009
1014,-62.222,-11.6527,0.6488,0.7,0.3389,4.0028,6.6435,5.9889,6.413,6.0009
1015,-61.9597,-11.634,0.6489,0.7,0.3403,4.0537,6.6481,5.9889,6.4157,6.0009
1016,-61.8796,-11.6904,0.649,0.7,0.2917,3.9639,6.6528,5.9889,6.4185,6.0009
1017,-61.8162,-11.6593,0.6492,0.7,0.2986,3.9935,6.6574,5.9889,6.4204,6.0009
1018,-61.6945,-11.6989,0.6493,0.7,0.2236,4.0065,6.663,5.9898,6.4231,6.0019
1019,-61.788,-11.6729,0.6494,0.7,0.3319,4.0185,6.6676,5.9898,6.425,6.0019
1020,-61.9757,-11.6834,0.6495,0.7,0.2847,4.0074,6.6722,5.9898,6.4278,6.0019
1021,-61.5825,-11.7798,0.6495,0.7,0.1972,3.9565,6.6769,5.9898,6.4306,6.0019
1022,-61.9098,-11.6369,0.6497,0.7,0.2681,3.9639,6.6815,5.9898,6.4324,6.0019
1023,-62.2422,-11.6295,0.6498,0.7,0.2556,3.9491,6.6861,5.9898,6.4352,6.0019
1024,-61.4585,-11.6606,0.6499,0.7,0.25,3.9519,6.6907,5.9898,6.437,6.0019
1025,-61.6023,-11.6634,0.65,0.7,0.2861,3.9352,6.6954,5.9898,6.4398,6.0019
1026,-61.1853,-11.6232,0.6501,0.7,0.3264,4.0093,6.7,5.9898,6.4417,6.0019
1027,-61.764,-11.5665,0.6502,0.7,0.2861,4.0185,6.7046,5.9898,6.4444,6.0019
1028,-62.1158,-11.5447,0.6504,0.7,0.3611,4.0204,6.7102,5.9898,6.4463,6.0019
1029,-61.8333,-11.5673,0.6504,0.7,0.3125,3.9639,6.7148,5.9898,6.4491,6.0019
1030,-61.9076,-11.6716,0.6504,0.7,0.2944,4.05,6.7194,5.9898,6.4519,6.0019
1031,-62.0748,-11.6765,0.6506,0.7,0.2278,3.9769,6.7241,5.9898,6.4537,6.0019
1032,-61.8885,-11.6334,0.6507,0.7,0.2861,3.9917,6.7287,5.9898,6.4565,6.0019
1033,-61.6374,-11.7201,0.6507,0.7,0.2667,3.9685,6.7333,5.9898,6.4583,6.0019
1034,-61.6556,-11.6415,0.6508,0.7,0.3042,3.9889,6.738,5.9898,6.4611,6.0019
1035,-61.7071,-11.6567,0.6509,0.7,0.2625,3.9778,6.7426,5.9898,6.463,6.0019
1036,-61.5154,-11.5807,0.651,0.7,0.3486,3.8926,6.7472,5.9907,6.4657,6.0019
1037,-60.8875,-11.6044,0.6511,0.7,0.3597,3.9907,6.7519,5.9907,6.4676,6.0019
1038,-61.1683,-11.5589,0.6512,0.7,0.275,4.0398,6.7565,5.9907,6.4704,6.0019
1039,-61.6195,-11.5379,0.6513,0.7,0.3403,4.0019,6.7602,5.9917,6.4722,6.0019
1040,-61.7966,-11.5301,0.6514,0.7,0.4014,4.0324,6.7648,5.9917,6.475,6.0019
1041,-61.7596,-11.5095,0.6515,0.7,0.4014,4.0231,6.7694,5.9917,6.4769,6.0019
1042,-61.8429,-11.5318,0.6516,0.7,0.2653,3.937,6.7741,5.9917,6.4796,6.0019
1043,-62.0346,-11.5717,0.6516,0.7,0.3208,4.0056,6.7787,5.9917,6.4815,6.0019
1044,-62.1768,-11.5226,0.6518,0.7,0.3319,4.0074,6.7833,5.9917,6.4833,6.0019
1045,-62.4489,-11.586,0.6519,0.7,0.3486,3.988,6.788,5.9917,6.4861,6.0019
1046,-62.4021,-11.5995,0.6519,0.7,0.2806,3.9741,6.7926,5.9917,6.488,6.0019
1047,-62.1823,-11.6222,0.652,0.7,0.3264,3.9815,6.7972,5.9917,6.4907,6.0019
1048,-62.1133,-11.7254,0.652,0.7,0.3375,4.0213,6.8019,5.9917,6.4926,6.0019
1049,-61.8649,-11.7149,0.652,0.7,0.3028,3.9935,6.8065,5.9917,6.4954,6.0028
1050,-61.5999,-11.6941,0.6521,0.7,0.2014,3.9898,6.8102,5.9917,6.4972,6.0028
1051,-61.6238,-11.6332,0.6522,0.7,0.2986,3.9583,6.8148,5.9917,6.5,6.0028
1052,-62.0434,-11.6568,0.6523,0.7,0.275,3.9593,6.8194,5.9917,6.5019,6.0028
1053,-62.0004,-11.6399,0.6523,0.7,0.3375,3.938,6.8241,5.9917,6.5037,6.0037
1054,-61.4368,-11.6781,0.6523,0.7,0.3403,4.0093,6.8287,5.9917,6.5065,6.0037
1055,-61.5432,-11.6457,0.6524,0.7,0.2958,4.0037,6.8333,5.9926,6.5083,6.0046
1056,-61.9311,-11.6756,0.6525,0.7,0.3694,4.0519,6.837,5.9926,6.5111,6.0046
1057,-61.7243,-11.6047,0.6526,0.7,0.3181,3.9926,6.8417,5.9926,6.513,6.0046
1058,-61.1403,-11.6033,0.6526,0.7,0.2903,4.0093,6.8463,5.9926,6.5157,6.0046
1059,-62.0397,-11.6718,0.6527,0.7,0.2639,3.9861,6.8509,5.9926,6.5176,6.0046
1060,-61.4044,-11.6623,0.6527,0.7,0.2556,4.013,6.8556,5.9926,6.5194,6.0046
1061,-61.5163,-11.7159,0.6528,0.7,0.3139,4.0019,6.8602,5.9926,6.5222,6.0046
1062,-61.9794,-11.6705,0.6528,0.7,0.2264,4.0028,6.8639,5.9926,6.5241,6.0046
1063,-61.9621,-11.7213,0.6529,0.7,0.2583,3.9519,6.8685,5.9926,6.5269,6.0046
1064,-61.7724,-11.6706,0.653,0.7,0.2681,3.9963,6.8731,5.9926,6.5287,6.0046
1065,-61.8412,-11.7303,0.653,0.7,0.2333,4.0157,6.8778,5.9926,6.5306,6.0046
1066,-61.8312,-11.6957,0.6531,0.7,0.2764,3.9861,6.8815,5.9926,6.5333,6.0046
1067,-62.3171,-11.7233,0.6531,0.7,0.2639,3.9481,6.8861,5.9935,6.5352,6.0056
1068,-62.4086,-11.6644,0.6532,0.7,0.2069,4.0194,6.8907,5.9935,6.538,6.0056
1069,-62.1143,-11.6621,0.6532,0.7,0.3056,3.9852,6.8954,5.9944,6.5398,6.0065
1070,-62.3687,-11.5652,0.6534,0.7,0.2764,3.9917,6.8991,5.9954,6.5417,6.0074
1071,-62.6852,-11.5378,0.6535,0.7,0.3333,4.0315,6.9037,5.9954,6.5444,6.0083
1072,-62.4981,-11.6016,0.6535,0.7,0.2569,4.0324,6.9083,5.9954,6.5463,6.0083
1073,-61.8692,-11.6123,0.6536,0.7,0.2472,4.0157,6.913,5.9963,6.5481,6.0093
1074,-61.6076,-11.5799,0.6537,0.7,0.2708,3.963,6.9167,5.9972,6.5509,6.0102
1075,-62.4524,-11.5726,0.6538,0.7,0.3181,4.0037,6.9213,5.9972,6.5528,6.0102
1076,-62.0467,-11.6009,0.6538,0.7,0.2875,3.9991,6.9259,5.9972,6.5556,6.0102
1077,-62.2365,-11.6228,0.6539,0.7,0.25,4.0407,6.9306,5.9972,6.5574,6.0102
1078,-62.1774,-11.5773,0.654,0.7,0.2764,4.0065,6.9343,5.9972,6.5593,6.0111
1079,-62.3225,-11.5372,0.6541,0.7,0.3514,3.9972,6.9389,5.9972,6.562,6.0111
1080,-62.1993,-11.5851,0.6542,0.7,0.3153,3.9769,6.9435,5.9981,6.5639,6.0111
1081,-62.1569,-11.5266,0.6542,0.7,0.3792,3.9926,6.9472,5.9981,6.5657,6.0111
1082,-62.2927,-11.5674,0.6543,0.7,0.2847,4.0083,6.9519,5.9981,6.5685,6.0111
1083,-62.5016,-11.4657,0.6544,0.7,0.3597,3.9843,6.9565,5.9981,6.5704,6.0111
1084,-62.2192,-11.4473,0.6544,0.7,0.3875,4.0704,6.9602,5.9981,6.5722,6.0111
1085,-62.5757,-11.4469,0.6545,0.7,0.3667,3.9898,6.9648,5.9981,6.575,6.0111
1086,-62.1216,-11.529,0.6545,0.7,0.3139,4.0213,6.9685,5.9991,6.5769,6.012
1087,-62.7532,-11.481,0.6546,0.7,0.3611,4.0046,6.9731,5.9991,6.5787,6.012
1088,-62.1003,-11.4388,0.6547,0.7,0.4069,3.9731,6.9778,5.9991,6.5815,6.012
1089,-62.4145,-11.4605,0.6546,0.7,0.3694,4.0454,6.9815,5.9991,6.5833,6.012
1090,-62.1375,-11.471,0.6546,0.7,0.3667,3.9398,6.9861,5.9991,6.5852,6.012
1091,-61.7246,-11.5344,0.6546,0.7,0.3194,4.0093,6.9907,6.0,6.587,6.013
1092,-61.6336,-11.5018,0.6547,0.7,0.3236,3.9704,6.9944,6.0009,6.5898,6.013
1093,-61.8583,-11.6103,0.6547,0.7,0.2931,3.9685,6.9991,6.0019,6.5917,6.0139
1094,-61.8252,-11.5158,0.6548,0.7,0.3556,3.9694,7.0028,6.0028,6.5935,6.0157
1095,-61.469,-11.4994,0.6547,0.7,0.3486,4.0204,7.0074,6.0028,6.5963,6.0157
1096,-62.067,-11.6165,0.6547,0.7,0.3083,3.9537,7.012,6.0028,6.5981,6.0157
1097,-62.1507,-11.637,0.6548,0.7,0.2931,4.0176,7.0157,6.0028,6.6,6.0157
1098,-61.7037,-11.7398,0.6547,0.7,0.2444,4.0583,7.0204,6.0028,6.6028,6.0157
1099,-61.824,-11.7126,0.6547,0.7,0.1986,3.9806,7.0241,6.0028,6.6046,6.0157
1100,-61.822,-11.7309,0.6547,0.7,0.2847,3.9278,7.0287,6.0037,6.6065,6.0157
1101,-61.8138,-11.7095,0.6548,0.7,0.2611,3.9722,7.0333,6.0046,6.6093,6.0167
1102,-61.8682,-11.7447,0.6548,0.7,0.2681,4.0519,7.037,6.0046,6.6111,6.0167
1103,-61.6972,-11.7162,0.6549,0.7,0.2097,3.9694,7.0417,6.0056,6.613,6.0176
1104,-62.0421,-11.7192,0.655,0.7,0.2833,4.0269,7.0454,6.0074,6.6148,6.0204
1105,-61.8575,-11.6353,0.6551,0.7,0.2931,4.0065,7.05,6.0083,6.6176,6.0204
1106,-62.2921,-11.6127,0.6551,0.7,0.2708,4.0083,7.0546,6.0083,6.6194,6.0213
1107,-61.7372,-11.6717,0.6551,0.7,0.3278,4.0259,7.0583,6.0083,6.6213,6.0213
1108,-62.225,-11.6335,0.6552,0.7,0.2306,4.0231,7.063,6.0083,6.6241,6.0213
1109,-62.33,-11.6839,0.6553,0.7,0.2681,3.9741,7.0667,6.0102,6.6259,6.0222
1110,-62.7854,-11.62,0.6554,0.7,0.2069,4.0639,7.0713,6.0111,6.6278,6.0231
1111,-62.705,-11.6149,0.6554,0.7,0.2847,3.9796,7.075,6.012,6.6296,6.0241
1112,-62.6827,-11.681,0.6554,0.7,0.2625,3.9926,7.0796,6.012,6.6324,6.0241
1113,-62.5899,-11.6929,0.6555,0.7,0.2097,4.0046,7.0833,6.012,6.6343,6.025
1114,-62.7131,-11.6953,0.6555,0.7,0.2556,3.9963,7.088,6.013,6.6361,6.0259
1115,-62.9698,-11.7252,0.6555,0.7,0.2222,3.975,7.0917,6.013,6.638,6.0259
1116,-62.7456,-11.7066,0.6555,0.7,0.1917,3.987,7.0963,6.0139,6.6407,6.0259
1117,-62.8498,-11.7421,0.6556,0.7,0.2167,4.025,7.1009,6.0148,6.6426,6.0287
1118,-62.7813,-11.6816,0.6556,0.7,0.2389,3.9676,7.1046,6.0157,6.6444,6.0296
1119,-62.5461,-11.6319,0.6557,0.7,0.2139,4.0213,7.1093,6.0176,6.6472,6.0306
1120,-62.6458,-11.5921,0.6557,0.7,0.2778,4.0324,7.113,6.0194,6.6491,6.0306
1121,-62.9739,-11.5126,0.6558,0.7,0.3167,3.9815,7.1176,6.0194,6.6509,6.0306
1122,-63.1686,-11.5473,0.6558,0.7,0.3,3.9694,7.1213,6.0194,6.6528,6.0324
1123,-62.5024,-11.4631,0.6558,0.7,0.3125,4.0583,7.1259,6.0204,6.6556,6.0333
1124,-63.1452,-11.4526,0.6559,0.7,0.2569,4.0657,7.1296,6.0204,6.6574,6.0333
1125,-62.5263,-11.567,0.6558,0.7,0.2875,3.9463,7.1343,6.0204,6.6593,6.0333
1126,-62.5506,-11.4982,0.6558,0.7,0.2833,3.962,7.138,6.0222,6.6611,6.0352
1127,-62.3197,-11.4586,0.6559,0.7,0.3042,3.9361,7.1426,6.0231,6.6639,6.0361
1128,-62.0992,-11.4223,0.6559,0.7,0.3431,3.9815,7.1463,6.0231,6.6657,6.0361
1129,-61.8448,-11.3706,0.6559,0.7,0.4167,3.9944,7.1509,6.0231,6.6676,6.0361
1130,-62.7065,-11.3322,0.6559,0.7,0.4528,4.0407,7.1546,6.0231,6.6694,6.037
1131,-62.3778,-11.4063,0.6559,0.7,0.3403,3.9722,7.1593,6.025,6.6722,6.037
1132,-62.2686,-11.3899,0.6559,0.7,0.3958,3.9935,7.163,6.025,6.6741,6.037
1133,-61.3403,-11.3995,0.6559,0.7,0.4417,3.9852,7.1676,6.0259,6.6759,6.0398
1134,-61.2228,-11.4669,0.6558,0.7,0.4042,3.9685,7.1713,6.0287,6.6778,6.0426
1135,-61.1389,-11.4305,0.6558,0.7,0.4694,4.0185,7.1759,6.0287,6.6806,6.0426
1136,-61.4571,-11.3414,0.6558,0.7,0.4472,4.0611,7.1796,6.0306,6.6824,6.0454
1137,-61.4761,-11.4628,0.6558,0.7,0.3903,3.9333,7.1843,6.0315,6.6843,6.0472
1138,-60.7592,-11.5163,0.6557,0.7,0.3764,4.0463,7.188,6.0315,6.6861,6.0491
1139,-61.5333,-11.3939,0.6558,0.7,0.3528,3.9213,7.1926,6.0324,6.6889,6.0509
1140,-61.5058,-11.4706,0.6559,0.7,0.3972,4.0324,7.1963,6.0333,6.6907,6.0509
1141,-61.1505,-11.5151,0.6558,0.7,0.4667,4.0324,7.2009,6.0352,6.6926,6.0528
1142,-61.7864,-11.5793,0.6558,0.7,0.3306,4.037,7.2046,6.0361,6.6944,6.0537
1143,-61.119,-11.5172,0.6559,0.7,0.3958,3.9546,7.2093,6.037,6.6972,6.0537
1144,-61.2983,-11.5055,0.656,0.7,0.4708,4.0,7.213,6.038,6.6991,6.0537
1145,-61.4453,-11.4999,0.656,0.7,0.45,3.9704,7.2176,6.0398,6.7009,6.0565
1146,-61.034,-11.5928,0.656,0.7,0.3139,4.025,7.2213,6.0407,6.7028,6.0574
1147,-60.9991,-11.6239,0.656,0.7,0.2764,4.012,7.225,6.0407,6.7056,6.0574
1148,-61.2066,-11.5516,0.6561,0.7,0.3736,4.0046,7.2296,6.0417,6.7074,6.0583
1149,-60.4691,-11.5607,0.6561,0.7,0.4028,3.9889,7.2333,6.0417,6.7093,6.0593
1150,-61.2791,-11.4899,0.6562,0.7,0.3583,3.9676,7.238,6.0426,6.7111,6.0602
1151,-61.5217,-11.5117,0.6562,0.7,0.3778,4.0056,7.2417,6.0435,6.713,6.0611
1152,-61.1378,-11.5444,0.6562,0.7,0.3292,4.0463,7.2463,6.0454,6.7157,6.0611
1153,-61.1086,-11.6327,0.6562,0.7,0.3403,4.0093,7.25,6.0454,6.7176,6.062
1154,-61.259,-11.5939,0.6562,0.7,0.3639,3.9574,7.2546,6.0472,6.7194,6.063
1155,-60.7706,-11.6426,0.6562,0.7,0.3139,4.0148,7.2583,6.0509,6.7213,6.0657
1156,-61.5088,-11.6385,0.6562,0.7,0.3083,4.0019,7.263,6.0528,6.7241,6.0667
1157,-61.1748,-11.6625,0.6563,0.7,0.3125,4.0731,7.2667,6.0537,6.7259,6.0704
1158,-61.635,-11.7245,0.6563,0.7,0.3167,3.9556,7.2704,6.0546,6.7278,6.0713
1159,-62.0578,-11.746,0.6563,0.7,0.2361,3.9444,7.275,6.0574,6.7296,6.0741
1160,-61.8238,-11.7327,0.6563,0.7,0.2667,3.9806,7.2787,6.0574,6.7315,6.075
1161,-60.5718,-11.6663,0.6563,0.7,0.275,3.987,7.2833,6.0602,6.7343,6.0787
1162,-61.273,-11.746,0.6563,0.7,0.2375,4.0046,7.287,6.0639,6.7361,6.0815
1163,-62.0155,-11.7766,0.6563,0.7,0.2014,3.9194,7.2917,6.0648,6.738,6.0815
1164,-61.9332,-11.8116,0.6564,0.7,0.2236,4.0333,7.2954,6.0667,6.7398,6.0824
1165,-61.7626,-11.7296,0.6564,0.7,0.2667,3.987,7.3,6.0685,6.7426,6.0852
1166,-62.0525,-11.803,0.6564,0.7,0.2361,4.0009,7.3037,6.0685,6.7444,6.0861
1167,-62.1467,-11.7306,0.6565,0.7,0.2111,4.0083,7.3074,6.0694,6.7463,6.0889
1168,-62.7272,-11.8038,0.6566,0.7,0.2181,4.0139,7.312,6.0704,6.7481,6.0898
1169,-62.8062,-11.7571,0.6566,0.7,0.1931,4.0648,7.3157,6.0741,6.75,6.0935
1170,-62.7366,-11.854,0.6566,0.7,0.1958,3.9833,7.3204,6.075,6.7528,6.0935
1171,-62.0312,-11.84,0.6566,0.7,0.1875,4.0185,7.3241,6.075,6.7546,6.0935
1172,-62.1605,-11.7052,0.6566,0.7,0.1819,4.0037,7.3278,6.0759,6.7565,6.0963
1173,-63.0778,-11.7245,0.6566,0.7,0.2542,3.9537,7.3324,6.0769,6.7583,6.0981
1174,-63.0242,-11.7093,0.6567,0.7,0.2111,3.9759,7.3361,6.0796,6.7602,6.1009
1175,-62.8777,-11.6921,0.6567,0.7,0.2319,4.0241,7.3407,6.0824,6.763,6.1037
1176,-63.2487,-11.6706,0.6567,0.7,0.2472,3.9907,7.3444,6.0843,6.7648,6.1046
1177,-63.1322,-11.7907,0.6567,0.7,0.1986,3.9593,7.3491,6.0843,6.7667,6.1046
1178,-62.738,-11.6704,0.6567,0.7,0.2347,3.9565,7.3528,6.0852,6.7685,6.1056
1179,-62.742,-11.6431,0.6567,0.7,0.2431,4.0454,7.3565,6.087,6.7704,6.1074
1180,-63.1246,-11.6426,0.6568,0.7,0.2292,4.0204,7.3611,6.088,6.7731,6.1074
1181,-63.2224,-11.6373,0.6568,0.7,0.1972,3.9963,7.3648,6.0898,6.775,6.1083
1182,-63.1232,-11.6134,0.6568,0.7,0.2583,4.0759,7.3694,6.0926,6.7769,6.1102
1183,-63.3655,-11.5849,0.6569,0.7,0.2111,4.0139,7.3731,6.0935,6.7787,6.1111
1184,-63.5457,-11.5547,0.6568,0.7,0.2069,4.0259,7.3769,6.0954,6.7815,6.1139
1185,-63.9494,-11.5043,0.6568,0.7,0.2014,3.9546,7.3815,6.0972,6.7833,6.1148
1186,-63.8337,-11.5151,0.6568,0.7,0.2708,3.9519,7.3852,6.1,6.7852,6.1185
1187,-63.0226,-11.4937,0.6567,0.7,0.3361,4.0074,7.3898,6.1009,6.787,6.1204
1188,-63.7444,-11.4453,0.6568,0.7,0.3542,3.9926,7.3935,6.1019,6.7889,6.1204
1189,-63.5252,-11.4514,0.6567,0.7,0.2917,4.037,7.3972,6.1065,6.7917,6.1231
1190,-63.4894,-11.4025,0.6567,0.7,0.2944,4.0361,7.4019,6.1102,6.7935,6.1278
1191,-62.9914,-11.5267,0.6566,0.7,0.2347,4.0241,7.4056,6.1111,6.7954,6.1278
1192,-63.0897,-11.4404,0.6567,0.7,0.3889,4.0343,7.4102,6.113,6.7972,6.1296
1193,-63.1155,-11.4193,0.6567,0.7,0.3694,3.9787,7.4139,6.1139,6.7991,6.1333
1194,-62.8939,-11.3381,0.6567,0.7,0.3556,3.9926,7.4185,6.1148,6.8019,6.1352
1195,-62.7119,-11.4175,0.6567,0.7,0.3708,4.0074,7.4222,6.1176,6.8037,6.137
1196,-62.7596,-11.3553,0.6567,0.7,0.4139,4.0213,7.4259,6.1194,6.8056,6.137
1197,-62.2859,-11.3544,0.6567,0.7,0.4083,3.9796,7.4306,6.1204,6.8074,6.1389
1198,-62.1952,-11.4102,0.6567,0.7,0.4014,4.0213,7.4343,6.1213,6.8093,6.1407
1199,-62.3728,-11.3553,0.6567,0.7,0.4583,4.012,7.4389,6.1241,6.812,6.1426
1200,-61.5321,-11.3469,0.6566,0.7,0.4472,4.0361,7.4426,6.1241,6.8139,6.1444
1201,-61.4779,-11.3867,0.6566,0.7,0.4722,3.9481,7.4472,6.1269,6.8157,6.1454
1202,-61.3864,-11.3206,0.6567,0.7,0.4056,4.0019,7.4509,6.1306,6.8176,6.1472
1203,-61.0508,-11.3959,0.6566,0.7,0.3819,4.0565,7.4546,6.1333,6.8204,6.1509
1204,-60.4955,-11.5,0.6566,0.7,0.3319,3.9889,7.4593,6.138,6.8222,6.1593
1205,-60.0361,-11.4942,0.6565,0.7,0.4042,4.0213,7.463,6.1426,6.8241,6.162
1206,-59.6963,-11.4574,0.6565,0.7,0.4611,3.9843,7.4676,6.1454,6.8259,6.1639
1207,-60.2099,-11.5126,0.6564,0.7,0.4417,4.025,7.4713,6.1463,6.8278,6.1639
1208,-60.7939,-11.5089,0.6564,0.7,0.4056,4.0176,7.475,6.1528,6.8306,6.1657
1209,-60.5713,-11.4961,0.6564,0.7,0.3875,4.0278,7.4796,6.1546,6.8324,6.1676
1210,-60.6689,-11.4917,0.6564,0.7,0.3875,4.0444,7.4833,6.1565,6.8343,6.1704
1211,-61.3027,-11.6562,0.6563,0.7,0.3264,3.9796,7.488,6.1583,6.8361,6.1713
1212,-60.8537,-11.7297,0.6563,0.7,0.3556,4.0102,7.4917,6.1593,6.838,6.1722
1213,-60.2222,-11.7978,0.6561,0.7,0.3083,4.0519,7.4963,6.163,6.8407,6.1731
1214,-60.5029,-11.8687,0.6561,0.7,0.2792,3.9972,7.5,6.1657,6.8426,6.175
1215,-60.9627,-11.7656,0.6561,0.7,0.3111,3.9861,7.5046,6.1667,6.8444,6.1759
1216,-61.2023,-11.7769,0.6561,0.7,0.3,4.0296,7.5083,6.1704,6.8463,6.1769
1217,-60.6735,-11.7679,0.6561,0.7,0.2819,4.0028,7.512,6.1769,6.8491,6.1824
1218,-61.1305,-11.8706,0.6561,0.7,0.2097,4.0241,7.5167,6.1778,6.8509,6.1843
1219,-60.8178,-11.8124,0.6561,0.7,0.2861,3.9944,7.5204,6.1806,6.8528,6.187
1220,-61.3301,-11.8909,0.6561,0.7,0.2139,4.0491,7.525,6.1824,6.8546,6.188
1221,-61.5784,-11.863,0.6561,0.7,0.1819,4.0204,7.5287,6.187,6.8565,6.1935
1222,-61.2248,-11.9076,0.656,0.7,0.2194,3.9806,7.5333,6.1898,6.8593,6.1972
1223,-61.1068,-11.8554,0.656,0.7,0.1847,3.9546,7.537,6.1935,6.8611,6.2
1224,-61.5821,-11.8386,0.656,0.7,0.2347,3.9935,7.5417,6.1963,6.863,6.2019
1225,-62.22,-11.8465,0.6561,0.7,0.2125,3.9667,7.5454,6.1981,6.8648,6.2046
1226,-62.1283,-11.9232,0.6561,0.7,0.1556,4.0565,7.5491,6.1981,6.8676,6.2065
1227,-61.9518,-11.8575,0.6561,0.7,0.1917,3.9944,7.5537,6.2009,6.8694,6.2093
1228,-62.6169,-11.9181,0.6561,0.7,0.1597,3.9667,7.5574,6.2046,6.8713,6.212
1229,-62.3659,-11.9668,0.656,0.7,0.1847,4.0028,7.562,6.2074,6.8731,6.2139
1230,-62.5193,-11.9325,0.6559,0.7,0.1931,4.0028,7.5657,6.2111,6.875,6.2167
1231,-63.0445,-11.9069,0.6559,0.7,0.1611,4.0046,7.5704,6.213,6.8778,6.2176
1232,-62.9572,-11.8784,0.6559,0.7,0.1667,4.0269,7.5741,6.2194,6.8796,6.2231
1233,-62.7455,-11.8624,0.6559,0.7,0.1625,3.9861,7.5787,6.2213,6.8815,6.2269
1234,-62.9279,-11.8359,0.6559,0.7,0.1778,4.0306,7.5824,6.2222,6.8833,6.2278
1235,-63.4884,-11.7683,0.656,0.7,0.1972,4.0259,7.587,6.2231,6.8861,6.2306
1236,-63.6193,-11.8315,0.6559,0.7,0.1333,3.9731,7.5907,6.2241,6.888,6.2333
1237,-64.3786,-11.7946,0.6559,0.7,0.1528,3.9741,7.5954,6.2259,6.8898,6.2343
1238,-63.558,-11.7407,0.6558,0.7,0.1472,4.0306,7.5991,6.2296,6.8917,6.2389
1239,-63.9948,-11.7467,0.6558,0.7,0.175,3.9583,7.6037,6.2324,6.8944,6.2389
1240,-63.5032,-11.7024,0.6558,0.7,0.1583,3.9861,7.6074,6.2352,6.8963,6.2435
1241,-63.6768,-11.6628,0.6558,0.7,0.2292,4.0046,7.612,6.238,6.8981,6.2472
1242,-63.5981,-11.5248,0.6559,0.7,0.2486,4.0019,7.6157,6.2426,6.9,6.25
1243,-63.868,-11.5777,0.6559,0.7,0.2222,4.0287,7.6204,6.2463,6.9028,6.25
1244,-63.6618,-11.5455,0.6559,0.7,0.2847,3.9722,7.6241,6.25,6.9046,6.2528
1245,-63.389,-11.5282,0.6559,0.7,0.2931,3.9778,7.6287,6.2565,6.9065,6.2574
1246,-63.433,-11.4995,0.6558,0.7,0.2944,3.9824,7.6324,6.2583,6.9083,6.2602
1247,-63.6821,-11.4013,0.6559,0.7,0.2875,3.9546,7.637,6.262,6.9111,6.2648
1248,-63.4008,-11.3102,0.6559,0.7,0.4042,3.9843,7.6407,6.2676,6.913,6.2722
1249,-63.0776,-11.3006,0.6559,0.7,0.3764,3.9935,7.6454,6.2759,6.9148,6.2824
1250,-63.1874,-11.2946,0.6559,0.7,0.3917,3.9509,7.6491,6.2806,6.9167,6.288
1251,-62.9166,-11.2894,0.6558,0.7,0.4306,4.0241,7.6537,6.2833,6.9194,6.2907
1252,-62.6842,-11.2892,0.6558,0.7,0.3597,3.8981,7.6574,6.2861,6.9213,6.2954
1253,-63.0223,-11.2808,0.6558,0.7,0.4861,3.9787,7.662,6.2898,6.9231,6.3009
1254,-62.1031,-11.1987,0.6558,0.7,0.5306,4.0593,7.6657,6.2926,6.9259,6.3046
1255,-61.824,-11.2104,0.6558,0.7,0.5722,4.0435,7.6704,6.2963,6.9278,6.3111
1256,-62.7055,-11.1274,0.6559,0.7,0.4861,3.9778,7.6741,6.2991,6.9296,6.3176
1257,-61.3887,-11.1816,0.6558,0.7,0.5972,3.9676,7.6787,6.3019,6.9315,6.3194
1258,-61.1661,-11.1985,0.6557,0.7,0.6403,3.9824,7.6824,6.3074,6.9343,6.3259
1259,-60.8903,-11.1644,0.6556,0.7,0.675,3.9259,7.687,6.3157,6.9361,6.3296
1260,-60.759,-11.224,0.6556,0.7,0.5889,3.9537,7.6907,6.3222,6.938,6.3343
1261,-60.7858,-11.2911,0.6555,0.7,0.5597,3.9917,7.6954,6.325,6.9398,6.338
1262,-60.6048,-11.3006,0.6555,0.7,0.5389,4.0204,7.6991,6.3287,6.9426,6.3417
1263,-60.2414,-11.3003,0.6555,0.7,0.5236,4.0093,7.7037,6.3315,6.9444,6.3463
1264,-60.0332,-11.3374,0.6555,0.7,0.5153,3.9907,7.7074,6.3352,6.9463,6.35
1265,-60.3186,-11.3592,0.6554,0.7,0.5125,3.9991,7.712,6.3407,6.9481,6.3574
1266,-59.8458,-11.3485,0.6553,0.7,0.5875,4.0083,7.7167,6.3481,6.9509,6.363
1267,-59.933,-11.4676,0.6552,0.7,0.4375,3.9991,7.7204,6.3528,6.9528,6.3667
1268,-59.5903,-11.4556,0.6551,0.7,0.4903,3.9852,7.725,6.3583,6.9546,6.3731
1269,-59.317,-11.5421,0.655,0.7,0.4292,4.0324,7.7287,6.3611,6.9565,6.3759
1270,-60.0221,-11.492,0.6551,0.7,0.4792,3.9731,7.7333,6.3639,6.9593,6.3806
1271,-59.666,-11.5856,0.6549,0.7,0.425,3.9935,7.737,6.3667,6.9611,6.3833
1272,-60.373,-11.5919,0.6549,0.7,0.3875,3.9574,7.7417,6.3722,6.963,6.388
1273,-59.7848,-11.6954,0.6548,0.7,0.3083,3.9639,7.7454,6.3778,6.9657,6.3944
1274,-60.1593,-11.7136,0.6548,0.7,0.3681,3.9963,7.75,6.3787,6.9676,6.3981
1275,-60.4833,-11.6657,0.6549,0.7,0.3333,3.9944,7.7546,6.3833,6.9694,6.4074
1276,-60.5163,-11.7403,0.6549,0.7,0.325,3.9963,7.7583,6.3907,6.9713,6.412
1277,-60.4772,-11.7624,0.6549,0.7,0.2458,4.012,7.763,6.3926,6.9741,6.4148
1278,-60.6481,-11.8225,0.6549,0.7,0.2222,4.0102,7.7667,6.4,6.9759,6.4204
1279,-60.74,-11.8081,0.6549,0.7,0.2472,3.9861,7.7713,6.4065,6.9778,6.4259
1280,-60.6366,-11.8686,0.6549,0.7,0.2917,3.9944,7.775,6.4093,6.9806,6.4269
1281,-61.2091,-11.939,0.6548,0.7,0.2208,3.9704,7.7796,6.412,6.9824,6.4333
1282,-61.0446,-11.8526,0.6549,0.7,0.2403,3.9833,7.7833,6.4157,6.9843,6.4352
1283,-61.386,-11.9643,0.6548,0.7,0.1875,3.9556,7.788,6.4185,6.9861,6.438
1284,-61.6815,-11.9869,0.6548,0.7,0.1806,4.0204,7.7926,6.4241,6.9889,6.4417
1285,-61.8124,-12.0187,0.6548,0.7,0.1569,4.075,7.7963,6.4296,6.9907,6.4444
1286,-62.2634,-12.0074,0.6548,0.7,0.1472,3.9676,7.8009,6.4343,6.9926,6.45
1287,-62.0267,-12.0236,0.6547,0.7,0.1417,3.963,7.8046,6.4417,6.9954,6.4574
1288,-62.2866,-11.968,0.6548,0.7,0.1681,3.9833,7.8093,6.4491,6.9972,6.4685
1289,-62.4137,-12.0176,0.6548,0.7,0.1306,4.0685,7.813,6.4528,6.9991,6.4722
1290,-62.4771,-11.9887,0.6548,0.7,0.1403,3.963,7.8176,6.4556,7.0019,6.4778
1291,-62.38,-11.963,0.6548,0.7,0.1694,3.9852,7.8222,6.4602,7.0037,6.4833
1292,-62.9745,-11.9991,0.6548,0.7,0.1458,4.0102,7.8259,6.4694,7.0056,6.4907
1293,-62.9196,-11.9728,0.6547,0.7,0.1639,3.9889,7.8306,6.4722,7.0074,6.4944
1294,-63.1467,-11.9874,0.6548,0.7,0.1069,3.9602,7.8343,6.4787,7.0102,6.5037
1295,-63.4122,-12.0565,0.6547,0.7,0.0778,3.9333,7.8389,6.4815,7.012,6.5056
1296,-63.556,-12.0067,0.6546,0.7,0.1333,3.9676,7.8435,6.4889,7.0139,6.5148
1297,-63.797,-11.9968,0.6545,0.7,0.0819,4.0333,7.8472,6.4963,7.0167,6.5231
1298,-63.8748,-11.9427,0.6544,0.7,0.1264,4.0278,7.8519,6.4991,7.0185,6.5269
1299,-63.6818,-11.9291,0.6544,0.7,0.1708,4.0259,7.8556,6.5065,7.0204,6.5315
1300,-63.9486,-11.8837,0.6543,0.7,0.1167,3.9676,7.8602,6.5111,7.0231,6.5389
1301,-63.7354,-11.7995,0.6543,0.7,0.2167,4.0269,7.8648,6.5176,7.025,6.5463
1302,-64.1519,-11.7452,0.6544,0.7,0.1389,3.9796,7.8685,6.5231,7.0269,6.5509
1303,-64.2176,-11.7591,0.6543,0.7,0.1597,4.0167,7.8731,6.5241,7.0296,6.5528
1304,-64.353,-11.8078,0.6543,0.7,0.1264,4.0287,7.8778,6.5296,7.0315,6.5593
1305,-64.4745,-11.7718,0.6542,0.7,0.1597,4.0009,7.8815,6.537,7.0333,6.562
1306,-64.3367,-11.6592,0.6542,0.7,0.1181,4.0333,7.8861,6.5426,7.0361,6.5657
1307,-64.8554,-11.5072,0.6541,0.7,0.2639,4.0222,7.8907,6.5472,7.038,6.5704
1308,-64.9867,-11.5156,0.654,0.7,0.2181,3.9917,7.8944,6.5556,7.0398,6.5806
1309,-64.6016,-11.5129,0.654,0.7,0.2458,3.9926,7.8991,6.5583,7.0426,6.5833
1310,-64.3927,-11.4749,0.6539,0.7,0.2417,4.0296,7.9037,6.562,7.0444,6.5861
1311,-64.7223,-11.4169,0.6539,0.7,0.2208,3.975,7.9074,6.5694,7.0463,6.5917
1312,-63.8994,-11.4273,0.6539,0.7,0.2639,4.0935,7.912,6.575,7.0491,6.5972
1313,-64.0917,-11.3171,0.6539,0.7,0.2819,4.0537,7.9167,6.5815,7.0509,6.6046
1314,-64.0161,-11.3669,0.6538,0.7,0.2778,3.9833,7.9213,6.5889,7.0528,6.6139
1315,-64.2956,-11.2164,0.6538,0.7,0.3625,3.9759,7.925,6.5963,7.0556,6.6213
1316,-63.5519,-11.1632,0.6537,0.7,0.45,3.9833,7.9296,6.5991,7.0574,6.625
1317,-63.88,-11.1241,0.6537,0.7,0.4472,3.9769,7.9343,6.6065,7.0593,6.6315
1318,-63.4518,-11.1236,0.6536,0.7,0.4917,3.9519,7.938,6.6093,7.062,6.6352
1319,-63.5836,-11.0802,0.6536,0.7,0.4486,3.9981,7.9426,6.6148,7.0639,6.6389
1320,-62.4164,-10.9875,0.6535,0.7,0.6542,3.9917,7.9472,6.6185,7.0667,6.6435
1321,-62.5015,-10.9837,0.6535,0.7,0.6514,4.0194,7.9519,6.6222,7.0685,6.6491
1322,-62.7621,-11.013,0.6534,0.7,0.5583,3.9898,7.9556,6.6269,7.0704,6.6546
1323,-61.8173,-11.0253,0.6532,0.7,0.6097,3.9741,7.9602,6.6361,7.0731,6.6639
1324,-60.732,-11.084,0.6531,0.7,0.7875,3.9463,7.9648,6.6426,7.075,6.6694
1325,-61.6017,-11.0144,0.6531,0.7,0.675,3.9639,7.9694,6.6519,7.0778,6.6769
1326,-61.5498,-11.083,0.653,0.7,0.6306,3.9565,7.9741,6.6583,7.0796,6.6824
1327,-60.9058,-11.1494,0.6529,0.7,0.5431,3.9944,7.9778,6.6657,7.0815,6.6889
1328,-59.8652,-11.1311,0.6528,0.7,0.6875,3.988,7.9824,6.6731,7.0843,6.6954
1329,-60.6,-11.2093,0.6528,0.7,0.6653,4.0463,7.987,6.6769,7.0861,6.7019
1330,-60.6713,-11.1039,0.6528,0.7,0.5806,3.9991,7.9917,6.6843,7.0889,6.7111
1331,-60.365,-11.1386,0.6528,0.7,0.6167,4.0296,7.9963,6.6935,7.0907,6.7167
1332,-59.6412,-11.228,0.6527,0.7,0.5472,4.0093,8.0,6.6972,7.0926,6.7213
1333,-59.003,-11.2666,0.6526,0.7,0.6139,4.012,8.0046,6.7009,7.0954,6.7296
1334,-58.7335,-11.2927,0.6525,0.7,0.6319,4.0167,8.0093,6.7056,7.0972,6.7333
1335,-59.5908,-11.3122,0.6525,0.7,0.5306,4.0093,8.0139,6.713,7.1,6.7444
1336,-59.6591,-11.3255,0.6525,0.7,0.5264,4.0157,8.0185,6.7139,7.1019,6.7472
1337,-59.0638,-11.4062,0.6523,0.7,0.5889,3.9528,8.0222,6.7185,7.1037,6.7509
1338,-59.3411,-11.3433,0.6523,0.7,0.6611,3.9991,8.0269,6.7213,7.1065,6.7546
1339,-59.203,-11.4315,0.6522,0.7,0.5278,3.9954,8.0315,6.7259,7.1083,6.7611
1340,-58.9634,-11.4968,0.6521,0.7,0.5458,4.0028,8.0361,6.7352,7.1111,6.7648
1341,-59.337,-11.5795,0.6521,0.7,0.5056,3.9972,8.0407,6.7389,7.113,6.7694
1342,-59.3624,-11.5572,0.6521,0.7,0.4528,3.9815,8.0454,6.7472,7.1157,6.7759
1343,-59.0176,-11.6302,0.6521,0.7,0.3889,3.9769,8.0491,6.7546,7.1176,6.7833
1344,-59.3571,-11.6321,0.6521,0.7,0.4708,3.9917,8.0537,6.762,7.1194,6.788
1345,-59.7784,-11.5777,0.6521,0.7,0.4625,3.9806,8.0583,6.7676,7.1222,6.7926
1346,-59.2856,-11.7441,0.652,0.7,0.3403,4.0352,8.063,6.7704,7.1241,6.7972
1347,-59.6931,-11.7447,0.652,0.7,0.3472,3.9824,8.0676,6.7722,7.1269,6.8019
1348,-59.9087,-11.8617,0.652,0.7,0.3125,4.037,8.0722,6.7796,7.1287,6.8074
1349,-60.4423,-11.9425,0.6519,0.7,0.2625,3.9759,8.0759,6.7824,7.1315,6.8102
1350,-60.4399,-11.9003,0.652,0.7,0.2083,4.0148,8.0806,6.7861,7.1333,6.8139
1351,-60.155,-11.9515,0.6519,0.7,0.2194,3.9972,8.0852,6.7889,7.1352,6.8167
1352,-60.9868,-12.0377,0.6519,0.7,0.1931,4.0426,8.0898,6.7907,7.138,6.8194
1353,-61.6841,-12.1265,0.6518,0.7,0.1514,3.9731,8.0944,6.7963,7.1398,6.8222
1354,-61.7311,-12.1274,0.6517,0.7,0.1528,4.0574,8.0991,6.8046,7.1426,6.8269
1355,-61.8841,-12.1124,0.6517,0.7,0.1333,4.0056,8.1037,6.8093,7.1444,6.8315
1356,-61.9228,-12.1326,0.6516,0.7,0.1125,4.0056,8.1074,6.813,7.1472,6.8343
1357,-61.9576,-12.1029,0.6516,0.7,0.1806,4.0167,8.112,6.8194,7.1491,6.8417
1358,-61.799,-12.1252,0.6515,0.7,0.1167,3.9926,8.1167,6.8241,7.1519,6.8444
1359,-62.02,-12.0531,0.6516,0.7,0.1917,3.9407,8.1213,6.8287,7.1537,6.8565
1360,-62.0038,-12.1053,0.6516,0.7,0.1153,4.012,8.1259,6.8333,7.1556,6.8602
1361,-62.8711,-12.1118,0.6516,0.7,0.0944,3.9593,8.1306,6.838,7.1583,6.8667
1362,-63.0608,-12.0854,0.6516,0.7,0.1167,3.9454,8.1352,6.8417,7.1602,6.8704
1363,-62.9716,-12.0577,0.6516,0.7,0.15,4.0019,8.1398,6.8454,7.163,6.8722
1364,-63.2728,-12.1006,0.6516,0.7,0.1111,4.0324,8.1444,6.8491,7.1648,6.875
1365,-63.1216,-12.0382,0.6516,0.7,0.1542,3.9676,8.1491,6.8528,7.1676,6.8806
1366,-63.202,-12.07,0.6515,0.7,0.0792,4.0065,8.1528,6.8565,7.1694,6.8806
1367,-63.6792,-12.0394,0.6516,0.7,0.1278,4.0056,8.1574,6.8639,7.1722,6.8843
1368,-63.9582,-12.0459,0.6515,0.7,0.1028,3.963,8.162,6.8685,7.1741,6.888
1369,-63.9247,-11.9947,0.6515,0.7,0.0917,4.0241,8.1667,6.8713,7.1769,6.8898
1370,-64.0102,-11.9483,0.6514,0.7,0.1167,4.0102,8.1713,6.8722,7.1787,6.8926
1371,-64.2873,-11.9511,0.6514,0.7,0.1153,3.9824,8.1759,6.8778,7.1815,6.8981
1372,-64.3273,-11.9803,0.6513,0.7,0.05,3.9667,8.1806,6.8824,7.1833,6.9019
1373,-64.2657,-11.8686,0.6513,0.7,0.1361,3.9917,8.1852,6.8843,7.1861,6.9028
1374,-64.4471,-11.8668,0.6512,0.7,0.125,4.0111,8.1898,6.8898,7.188,6.9083
1375,-64.5498,-11.7532,0.6511,0.7,0.1222,3.9815,8.1944,6.8917,7.1907,6.9111
1376,-65.1044,-11.7423,0.6511,0.7,0.1417,4.0148,8.1991,6.8954,7.1926,6.9148
1377,-64.918,-11.6933,0.651,0.7,0.1264,4.0241,8.2037,6.8981,7.1954,6.9185
1378,-65.2595,-11.6985,0.651,0.7,0.1264,3.9667,8.2083,6.8991,7.1972,6.9222
1379,-64.9515,-11.6587,0.6509,0.7,0.1444,3.9463,8.213,6.9028,7.2,6.9259
1380,-64.4209,-11.6169,0.6509,0.7,0.1486,3.9898,8.2176,6.9093,7.2019,6.9306
1381,-65.0602,-11.6118,0.6509,0.7,0.1139,3.9639,8.2222,6.9167,7.2046,6.9361
1382,-64.8253,-11.5318,0.6509,0.7,0.2042,3.9861,8.2269,6.9204,7.2065,6.938
1383,-65.2616,-11.5103,0.6508,0.7,0.1931,3.9722,8.2315,6.9213,7.2093,6.938
1384,-64.9826,-11.4369,0.6506,0.7,0.2681,4.025,8.2361,6.9222,7.2111,6.9398
1385,-64.9738,-11.388,0.6506,0.7,0.2486,3.9796,8.2407,6.9241,7.2139,6.9417
1386,-65.1753,-11.3,0.6506,0.7,0.3139,4.0231,8.2454,6.9287,7.2157,6.9472
1387,-64.8458,-11.3583,0.6506,0.7,0.3208,3.9778,8.25,6.9306,7.2185,6.95
1388,-64.5027,-11.3311,0.6506,0.7,0.3514,4.0491,8.2546,6.9306,7.2204,6.9509
1389,-64.4764,-11.29,0.6506,0.7,0.2903,4.0269,8.2593,6.9324,7.2231,6.9519
1390,-64.5151,-11.2335,0.6507,0.7,0.3403,3.9796,8.2639,6.9343,7.225,6.9528
1391,-63.9456,-11.1777,0.6507,0.7,0.3986,4.013,8.2685,6.937,7.2278,6.9556
1392,-63.7976,-11.0622,0.6507,0.7,0.5444,4.0093,8.2731,6.9389,7.2296,6.9583
1393,-63.0994,-10.9166,0.6506,0.7,0.6056,4.0213,8.2778,6.9398,7.2324,6.9602
1394,-63.4694,-10.8995,0.6505,0.7,0.7125,3.9954,8.2824,6.9426,7.2343,6.963
1395,-62.6657,-10.854,0.6504,0.7,0.8139,3.9519,8.287,6.9426,7.237,6.963
1396,-62.6306,-10.8999,0.6503,0.7,0.7986,3.9806,8.2917,6.9435,7.2389,6.963
1397,-62.0757,-10.8899,0.6502,0.7,0.7653,3.9694,8.2963,6.9454,7.2417,6.9639
1398,-60.6729,-10.9946,0.65,0.7,0.8417,3.9713,8.3009,6.9481,7.2444,6.9648
1399,-60.9204,-10.932,0.65,0.7,0.7903,4.0074,8.3056,6.95,7.2463,6.9676
1400,-60.2158,-10.9464,0.6499,0.7,0.8306,4.0148,8.3102,6.9528,7.2491,6.9704
1401,-60.5384,-10.9981,0.6498,0.7,0.7792,3.9574,8.3157,6.9546,7.2509,6.9722
1402,-60.5881,-11.0107,0.6497,0.7,0.8264,3.9583,8.3204,6.9565,7.2537,6.9741
1403,-58.6878,-11.1208,0.6496,0.7,0.7667,4.0231,8.325,6.9593,7.2556,6.9769
1404,-59.0353,-11.087,0.6496,0.7,0.8389,4.0324,8.3296,6.9593,7.2583,6.9778
1405,-58.9617,-11.1229,0.6496,0.7,0.7181,3.9731,8.3343,6.9593,7.2611,6.9787
1406,-59.2162,-11.198,0.6495,0.7,0.7139,4.0,8.3389,6.9611,7.263,6.9806
1407,-58.3632,-11.3065,0.6494,0.7,0.6611,4.0028,8.3435,6.9639,7.2657,6.9815
1408,-58.2377,-11.3525,0.6493,0.7,0.6722,3.9491,8.3481,6.9639,7.2676,6.9815
1409,-58.6224,-11.3146,0.6493,0.7,0.6333,4.0361,8.3528,6.9648,7.2704,6.9815
1410,-59.0861,-11.397,0.6492,0.7,0.6306,3.9963,8.3583,6.9667,7.2722,6.9833
1411,-57.8596,-11.5017,0.649,0.7,0.5208,3.9667,8.363,6.9667,7.275,6.9833
1412,-58.5381,-11.5392,0.6489,0.7,0.5236,4.0185,8.3676,6.9676,7.2778,6.9833
1413,-58.8946,-11.6911,0.6488,0.7,0.4361,4.0074,8.3722,6.9694,7.2796,6.9852
1414,-59.3588,-11.6817,0.6488,0.7,0.3917,3.9981,8.3769,6.9694,7.2824,6.9861
1415,-58.4556,-11.7518,0.6487,0.7,0.4069,4.0167,8.3815,6.9704,7.2843,6.9898
1416,-59.1233,-11.7607,0.6487,0.7,0.3264,3.9759,8.3861,6.9713,7.287,6.9898
1417,-59.16,-11.7737,0.6487,0.7,0.3361,3.9519,8.3917,6.9713,7.2898,6.9898
1418,-59.2832,-11.8102,0.6487,0.7,0.2792,4.0083,8.3963,6.9713,7.2917,6.9898
1419,-59.9119,-11.894,0.6486,0.7,0.3389,3.9796,8.4009,6.9722,7.2944,6.9898
1420,-60.0217,-11.9065,0.6486,0.7,0.2861,3.95,8.4056,6.9722,7.2963,6.9898
1421,-59.9271,-11.984,0.6486,0.7,0.3139,4.0426,8.4102,6.9731,7.2991,6.9907
1422,-60.2116,-12.0039,0.6486,0.7,0.2375,4.0231,8.4148,6.9731,7.3019,6.9907
1423,-60.7278,-12.0118,0.6486,0.7,0.2375,3.963,8.4204,6.9731,7.3037,6.9907
1424,-60.1027,-12.0857,0.6485,0.7,0.1639,3.9917,8.425,6.9731,7.3065,6.9907
1425,-60.869,-12.1343,0.6484,0.7,0.1778,4.0185,8.4296,6.9731,7.3083,6.9917
1426,-60.6582,-12.1079,0.6484,0.7,0.1736,4.0259,8.4343,6.9731,7.3111,6.9917
1427,-61.0407,-12.058,0.6484,0.7,0.1806,3.9676,8.4389,6.975,7.3139,6.9935
1428,-61.4562,-12.1827,0.6483,0.7,0.1278,4.0028,8.4444,6.975,7.3157,6.9935
1429,-61.9274,-12.1385,0.6483,0.7,0.1125,3.938,8.4491,6.975,7.3185,6.9935
1430,-61.8984,-12.1574,0.6483,0.7,0.1444,3.988,8.4537,6.975,7.3204,6.9935
1431,-61.8989,-12.1509,0.6483,0.7,0.1292,3.9565,8.4583,6.975,7.3231,6.9935
1432,-62.2441,-12.1232,0.6483,0.7,0.1514,3.9778,8.463,6.975,7.3259,6.9935
1433,-62.4673,-12.1497,0.6483,0.7,0.1097,3.9833,8.4685,6.975,7.3278,6.9935
1434,-62.4251,-12.0986,0.6483,0.7,0.1472,3.9907,8.4731,6.975,7.3306,6.9935
1435,-62.4099,-12.0977,0.6483,0.7,0.225,4.0019,8.4778,6.975,7.3333,6.9935
1436,-62.5458,-12.084,0.6484,0.7,0.1431,3.9685,8.4824,6.975,7.3352,6.9935
1437,-62.7961,-12.0759,0.6484,0.7,0.1417,4.038,8.487,6.9759,7.338,6.9944
1438,-62.5914,-12.1012,0.6485,0.7,0.1125,4.0167,8.4926,6.9759,7.3398,6.9944
1439,-62.9813,-12.1959,0.6484,0.7,0.0667,3.9611,8.4972,6.9759,7.3426,6.9954
1440,-62.9784,-12.0839,0.6484,0.7,0.1208,4.0361,8.5019,6.9759,7.3454,6.9963
1441,-63.1488,-12.0608,0.6485,0.7,0.1542,4.0315,8.5065,6.9778,7.3472,6.9981
1442,-63.0078,-12.0884,0.6485,0.7,0.1389,3.9759,8.5111,6.9787,7.35,6.9991
1443,-63.2293,-12.0792,0.6486,0.7,0.0847,4.0056,8.5167,6.9787,7.3528,6.9991
1444,-63.4919,-12.0217,0.6486,0.7,0.0889,4.012,8.5213,6.9787,7.3546,6.9991
1445,-63.639,-11.9829,0.6487,0.7,0.1153,3.9722,8.5259,6.9787,7.3574,6.9991
1446,-64.0263,-11.9715,0.6487,0.7,0.0972,3.9889,8.5306,6.9787,7.3593,6.9991
1447,-64.3224,-11.9389,0.6487,0.7,0.1042,3.9815,8.5352,6.9787,7.362,6.9991
1448,-64.4098,-11.9376,0.6487,0.7,0.0819,3.9611,8.5407,6.9787,7.3648,6.9991
1449,-64.4607,-11.8961,0.6487,0.7,0.1222,3.9991,8.5454,6.9796,7.3667,7.0
1450,-64.5081,-11.8721,0.6486,0.7,0.0792,3.988,8.55,6.9796,7.3694,7.0
1451,-64.4993,-11.811,0.6486,0.7,0.1389,4.0287,8.5546,6.9796,7.3713,7.0
1452,-64.8225,-11.6991,0.6486,0.7,0.1556,3.975,8.5602,6.9796,7.3741,7.0
1453,-64.4165,-11.7619,0.6486,0.7,0.1694,4.0602,8.5648,6.9796,7.3769,7.0
1454,-64.9603,-11.5985,0.6487,0.7,0.15,3.9889,8.5694,6.9796,7.3787,7.0
1455,-65.2276,-11.5764,0.6487,0.7,0.1986,3.9639,8.5741,6.9796,7.3815,7.0
1456,-65.0516,-11.5528,0.6487,0.7,0.1375,3.9898,8.5787,6.9796,7.3843,7.0
1457,-65.0508,-11.445,0.6487,0.7,0.2042,4.0139,8.5843,6.9796,7.3861,7.0
1458,-65.2118,-11.3828,0.6487,0.7,0.2375,4.0009,8.5889,6.9796,7.3889,7.0
1459,-64.5881,-11.2902,0.6486,0.7,0.3069,3.9676,8.5935,6.9796,7.3907,7.0
1460,-65.1176,-11.2645,0.6486,0.7,0.3333,3.9759,8.5981,6.9796,7.3935,7.0
1461,-64.7333,-11.1612,0.6486,0.7,0.3444,3.9917,8.6037,6.9796,7.3963,7.0
1462,-64.6461,-11.1339,0.6486,0.7,0.4056,4.0093,8.6083,6.9796,7.3981,7.0
1463,-64.7194,-11.056,0.6485,0.7,0.4472,4.0167,8.613,6.9796,7.4009,7.0
1464,-64.2412,-11.0302,0.6485,0.7,0.5903,4.0,8.6176,6.9796,7.4037,7.0
1465,-63.5479,-11.0493,0.6484,0.7,0.5125,3.9991,8.6231,6.9796,7.4056,7.0
1466,-62.8182,-10.9862,0.6484,0.7,0.7,3.9833,8.6278,6.9796,7.4083,7.0
1467,-63.6104,-11.0063,0.6484,0.7,0.6111,4.0157,8.6324,6.9796,7.4111,7.0
1468,-62.7877,-10.9827,0.6483,0.7,0.625,4.0231,8.637,6.9796,7.413,7.0
1469,-61.9303,-10.9231,0.6483,0.7,0.7903,3.9833,8.6426,6.9796,7.4157,7.0
1470,-62.8358,-10.8752,0.6483,0.7,0.8069,3.9898,8.6472,6.9796,7.4185,7.0
1471,-61.6904,-10.9335,0.6482,0.7,0.7,4.0361,8.6519,6.9796,7.4204,7.0
1472,-61.0408,-10.9505,0.6482,0.7,0.6611,3.9528,8.6565,6.9796,7.4231,7.0
1473,-60.9915,-10.9716,0.6482,0.7,0.8056,4.0102,8.662,6.9796,7.4259,7.0
1474,-61.0662,-10.9568,0.6482,0.7,0.8028,3.987,8.6667,6.9796,7.4278,7.0
1475,-60.2867,-11.1047,0.648,0.7,0.7444,3.9935,8.6713,6.9796,7.4306,7.0
1476,-59.4289,-11.1375,0.648,0.7,0.7889,3.9991,8.6759,6.9796,7.4324,7.0
1477,-59.8607,-11.0979,0.6481,0.7,0.7569,3.9972,8.6815,6.9796,7.4352,7.0
1478,-59.6465,-11.0606,0.648,0.7,0.8194,3.9787,8.6861,6.9796,7.438,7.0
1479,-58.8338,-11.2256,0.6478,0.7,0.5736,3.988,8.6907,6.9796,7.4398,7.0
1480,-58.8285,-11.221,0.6478,0.7,0.7903,4.0315,8.6954,6.9796,7.4426,7.0
1481,-59.1906,-11.2882,0.6477,0.7,0.6361,4.0065,8.7009,6.9796,7.4454,7.0
1482,-59.0829,-11.4053,0.6476,0.7,0.5764,3.9935,8.7056,6.9796,7.4472,7.0
1483,-58.1057,-11.4648,0.6476,0.7,0.5625,3.9565,8.7102,6.9796,7.45,7.0
1484,-58.595,-11.4916,0.6475,0.7,0.4583,3.9907,8.7157,6.9796,7.4528,7.0
1485,-58.9024,-11.5962,0.6474,0.7,0.4236,3.9602,8.7204,6.9796,7.4546,7.0
1486,-58.4418,-11.6435,0.6474,0.7,0.4833,4.0463,8.725,6.9796,7.4574,7.0
1487,-58.7365,-11.7144,0.6473,0.7,0.4389,4.0056,8.7296,6.9796,7.4602,7.0
1488,-58.9697,-11.7886,0.6472,0.7,0.3681,4.0315,8.7352,6.9796,7.462,7.0
1489,-59.7264,-11.76,0.6472,0.7,0.4028,3.9389,8.7398,6.9796,7.4648,7.0
1490,-59.0908,-11.8605,0.6472,0.7,0.3167,4.062,8.7444,6.9796,7.4676,7.0
1491,-59.6583,-11.8629,0.6472,0.7,0.2764,4.0083,8.75,6.9796,7.4694,7.0
1492,-59.5387,-11.936,0.6471,0.7,0.2694,3.988,8.7546,6.9796,7.4722,7.0
1493,-60.0407,-11.9878,0.6471,0.7,0.25,4.0361,8.7593,6.9796,7.475,7.0
1494,-60.1026,-12.0333,0.647,0.7,0.2556,4.0065,8.7648,6.9796,7.4769,7.0
1495,-60.2852,-12.0498,0.647,0.7,0.2,3.9713,8.7694,6.9796,7.4796,7.0
1496,-60.8727,-12.0486,0.647,0.7,0.1681,3.9287,8.7741,6.9796,7.4824,7.0
1497,-60.8489,-12.1077,0.647,0.7,0.1486,4.062,8.7796,6.9796,7.4843,7.0
1498,-61.1484,-12.1003,0.6469,0.7,0.2042,3.9519,8.7843,6.9796,7.487,7.0
1499,-61.256,-12.1387,0.6469,0.7,0.1417,4.0102,8.7889,6.9796,7.4898,7.0
1500,-61.6047,-12.1126,0.6469,0.7,0.1514,3.9843,8.7944,6.9796,7.4926,7.0
1501,-61.8619,-12.1679,0.6468,0.7,0.1028,4.0231,8.7991,6.9796,7.4944,7.0
1502,-61.7888,-12.102,0.6469,0.7,0.1222,3.9926,8.8037,6.9796,7.4972,7.0
1503,-61.5461,-12.0878,0.6469,0.7,0.125,4.0065,8.8093,6.9796,7.5,7.0
1504,-61.7795,-12.1127,0.6469,0.7,0.1569,4.0296,8.8139,6.9796,7.5019,7.0009
1505,-62.4053,-12.1498,0.6469,0.7,0.1486,4.0741,8.8185,6.9796,7.5046,7.0009
1506,-62.4163,-12.141,0.6469,0.7,0.1264,3.9648,8.8241,6.9796,7.5074,7.0009
1507,-62.5565,-12.1339,0.6469,0.7,0.1181,3.9648,8.8287,6.9796,7.5093,7.0009
1508,-62.6678,-12.1721,0.6469,0.7,0.1125,4.0222,8.8333,6.9796,7.512,7.0009
1509,-63.1505,-12.1631,0.6469,0.7,0.1028,4.0454,8.8389,6.9796,7.5148,7.0009
1510,-63.4367,-12.14,0.6468,0.7,0.1028,3.9583,8.8435,6.9796,7.5176,7.0009
1511,-63.1394,-12.1553,0.6468,0.7,0.0431,3.9694,8.8481,6.9796,7.5194,7.0009
1512,-63.4708,-12.1456,0.6467,0.7,0.0681,3.988,8.8537,6.9796,7.5222,7.0009
1513,-63.1234,-12.1248,0.6467,0.7,0.0847,4.0185,8.8583,6.9796,7.525,7.0009
1514,-63.4136,-12.1102,0.6467,0.7,0.0764,3.9796,8.8639,6.9796,7.5269,7.0009
1515,-63.7393,-12.0897,0.6466,0.7,0.0889,4.0343,8.8685,6.9796,7.5296,7.0009
1516,-63.9615,-12.0064,0.6467,0.7,0.1472,3.9574,8.8731,6.9796,7.5324,7.0009
1517,-63.733,-12.0522,0.6466,0.7,0.0931,4.0176,8.8787,6.9796,7.5352,7.0009
1518,-64.191,-11.9387,0.6466,0.7,0.0903,3.9426,8.8833,6.9796,7.537,7.0009
1519,-64.0574,-11.973,0.6466,0.7,0.1028,4.0259,8.8889,6.9796,7.5398,7.0009
1520,-64.5568,-11.9797,0.6466,0.7,0.0319,3.9583,8.8935,6.9796,7.5426,7.0009
1521,-64.3973,-11.9143,0.6466,0.7,0.0917,4.0194,8.8981,6.9796,7.5444,7.0009
1522,-64.4592,-11.9035,0.6466,0.7,0.0625,3.9639,8.9037,6.9796,7.5472,7.0009
1523,-64.9147,-11.8145,0.6466,0.7,0.1375,3.9954,8.9083,6.9796,7.55,7.0009
1524,-64.8602,-11.774,0.6466,0.7,0.0972,4.0,8.9139,6.9796,7.5528,7.0009
1525,-64.7718,-11.7551,0.6466,0.7,0.1444,3.9787,8.9185,6.9796,7.5546,7.0009
1526,-65.121,-11.7677,0.6466,0.7,0.1014,4.0389,8.9231,6.9796,7.5574,7.0009
1527,-64.9885,-11.6748,0.6465,0.7,0.1569,4.0481,8.9287,6.9796,7.5602,7.0009
1528,-64.819,-11.6226,0.6465,0.7,0.1764,3.9806,8.9333,6.9796,7.563,7.0009
1529,-64.8764,-11.4553,0.6465,0.7,0.1792,4.0343,8.9389,6.9796,7.5648,7.0009
1530,-64.9936,-11.4756,0.6466,0.7,0.1458,3.9778,8.9435,6.9796,7.5676,7.0009
1531,-65.0322,-11.4071,0.6466,0.7,0.2306,3.9713,8.9491,6.9796,7.5704,7.0009
1532,-65.1127,-11.2851,0.6466,0.7,0.1778,3.9519,8.9537,6.9796,7.5722,7.0009
1533,-64.9584,-11.2334,0.6465,0.7,0.2708,3.9778,8.9583,6.9796,7.575,7.0009
1534,-64.8943,-11.2004,0.6465,0.7,0.3181,3.9972,8.9639,6.9796,7.5778,7.0009
1535,-65.1053,-11.151,0.6465,0.7,0.35,4.0148,8.9685,6.9796,7.5806,7.0009
1536,-64.5707,-11.0883,0.6465,0.7,0.5153,4.0435,8.9741,6.9796,7.5824,7.0009
1537,-63.8309,-11.0066,0.6464,0.7,0.4444,4.0037,8.9787,6.9796,7.5852,7.0009
1538,-63.8978,-11.0189,0.6464,0.7,0.5083,4.0269,8.9843,6.9806,7.588,7.0019
1539,-63.3968,-10.9926,0.6463,0.7,0.6306,4.0194,8.9889,6.9806,7.5907,7.0019
1540,-62.992,-10.8995,0.6464,0.7,0.6458,3.9806,8.9944,6.9806,7.5926,7.0019
1541,-62.3459,-10.8824,0.6463,0.7,0.775,3.9824,8.9991,6.9806,7.5954,7.0019
1542,-61.2291,-10.8536,0.6462,0.7,0.6861,4.0157,9.0037,6.9806,7.5981,7.0028
1543,-61.9716,-10.8732,0.6462,0.7,0.8361,3.9833,9.0093,6.9806,7.6009,7.0028
1544,-61.563,-10.9126,0.6461,0.7,0.7875,3.9981,9.0139,6.9806,7.6028,7.0028
1545,-61.092,-10.9944,0.6461,0.7,0.8069,3.9648,9.0194,6.9815,7.6056,7.0028
1546,-60.3871,-10.9879,0.646,0.7,0.8653,3.9861,9.0241,6.9815,7.6083,7.0037
1547,-59.6126,-11.0822,0.6459,0.7,0.7208,4.0,9.0296,6.9815,7.6111,7.0037
1548,-58.9265,-11.2046,0.6458,0.7,0.6347,4.0037,9.0343,6.9815,7.6139,7.0037
1549,-58.3642,-11.2547,0.6458,0.7,0.7556,3.9704,9.0398,6.9815,7.6157,7.0037
1550,-58.3649,-11.2134,0.6458,0.7,0.6111,3.975,9.0444,6.9815,7.6185,7.0037
1551,-58.4633,-11.3447,0.6457,0.7,0.7014,3.9778,9.05,6.9824,7.6213,7.0046
1552,-58.4998,-11.449,0.6456,0.7,0.5944,3.9722,9.0546,6.9833,7.6241,7.0056
1553,-58.2257,-11.5511,0.6455,0.7,0.5583,4.0093,9.0602,6.9833,7.6259,7.0056
1554,-58.0721,-11.6451,0.6454,0.7,0.4736,4.0093,9.0648,6.9833,7.6287,7.0056
1555,-58.6212,-11.692,0.6453,0.7,0.4292,3.9926,9.0704,6.9833,7.6315,7.0056
1556,-58.6677,-11.7451,0.6452,0.7,0.4611,3.9981,9.075,6.9843,7.6343,7.0065
1557,-58.0989,-11.7732,0.6451,0.7,0.4056,3.9454,9.0806,6.9843,7.6361,7.0065
1558,-59.2129,-11.8142,0.6451,0.7,0.3861,4.0269,9.0852,6.9843,7.6389,7.0065
1559,-58.5471,-11.8606,0.645,0.7,0.3569,4.0528,9.0907,6.9843,7.6417,7.0065
1560,-58.9357,-11.7859,0.6451,0.7,0.3264,4.0056,9.0954,6.9843,7.6444,7.0065
1561,-59.5155,-11.9452,0.645,0.7,0.3014,3.9657,9.1009,6.9843,7.6472,7.0065
1562,-59.4582,-11.9611,0.645,0.7,0.2306,4.0417,9.1056,6.9843,7.6491,7.0065
1563,-60.0807,-11.9598,0.645,0.7,0.2903,3.9481,9.1111,6.9843,7.6519,7.0065
1564,-60.6076,-12.1256,0.6448,0.7,0.1611,3.937,9.1157,6.9843,7.6546,7.0065
1565,-60.4183,-12.0464,0.6448,0.7,0.2292,4.0019,9.1213,6.9861,7.6574,7.0083
1566,-60.4723,-12.0851,0.6448,0.7,0.1681,4.0185,9.1259,6.987,7.6593,7.0102
1567,-60.7029,-12.1387,0.6447,0.7,0.1694,3.9815,9.1315,6.988,7.662,7.013
1568,-61.2217,-12.1252,0.6447,0.7,0.1375,3.9917,9.1361,6.988,7.6648,7.013
1569,-61.4301,-12.1411,0.6447,0.7,0.1472,4.0194,9.1417,6.988,7.6676,7.0139
1570,-61.2859,-12.1969,0.6446,0.7,0.1528,4.0213,9.1463,6.9889,7.6704,7.0139
1571,-61.3398,-12.1087,0.6447,0.7,0.1528,4.0037,9.1519,6.9898,7.6722,7.0148
1572,-61.5818,-12.1178,0.6447,0.7,0.1319,4.0102,9.1565,6.9917,7.675,7.0167
1573,-61.8345,-12.1086,0.6448,0.7,0.1403,3.962,9.162,6.9926,7.6778,7.0167
1574,-62.1263,-12.1272,0.6448,0.7,0.1153,3.9935,9.1676,6.9935,7.6806,7.0176
1575,-62.1331,-12.1356,0.6448,0.7,0.1458,4.0019,9.1722,6.9935,7.6833,7.0176
1576,-62.2591,-12.1553,0.6449,0.7,0.0972,3.9704,9.1778,6.9944,7.6861,7.0176
1577,-62.2885,-12.1531,0.6449,0.7,0.1264,4.0167,9.1824,6.9963,7.688,7.0194
1578,-62.1102,-12.1871,0.6449,0.7,0.1153,3.9463,9.188,6.9963,7.6907,7.0204
1579,-62.4082,-12.1574,0.6449,0.7,0.0819,4.0102,9.1926,6.9972,7.6935,7.0204
1580,-62.8322,-12.1542,0.6449,0.7,0.0833,3.9713,9.1981,6.9991,7.6963,7.0222
1581,-62.6632,-12.1014,0.645,0.7,0.1333,4.013,9.2028,7.0019,7.6991,7.0231
1582,-62.8675,-12.0797,0.6451,0.7,0.15,3.9519,9.2083,7.0028,7.7009,7.0231
1583,-62.9527,-12.1211,0.6451,0.7,0.0931,4.0157,9.213,7.0037,7.7037,7.0231
1584,-62.9511,-12.134,0.6452,0.7,0.1097,4.013,9.2185,7.0046,7.7065,7.0259
1585,-63.3037,-12.1095,0.6453,0.7,0.0931,3.9676,9.2231,7.0056,7.7093,7.0269
1586,-63.607,-12.0838,0.6453,0.7,0.1014,4.0324,9.2287,7.0056,7.7111,7.0287
1587,-63.7501,-12.0161,0.6453,0.7,0.1278,4.013,9.2343,7.0074,7.7139,7.0306
1588,-63.7805,-12.024,0.6454,0.7,0.0639,4.0574,9.2389,7.0074,7.7167,7.0306
1589,-64.031,-12.0,0.6454,0.7,0.1056,3.9843,9.2444,7.0083,7.7194,7.0315
1590,-64.1993,-11.9731,0.6455,0.7,0.1181,4.013,9.2491,7.0093,7.7222,7.0315
1591,-64.125,-11.9531,0.6455,0.7,0.1014,4.0213,9.2546,7.0102,7.7241,7.0343
1592,-64.8072,-11.8708,0.6455,0.7,0.1153,4.0028,9.2593,7.0111,7.7269,7.0343
1593,-64.7746,-11.8373,0.6455,0.7,0.1236,4.0269,9.2648,7.013,7.7296,7.0361
1594,-64.9076,-11.7749,0.6455,0.7,0.0708,4.012,9.2694,7.0139,7.7324,7.038
1595,-65.0267,-11.7414,0.6455,0.7,0.0875,3.9991,9.275,7.0148,7.7352,7.0389
1596,-64.5348,-11.719,0.6454,0.7,0.1319,4.0009,9.2796,7.0157,7.737,7.0398
1597,-64.9372,-11.6199,0.6455,0.7,0.1444,4.0315,9.2852,7.0157,7.7398,7.0398
1598,-65.034,-11.5654,0.6456,0.7,0.2042,4.0333,9.2898,7.0167,7.7426,7.0398
1599,-65.2633,-11.5286,0.6456,0.7,0.1778,3.9611,9.2954,7.0176,7.7454,7.0398
1600,-65.1788,-11.4745,0.6456,0.7,0.1653,4.0222,9.3,7.0194,7.7472,7.0417
1601,-65.2079,-11.404,0.6455,0.7,0.2222,3.9917,9.3056,7.0194,7.75,7.0417
1602,-64.9369,-11.4291,0.6454,0.7,0.2167,4.0037,9.3102,7.0213,7.7528,7.0435
1603,-64.7493,-11.3216,0.6455,0.7,0.2181,3.9713,9.3157,7.0231,7.7556,7.0454
1604,-64.7818,-11.3359,0.6455,0.7,0.2556,4.013,9.3204,7.0241,7.7583,7.0463
1605,-64.7064,-11.3263,0.6455,0.7,0.3222,4.0028,9.3259,7.0241,7.7602,7.0481
1606,-65.1461,-11.2323,0.6456,0.7,0.2597,3.9639,9.3306,7.025,7.763,7.05
1607,-64.9565,-11.1391,0.6456,0.7,0.2903,4.0565,9.3361,7.0259,7.7657,7.0509
1608,-64.9183,-11.1531,0.6455,0.7,0.4278,3.962,9.3417,7.0278,7.7685,7.0528
1609,-64.3895,-11.067,0.6455,0.7,0.4625,3.9778,9.3463,7.0306,7.7713,7.0546
1610,-63.8849,-11.0386,0.6455,0.7,0.5361,4.0361,9.3519,7.0315,7.7731,7.0565
1611,-63.6776,-10.9957,0.6455,0.7,0.5167,3.962,9.3565,7.0352,7.7759,7.0583
1612,-63.8356,-10.951,0.6454,0.7,0.5931,3.9519,9.362,7.0361,7.7787,7.0611
1613,-62.9426,-10.9244,0.6455,0.7,0.6722,3.9944,9.3667,7.038,7.7815,7.063
1614,-62.9764,-10.9308,0.6455,0.7,0.7028,3.9852,9.3722,7.0398,7.7843,7.0639
1615,-62.8261,-10.8914,0.6454,0.7,0.8639,3.987,9.3769,7.0435,7.7861,7.0667
1616,-62.0671,-10.8864,0.6454,0.7,0.8069,4.0528,9.3824,7.0472,7.7889,7.0694
1617,-61.2632,-10.9195,0.6454,0.7,0.7903,4.0491,9.387,7.0509,7.7917,7.0759
1618,-61.6936,-10.8903,0.6453,0.7,0.8333,4.0352,9.3926,7.0519,7.7944,7.0769
1619,-60.7169,-10.9399,0.6453,0.7,0.8833,3.9963,9.3972,7.0546,7.7972,7.0806
1620,-59.5221,-11.0608,0.6451,0.7,0.8347,4.0083,9.4028,7.0574,7.7991,7.0833
1621,-60.1195,-10.9525,0.6452,0.7,0.8181,3.9769,9.4083,7.0602,7.8019,7.0843
1622,-58.8483,-11.0284,0.645,0.7,0.7431,3.9574,9.413,7.062,7.8046,7.087
1623,-59.0611,-11.1079,0.6449,0.7,0.8028,3.9843,9.4185,7.0648,7.8074,7.0898
1624,-58.8267,-11.1769,0.6449,0.7,0.6944,4.0537,9.4231,7.0694,7.8102,7.0926
1625,-58.7597,-11.2108,0.6449,0.7,0.7028,3.9824,9.4287,7.0731,7.812,7.0963
1626,-58.7135,-11.19,0.6449,0.7,0.6583,4.0361,9.4333,7.075,7.8148,7.0981
1627,-59.2773,-11.3469,0.6448,0.7,0.5986,4.0037,9.4389,7.0806,7.8176,7.1028
1628,-58.5396,-11.2681,0.6448,0.7,0.725,4.0194,9.4435,7.0833,7.8204,7.1046
1629,-57.8365,-11.3362,0.6448,0.7,0.5944,3.9843,9.4491,7.087,7.8231,7.1093
1630,-58.9764,-11.4036,0.6448,0.7,0.6042,3.9352,9.4546,7.088,7.825,7.1102
1631,-58.6631,-11.5603,0.6447,0.7,0.5319,3.9917,9.4593,7.0898,7.8278,7.1111
1632,-58.7117,-11.6415,0.6446,0.7,0.4528,4.0546,9.4648,7.0926,7.8306,7.113
1633,-58.5846,-11.682,0.6446,0.7,0.4458,4.0287,9.4694,7.0981,7.8333,7.1176
1634,-58.5963,-11.7664,0.6445,0.7,0.5167,3.9944,9.475,7.1009,7.8361,7.1213
1635,-59.0933,-11.7919,0.6445,0.7,0.4028,3.9926,9.4796,7.1056,7.8389,7.1259
1636,-59.1769,-11.7927,0.6445,0.7,0.3306,4.0028,9.4852,7.1093,7.8407,7.1287
1637,-59.5791,-11.8496,0.6444,0.7,0.2667,3.975,9.4907,7.1111,7.8435,7.1324
1638,-59.312,-11.8312,0.6445,0.7,0.3514,3.9972,9.4954,7.1139,7.8463,7.1333
1639,-60.0225,-11.9035,0.6445,0.7,0.3764,3.9593,9.5009,7.1176,7.8491,7.1361
1640,-59.7362,-11.8431,0.6446,0.7,0.3042,3.9824,9.5056,7.1231,7.8519,7.1417
1641,-60.1205,-11.9339,0.6447,0.7,0.2417,3.9694,9.5111,7.1269,7.8537,7.1454
1642,-60.4947,-12.002,0.6447,0.7,0.2097,4.0167,9.5157,7.1306,7.8565,7.1472
1643,-60.1701,-12.0459,0.6447,0.7,0.1958,4.0556,9.5213,7.1352,7.8593,7.15
1644,-60.7316,-12.0134,0.6447,0.7,0.1972,3.9491,9.5259,7.137,7.862,7.1519
1645,-60.3855,-12.0488,0.6447,0.7,0.2208,4.0,9.5315,7.1417,7.8648,7.1565
1646,-61.0188,-12.1107,0.6447,0.7,0.1972,4.0296,9.537,7.1454,7.8667,7.163
1647,-61.1844,-12.0778,0.6447,0.7,0.1889,3.9926,9.5417,7.15,7.8694,7.1676
1648,-61.1779,-12.1417,0.6447,0.7,0.1167,3.9787,9.5472,7.1546,7.8722,7.1731
1649,-61.8677,-12.1445,0.6448,0.7,0.1556,4.0296,9.5519,7.1602,7.875,7.1769
1650,-61.9414,-12.1314,0.6448,0.7,0.0875,4.0111,9.5574,7.1648,7.8778,7.1824
1651,-61.8348,-12.1831,0.6448,0.7,0.0792,3.9907,9.562,7.1676,7.8796,7.1852
1652,-61.9611,-12.2113,0.6448,0.7,0.0819,4.0278,9.5676,7.1769,7.8824,7.1907
1653,-62.2238,-12.1957,0.6448,0.7,0.0958,3.9861,9.5722,7.1852,7.8852,7.1954
1654,-62.6293,-12.2239,0.6448,0.7,0.1097,3.9519,9.5778,7.1898,7.888,7.2
1655,-62.5619,-12.1843,0.6447,0.7,0.0819,4.0065,9.5824,7.1935,7.8907,7.2056
1656,-62.6451,-12.1279,0.6448,0.7,0.1097,4.012,9.588,7.2028,7.8926,7.2148
1657,-62.8343,-12.1185,0.6449,0.7,0.0903,3.9324,9.5935,7.2046,7.8954,7.2167
1658,-63.1217,-12.1455,0.6449,0.7,0.0694,3.9546,9.5981,7.2065,7.8981,7.2241
1659,-63.3881,-12.134,0.6449,0.7,0.0903,3.9833,9.6037,7.212,7.9009,7.2296
1660,-63.1015,-12.1766,0.6448,0.7,0.0889,4.0204,9.6083,7.2167,7.9037,7.2361
1661,-63.2273,-12.1428,0.6448,0.7,0.0792,4.0157,9.6139,7.2231,7.9056,7.2454
1662,-63.4129,-12.1432,0.6448,0.7,0.0819,4.0287,9.6185,7.2296,7.9083,7.25
1663,-63.2483,-12.0899,0.6448,0.7,0.0917,3.962,9.6241,7.2352,7.9111,7.2537
1664,-63.356,-12.0838,0.6449,0.7,0.0681,4.0231,9.6287,7.2407,7.9139,7.2546
1665,-63.7846,-12.0156,0.645,0.7,0.1097,4.0046,9.6343,7.25,7.9167,7.262
1666,-64.1618,-12.0176,0.6451,0.7,0.0875,3.9981,9.6398,7.2519,7.9194,7.2639
1667,-64.2882,-12.0121,0.6451,0.7,0.1194,3.9917,9.6444,7.2574,7.9213,7.2713
1668,-64.4864,-11.977,0.6451,0.7,0.0903,3.9676,9.65,7.263,7.9241,7.2806
1669,-64.5701,-11.9383,0.6451,0.7,0.0722,4.0083,9.6546,7.2676,7.9269,7.2852
1670,-64.7701,-11.9178,0.645,0.7,0.0931,3.9704,9.6602,7.2704,7.9296,7.2898
1671,-64.8832,-11.8282,0.645,0.7,0.1083,4.0019,9.6648,7.2796,7.9324,7.3019
1672,-64.9847,-11.8727,0.645,0.7,0.1181,3.9796,9.6704,7.288,7.9343,7.3093
1673,-65.0571,-11.8188,0.6449,0.7,0.1167,4.0056,9.675,7.2954,7.937,7.3157
1674,-64.8754,-11.8588,0.6448,0.7,0.1069,3.9778,9.6806,7.2981,7.9398,7.3231
1675,-64.7765,-11.8128,0.6448,0.7,0.0861,3.9713,9.6861,7.3046,7.9426,7.3306
1676,-64.962,-11.8368,0.6448,0.7,0.0667,4.063,9.6907,7.312,7.9454,7.3398
1677,-64.9236,-11.7344,0.6448,0.7,0.1528,3.9491,9.6963,7.3231,7.9472,7.3509
1678,-65.0503,-11.729,0.6447,0.7,0.1153,4.0083,9.7009,7.3324,7.95,7.3574
1679,-65.1825,-11.5983,0.6447,0.7,0.1236,3.9611,9.7065,7.338,7.9528,7.3648
1680,-65.4404,-11.5777,0.6447,0.7,0.1403,4.0111,9.712,7.3417,7.9556,7.3731
1681,-65.2928,-11.4961,0.6446,0.7,0.1972,4.0685,9.7167,7.3481,7.9583,7.3796
1682,-65.632,-11.4749,0.6445,0.7,0.1597,3.987,9.7222,7.3574,7.9611,7.3861
1683,-65.1462,-11.4495,0.6445,0.7,0.2028,4.0185,9.7269,7.3639,7.963,7.3926
1684,-65.4838,-11.3895,0.6445,0.7,0.1653,4.0556,9.7324,7.3731,7.9657,7.4009
1685,-65.3745,-11.3666,0.6445,0.7,0.2083,3.9944,9.738,7.3796,7.9685,7.4074
1686,-65.2668,-11.3113,0.6444,0.7,0.2361,3.9991,9.7426,7.3889,7.9713,7.4148
1687,-65.4815,-11.2129,0.6445,0.7,0.275,3.9481,9.7481,7.3954,7.9741,7.4222
1688,-65.2225,-11.2907,0.6444,0.7,0.2111,4.0,9.7537,7.4046,7.9769,7.4333
1689,-65.2434,-11.2567,0.6444,0.7,0.3111,4.0231,9.7583,7.4083,7.9796,7.438
1690,-65.2643,-11.2158,0.6444,0.7,0.3,4.012,9.7639,7.4185,7.9815,7.4491
1691,-64.9964,-11.1108,0.6444,0.7,0.45,4.0157,9.7694,7.4259,7.9843,7.4537
1692,-64.9097,-11.1437,0.6444,0.7,0.3972,4.0444,9.7741,7.4324,7.987,7.4611
1693,-64.9585,-11.0312,0.6444,0.7,0.4611,3.9917,9.7796,7.4389,7.9898,7.4648
1694,-64.7258,-10.9374,0.6444,0.7,0.5181,3.9694,9.7843,7.4463,7.9926,7.475
1695,-64.9121,-10.9899,0.6443,0.7,0.4847,4.0231,9.7898,7.4583,7.9954,7.4861
1696,-64.1578,-10.885,0.6443,0.7,0.6542,4.0463,9.7954,7.4667,7.9981,7.4963
1697,-63.8757,-10.8467,0.6443,0.7,0.7361,3.9787,9.8,7.475,8.0,7.5028
1698,-63.2748,-10.873,0.6442,0.7,0.6611,3.9981,9.8056,7.4815,8.0028,7.5102
1699,-62.9132,-10.7685,0.6442,0.7,0.9083,3.9954,9.8111,7.4963,8.0056,7.5213
1700,-62.3777,-10.8002,0.6441,0.7,0.9514,3.962,9.8157,7.5,8.0083,7.5259
1701,-61.2334,-10.7891,0.6441,0.7,0.9139,4.0176,9.8213,7.5056,8.0111,7.5324
1702,-60.8801,-10.7707,0.6441,0.7,1.0444,4.0361,9.8269,7.5083,8.0139,7.5361
1703,-61.0859,-10.7684,0.644,0.7,0.9403,4.0231,9.8315,7.5176,8.0167,7.5426
1704,-60.0342,-10.7983,0.6439,0.7,0.9278,4.0046,9.837,7.5306,8.0185,7.5556
1705,-59.7747,-10.8018,0.6438,0.7,0.9764,4.0213,9.8426,7.5361,8.0213,7.562
1706,-60.3563,-10.8004,0.6439,0.7,0.9153,3.9963,9.8472,7.5454,8.0241,7.5731
1707,-59.8239,-10.8342,0.6438,0.7,0.9208,4.0213,9.8528,7.5537,8.0269,7.5796
1708,-60.706,-10.9039,0.6438,0.7,0.9208,4.0009,9.8583,7.562,8.0296,7.587
1709,-59.7516,-10.8804,0.6439,0.7,1.0125,4.0491,9.863,7.5741,8.0324,7.6
1710,-58.9476,-10.9542,0.6438,0.7,0.9861,4.0,9.8685,7.5806,8.0352,7.6074
1711,-59.1293,-10.9219,0.6438,0.7,1.0236,4.0565,9.8741,7.5889,8.038,7.6148
1712,-58.2618,-10.9727,0.6438,0.7,0.8431,4.0028,9.8796,7.5991,8.0398,7.6241
1713,-58.7658,-11.0095,0.6438,0.7,0.8264,3.9926,9.8843,7.6019,8.0426,7.6259
1714,-58.4913,-11.1169,0.6437,0.7,0.8014,4.0287,9.8898,7.6111,8.0454,7.6333
1715,-58.8949,-11.108,0.6436,0.7,0.8875,3.9935,9.8954,7.6157,8.0481,7.6352
1716,-57.4378,-11.1738,0.6435,0.7,0.8653,3.9519,9.9,7.6222,8.0509,7.6398
1717,-57.7581,-11.1418,0.6435,0.7,0.8361,3.9444,9.9056,7.6306,8.0537,7.6472
1718,-57.5317,-11.2669,0.6434,0.7,0.8319,3.9852,9.9111,7.637,8.0565,7.6537
1719,-57.1038,-11.2386,0.6433,0.7,0.8306,3.9574,9.9157,7.6407,8.0593,7.6574
1720,-57.3956,-11.2725,0.6433,0.7,0.7639,3.9769,9.9213,7.6491,8.0611,7.6639
1721,-58.5404,-11.2565,0.6433,0.7,0.7556,4.0287,9.9269,7.6565,8.0639,7.6694
1722,-57.98,-11.2413,0.6433,0.7,0.8194,4.0157,9.9315,7.6657,8.0667,7.6787
1723,-57.5548,-11.3346,0.6432,0.7,0.7056,4.0509,9.937,7.6704,8.0694,7.6852
1724,-58.1486,-11.3292,0.6432,0.7,0.6722,3.9556,9.9426,7.6759,8.0722,7.6898
1725,-57.2381,-11.4567,0.643,0.7,0.5569,3.9537,9.9472,7.6843,8.075,7.6963
1726,-57.9545,-11.5329,0.6429,0.7,0.5167,3.9731,9.9528,7.6898,8.0778,7.6991
1727,-57.3851,-11.6018,0.6428,0.7,0.5375,4.0028,9.9583,7.6963,8.0806,7.7056
1728,-57.6462,-11.6443,0.6427,0.7,0.5736,3.9889,9.9639,7.7046,8.0833,7.7167
1729,-57.8866,-11.7089,0.6426,0.7,0.4639,3.9852,9.9685,7.7139,8.0861,7.725
1730,-57.892,-11.7839,0.6425,0.7,0.5,3.9583,9.9741,7.7204,8.088,7.7315
1731,-57.809,-11.7934,0.6425,0.7,0.4333,4.0056,9.9796,7.7306,8.0907,7.7407
1732,-58.5211,-11.8644,0.6424,0.7,0.3208,3.9917,9.9852,7.7343,8.0935,7.7472
1733,-59.1199,-11.788,0.6424,0.7,0.4819,3.9769,9.9898,7.738,8.0963,7.7546
1734,-58.7954,-11.8459,0.6423,0.7,0.3861,4.0352,9.9954,7.7444,8.0991,7.7611
1735,-58.9761,-11.863,0.6423,0.7,0.3319,3.987,10.0009,7.7481,8.1019,7.7676
1736,-59.1127,-11.9861,0.6422,0.7,0.2847,3.987,10.0065,7.7537,8.1046,7.7704
1737,-59.1954,-12.026,0.6422,0.7,0.2806,4.0352,10.0111,7.7611,8.1074,7.7759
1738,-59.8432,-12.0656,0.6421,0.7,0.2806,4.0278,10.0167,7.7676,8.1102,7.7815
1739,-59.5747,-12.0644,0.6421,0.7,0.2056,4.0139,10.0222,7.7722,8.113,7.7852
1740,-60.0803,-12.0926,0.642,0.7,0.2458,4.0074,10.0278,7.7759,8.1157,7.7926
1741,-60.1084,-12.098,0.642,0.7,0.1972,4.0435,10.0333,7.7852,8.1185,7.8009
1742,-60.2171,-12.1807,0.6419,0.7,0.1861,4.0694,10.038,7.7944,8.1204,7.8093
1743,-60.413,-12.1802,0.6418,0.7,0.2111,4.025,10.0435,7.8,8.1231,7.8176
1744,-60.5327,-12.1303,0.6418,0.7,0.2528,4.0,10.0491,7.8056,8.1259,7.8269
1745,-60.8722,-12.1863,0.6417,0.7,0.1708,3.9926,10.0546,7.8102,8.1287,7.8315
1746,-60.6475,-12.1453,0.6417,0.7,0.1667,3.9778,10.0602,7.8148,8.1315,7.8352
1747,-60.9959,-12.2134,0.6417,0.7,0.1333,3.9704,10.0648,7.8222,8.1343,7.8426
1748,-61.7359,-12.2609,0.6416,0.7,0.1639,3.9769,10.0704,7.8269,8.137,7.8481
1749,-61.1835,-12.2241,0.6416,0.7,0.0944,3.9991,10.0759,7.8296,8.1398,7.8509
1750,-61.4549,-12.2211,0.6416,0.7,0.1153,4.0167,10.0815,7.8315,8.1426,7.8546
1751,-61.8768,-12.2052,0.6416,0.7,0.1292,4.0056,10.087,7.8352,8.1454,7.8611
1752,-61.8572,-12.2414,0.6416,0.7,0.0986,4.0,10.0926,7.8361,8.1481,7.863
1753,-61.9709,-12.3001,0.6415,0.7,0.0806,3.9935,10.0981,7.8435,8.1509,7.8713
1754,-61.6316,-12.2586,0.6414,0.7,0.0375,4.0065,10.1028,7.8509,8.1537,7.8769
1755,-62.5809,-12.3008,0.6414,0.7,0.0597,3.9917,10.1083,7.8574,8.1565,7.8806
1756,-62.4309,-12.2747,0.6414,0.7,0.1014,3.9472,10.1139,7.8602,8.1593,7.8861
1757,-62.4087,-12.3064,0.6414,0.7,0.1222,3.9519,10.1194,7.862,8.162,7.888
1758,-62.6195,-12.2506,0.6414,0.7,0.0667,4.0333,10.125,7.8676,8.1648,7.8917
1759,-62.4029,-12.2503,0.6414,0.7,0.0903,3.9981,10.1306,7.8694,8.1676,7.8954
1760,-62.4064,-12.2704,0.6414,0.7,0.0653,3.9731,10.1361,7.875,8.1704,7.9009
1761,-62.8138,-12.257,0.6414,0.7,0.075,4.0361,10.1407,7.8806,8.1731,7.9074
1762,-62.9426,-12.2577,0.6414,0.7,0.0861,4.0074,10.1463,7.8833,8.1759,7.9111
1763,-62.8268,-12.2411,0.6414,0.7,0.0764,4.0185,10.1519,7.887,8.1787,7.9157
1764,-62.6252,-12.2498,0.6414,0.7,0.0417,4.0093,10.1574,7.8935,8.1815,7.9204
1765,-62.9404,-12.2797,0.6414,0.7,0.0681,4.0287,10.163,7.8991,8.1843,7.9269
1766,-63.2685,-12.2234,0.6414,0.7,0.0931,3.9787,10.1685,7.9037,8.187,7.9287
1767,-63.2972,-12.2135,0.6414,0.7,0.0306,4.0259,10.1741,7.9074,8.1898,7.9296
1768,-63.5486,-12.2067,0.6413,0.7,0.0819,3.9852,10.1796,7.9111,8.1926,7.9333
1769,-63.7237,-12.2354,0.6413,0.7,0.0389,3.962,10.1843,7.913,8.1954,7.9361
1770,-63.9131,-12.1845,0.6413,0.7,0.0944,3.9648,10.1898,7.9148,8.1981,7.937
1771,-64.0099,-12.2021,0.6413,0.7,0.0597,3.9704,10.1954,7.9157,8.2009,7.938
1772,-63.9395,-12.1495,0.6412,0.7,0.0736,3.9861,10.2009,7.9176,8.2037,7.9398
1773,-63.7527,-12.1744,0.6412,0.7,0.0417,3.9352,10.2065,7.9194,8.2065,7.9426
1774,-64.0879,-12.1668,0.6412,0.7,0.0694,3.9593,10.212,7.9241,8.2093,7.9491
1775,-63.8453,-12.1489,0.6412,0.7,0.0917,4.0046,10.2176,7.9278,8.212,7.9519
1776,-63.5768,-12.1043,0.6413,0.7,0.0611,3.9861,10.2231,7.9306,8.2148,7.9537
1777,-64.1204,-12.0712,0.6414,0.7,0.0944,3.9981,10.2287,7.9361,8.2176,7.9574
1778,-63.9899,-12.1326,0.6414,0.7,0.1097,3.9796,10.2343,7.938,8.2204,7.9593
1779,-64.2058,-12.0861,0.6414,0.7,0.0611,4.0269,10.2389,7.9389,8.2231,7.9602
1780,-64.5033,-12.0958,0.6414,0.7,0.0667,3.9769,10.2444,7.9407,8.2259,7.9611
1781,-64.0618,-12.0684,0.6414,0.7,0.0764,4.0324,10.25,7.9426,8.2287,7.9639
1782,-64.2215,-12.0632,0.6415,0.7,0.0611,4.0019,10.2556,7.9426,8.2315,7.9639
1783,-64.4382,-12.0911,0.6415,0.7,0.0569,4.0028,10.2611,7.9444,8.2343,7.9676
1784,-64.6044,-12.0509,0.6414,0.7,0.0667,4.0037,10.2667,7.9444,8.237,7.9676
1785,-64.7037,-12.0694,0.6414,0.7,0.05,4.0,10.2722,7.9454,8.2398,7.9676
1786,-64.4907,-12.0085,0.6413,0.7,0.0472,4.0528,10.2778,7.9472,8.2426,7.9685
1787,-64.6196,-12.033,0.6413,0.7,0.0597,3.9065,10.2833,7.9472,8.2444,7.9704
1788,-64.7268,-11.9826,0.6414,0.7,0.0667,4.025,10.2889,7.9491,8.2472,7.9722
1789,-64.7407,-11.951,0.6413,0.7,0.0681,4.0398,10.2935,7.9509,8.25,7.975
1790,-64.9764,-11.9064,0.6414,0.7,0.0764,4.0352,10.2991,7.9509,8.2528,7.975
1791,-64.9695,-11.8871,0.6414,0.7,0.0597,3.9861,10.3046,7.9537,8.2556,7.9787
1792,-65.0673,-11.8877,0.6414,0.7,0.0778,4.0269,10.3102,7.9556,8.2583,7.9806
1793,-64.8693,-11.8848,0.6414,0.7,0.0986,3.9648,10.3157,7.9556,8.2611,7.9806
1794,-65.1861,-11.8346,0.6415,0.7,0.1278,3.9861,10.3213,7.9556,8.2639,7.9806
1795,-65.0381,-11.7545,0.6415,0.7,0.1278,4.0361,10.3269,7.9556,8.2667,7.9806
1796,-65.0029,-11.7826,0.6416,0.7,0.0972,4.0046,10.3324,7.9565,8.2694,7.9806
1797,-65.4397,-11.7327,0.6416,0.7,0.0917,4.0491,10.338,7.9593,8.2722,7.9824
1798,-65.4254,-11.7134,0.6417,0.7,0.1083,3.987,10.3435,7.9639,8.275,7.9852
1799,-65.426,-11.6966,0.6416,0.7,0.1139,4.0185,10.3481,7.9639,8.2778,7.9861
1800,-65.2883,-11.6168,0.6416,0.7,0.1417,3.9694,10.3537,7.9657,8.2806,7.9861
1801,-65.2255,-11.6011,0.6417,0.7,0.1306,4.0333,10.3593,7.9676,8.2833,7.988
1802,-65.399,-11.5594,0.6418,0.7,0.1403,3.9861,10.3648,7.9676,8.2861,7.988
1803,-65.4978,-11.5887,0.6418,0.7,0.1236,3.9852,10.3704,7.9676,8.2889,7.9889
1804,-65.73,-11.5532,0.6418,0.7,0.1056,3.9787,10.3759,7.9676,8.2917,7.9907
1805,-65.5641,-11.4631,0.6417,0.7,0.1917,4.0222,10.3815,7.9676,8.2944,7.9907
1806,-65.7524,-11.3887,0.6417,0.7,0.1611,4.0139,10.387,7.9676,8.2972,7.9907
1807,-65.272,-11.3539,0.6416,0.7,0.1653,4.0537,10.3926,7.9694,8.3,7.9907
1808,-65.7027,-11.3132,0.6417,0.7,0.2236,4.0,10.3972,7.9694,8.3028,7.9907
1809,-65.7644,-11.3009,0.6417,0.7,0.2764,3.9991,10.4028,7.9704,8.3056,7.9917
1810,-66.0012,-11.2598,0.6417,0.7,0.2028,4.0241,10.4083,7.9713,8.3083,7.9926
1811,-65.3415,-11.3097,0.6417,0.7,0.2153,3.987,10.4139,7.9713,8.3111,7.9926
1812,-65.5467,-11.2589,0.6417,0.7,0.2319,4.0602,10.4194,7.9722,8.3139,7.9935
1813,-65.3643,-11.2579,0.6418,0.7,0.2403,4.025,10.425,7.9722,8.3167,7.9935
1814,-64.9192,-11.1033,0.6418,0.7,0.4486,3.9926,10.4306,7.9722,8.3194,7.9935
1815,-65.4108,-11.0649,0.6418,0.7,0.4639,3.9991,10.4361,7.9722,8.3222,7.9935
1816,-65.1141,-11.0403,0.6418,0.7,0.4083,4.0167,10.4417,7.9741,8.325,7.9935
1817,-65.3265,-11.0383,0.6419,0.7,0.475,3.9741,10.4472,7.9741,8.3278,7.9935
1818,-64.946,-11.0311,0.6419,0.7,0.4681,4.0389,10.4519,7.9741,8.3306,7.9935
1819,-64.8176,-10.976,0.6419,0.7,0.6153,4.0111,10.4574,7.9741,8.3333,7.9944
1820,-64.652,-10.8798,0.6419,0.7,0.6319,4.0583,10.463,7.9741,8.3361,7.9944
1821,-64.1381,-10.8212,0.6419,0.7,0.6778,3.9787,10.4685,7.9741,8.3389,7.9944
1822,-63.3665,-10.8121,0.6419,0.7,0.8333,3.9519,10.4741,7.9741,8.3417,7.9944
1823,-63.4553,-10.7374,0.6419,0.7,0.8361,3.9556,10.4796,7.9741,8.3444,7.9944
1824,-62.855,-10.7153,0.6418,0.7,0.9736,4.0796,10.4852,7.9759,8.3472,7.9954
1825,-63.3488,-10.7347,0.6418,0.7,0.9403,3.9602,10.4907,7.9769,8.35,7.9963
1826,-62.6618,-10.7555,0.6418,0.7,0.8944,3.9824,10.4963,7.9778,8.3528,7.9972
1827,-62.9895,-10.7336,0.6418,0.7,0.8958,4.0009,10.5009,7.9778,8.3556,7.9972
1828,-61.7713,-10.7813,0.6417,0.7,0.9639,3.9685,10.5065,7.9787,8.3583,7.9981
1829,-60.8211,-10.672,0.6417,0.7,1.1806,3.9806,10.512,7.9787,8.3611,7.9981
1830,-61.0115,-10.7193,0.6417,0.7,1.1528,4.0037,10.5176,7.9787,8.3639,7.9981
1831,-61.2083,-10.7036,0.6417,0.7,1.1194,4.0019,10.5231,7.9787,8.3667,7.9991
1832,-60.2263,-10.7614,0.6416,0.7,1.2153,4.0009,10.5287,7.9787,8.3694,7.9991
1833,-60.8847,-10.8174,0.6417,0.7,0.9847,4.0056,10.5343,7.9787,8.3722,7.9991
1834,-60.954,-10.7488,0.6418,0.7,1.1306,3.9713,10.5398,7.9787,8.375,7.9991
1835,-59.4882,-10.8489,0.6416,0.7,0.9597,3.9898,10.5454,7.9787,8.3778,7.9991
1836,-58.9353,-10.8823,0.6416,0.7,1.1986,4.0148,10.55,7.9787,8.3806,7.9991
1837,-58.6478,-10.8622,0.6416,0.7,0.9903,4.0333,10.5556,7.9787,8.3833,7.9991
1838,-58.3079,-10.947,0.6415,0.7,1.0444,4.0037,10.5611,7.9787,8.3861,7.9991
1839,-58.2645,-10.9763,0.6415,0.7,1.0653,3.9824,10.5667,7.9806,8.3889,8.0
1840,-57.7002,-11.0496,0.6415,0.7,1.0097,4.0037,10.5722,7.9806,8.3917,8.0
1841,-56.9752,-11.107,0.6414,0.7,0.8861,4.037,10.5778,7.9806,8.3944,8.0
1842,-57.925,-11.0771,0.6414,0.7,0.975,3.9861,10.5833,7.9806,8.3972,8.0
1843,-57.5222,-11.2217,0.6413,0.7,0.8917,3.9769,10.5889,7.9806,8.4,8.0
1844,-57.1647,-11.2214,0.6413,0.7,0.8819,4.0019,10.5944,7.9806,8.4028,8.0
1845,-58.5567,-11.2356,0.6414,0.7,0.7861,4.0278,10.5991,7.9806,8.4056,8.0
1846,-58.4174,-11.3275,0.6414,0.7,0.7653,3.9759,10.6046,7.9806,8.4083,8.0
1847,-58.0172,-11.4548,0.6412,0.7,0.7125,3.9667,10.6102,7.9806,8.4111,8.0
1848,-57.4816,-11.4482,0.6412,0.7,0.675,3.9685,10.6157,7.9806,8.4139,8.0
1849,-57.7618,-11.5808,0.6411,0.7,0.6361,4.0111,10.6213,7.9806,8.4167,8.0
1850,-57.9384,-11.5921,0.6411,0.7,0.6556,4.0259,10.6269,7.9806,8.4194,8.0
1851,-57.3629,-11.5278,0.6412,0.7,0.4986,4.0463,10.6324,7.9806,8.4222,8.0
1852,-58.3417,-11.6748,0.641,0.7,0.5514,3.9815,10.638,7.9806,8.425,8.0
1853,-57.438,-11.6961,0.641,0.7,0.5194,4.0,10.6435,7.9806,8.4278,8.0
1854,-57.855,-11.7042,0.641,0.7,0.4222,4.0259,10.6481,7.9806,8.4306,8.0
1855,-58.9752,-11.7148,0.6411,0.7,0.5125,3.9833,10.6537,7.9806,8.4333,8.0
1856,-58.0298,-11.8167,0.6409,0.7,0.4083,3.9583,10.6593,7.9806,8.4361,8.0
1857,-57.6135,-11.8396,0.641,0.7,0.4722,4.0139,10.6648,7.9806,8.4389,8.0
1858,-58.5741,-11.8509,0.641,0.7,0.4,3.9519,10.6704,7.9806,8.4417,8.0
1859,-58.6077,-11.904,0.6409,0.7,0.3569,4.0213,10.6759,7.9806,8.4444,8.0
1860,-58.4423,-11.9518,0.6409,0.7,0.3111,4.0102,10.6815,7.9806,8.4472,8.0
1861,-59.3922,-11.9339,0.6409,0.7,0.3736,3.9787,10.687,7.9806,8.45,8.0
1862,-59.2091,-11.9923,0.6408,0.7,0.325,3.9806,10.6926,7.9806,8.4528,8.0
1863,-59.5279,-12.025,0.6409,0.7,0.2264,3.9546,10.6972,7.9806,8.4556,8.0
1864,-59.7999,-12.0631,0.6408,0.7,0.2208,4.0046,10.7028,7.9806,8.4583,8.0
1865,-60.0369,-12.1137,0.6408,0.7,0.1778,3.9843,10.7083,7.9815,8.4611,8.0
1866,-60.3407,-12.1548,0.6408,0.7,0.1597,4.0074,10.7139,7.9815,8.4639,8.0
1867,-60.3158,-12.1567,0.6408,0.7,0.1722,3.95,10.7194,7.9815,8.4667,8.0
1868,-60.0339,-12.1876,0.6408,0.7,0.1944,3.963,10.725,7.9815,8.4694,8.0
1869,-60.6079,-12.1959,0.6408,0.7,0.2194,4.037,10.7306,7.9815,8.4722,8.0
1870,-60.6882,-12.1518,0.6408,0.7,0.175,3.9731,10.7361,7.9815,8.475,8.0
1871,-60.9627,-12.2243,0.6408,0.7,0.0792,4.0111,10.7417,7.9815,8.4778,8.0
1872,-61.2726,-12.1898,0.6408,0.7,0.125,4.0148,10.7472,7.9815,8.4806,8.0
1873,-61.2244,-12.2478,0.6408,0.7,0.0889,4.0111,10.7528,7.9815,8.4833,8.0
1874,-61.379,-12.2736,0.6408,0.7,0.1236,4.0435,10.7574,7.9815,8.4861,8.0
1875,-61.7419,-12.254,0.6408,0.7,0.1153,3.9907,10.763,7.9815,8.4889,8.0
1876,-61.686,-12.2619,0.6407,0.7,0.1319,4.0102,10.7685,7.9815,8.4917,8.0
1877,-61.9127,-12.2383,0.6408,0.7,0.1125,3.9741,10.7741,7.9815,8.4944,8.0
1878,-61.7313,-12.3008,0.6407,0.7,0.0972,4.0222,10.7796,7.9815,8.4972,8.0
1879,-61.9731,-12.2765,0.6407,0.7,0.1208,4.0426,10.7852,7.9815,8.5,8.0
1880,-62.3452,-12.2972,0.6406,0.7,0.0528,4.0167,10.7907,7.9815,8.5028,8.0
1881,-62.7142,-12.2824,0.6406,0.7,0.0778,3.8898,10.7963,7.9815,8.5056,8.0
1882,-62.6229,-12.2929,0.6406,0.7,0.0806,4.0028,10.8019,7.9815,8.5083,8.0
1883,-62.4593,-12.289,0.6405,0.7,0.0736,4.0019,10.8074,7.9815,8.5111,8.0
1884,-62.7334,-12.2411,0.6405,0.7,0.0639,3.9981,10.813,7.9815,8.5139,8.0
1885,-62.9586,-12.2513,0.6405,0.7,0.0847,4.0407,10.8185,7.9815,8.5167,8.0
1886,-63.1539,-12.2647,0.6405,0.7,0.0597,3.9759,10.8241,7.9815,8.5194,8.0
1887,-63.1975,-12.2762,0.6405,0.7,0.0458,4.0037,10.8296,7.9815,8.5222,8.0
1888,-63.356,-12.2478,0.6405,0.7,0.0486,3.9444,10.8352,7.9815,8.525,8.0
1889,-63.2893,-12.2589,0.6405,0.7,0.0444,3.987,10.8407,7.9815,8.5278,8.0
1890,-63.5905,-12.2434,0.6404,0.7,0.0514,4.0481,10.8463,7.9815,8.5306,8.0
1891,-63.5398,-12.2317,0.6404,0.7,0.0764,4.0361,10.8519,7.9815,8.5333,8.0
1892,-63.7563,-12.1767,0.6404,0.7,0.0639,3.9981,10.8574,7.9815,8.5361,8.0
1893,-63.7973,-12.2025,0.6404,0.7,0.0514,4.0028,10.862,7.9815,8.5389,8.0
1894,-63.7372,-12.2182,0.6404,0.7,0.0931,4.0463,10.8676,7.9815,8.5417,8.0
1895,-63.7649,-12.1842,0.6404,0.7,0.0639,3.925,10.8731,7.9815,8.5444,8.0
1896,-63.7095,-12.2213,0.6403,0.7,0.0278,4.0333,10.8787,7.9815,8.5472,8.0
1897,-64.1243,-12.1779,0.6403,0.7,0.0597,4.0176,10.8843,7.9824,8.55,8.0009
1898,-64.2095,-12.1534,0.6403,0.7,0.0611,4.013,10.8898,7.9824,8.5528,8.0009
1899,-64.2051,-12.1044,0.6403,0.7,0.0583,4.0083,10.8954,7.9824,8.5556,8.0009
1900,-64.1033,-12.1418,0.6402,0.7,0.0847,3.9981,10.9009,7.9824,8.5583,8.0009
1901,-64.4837,-12.1047,0.6403,0.7,0.0847,3.9815,10.9065,7.9824,8.5611,8.0009
1902,-64.3011,-12.0966,0.6403,0.7,0.0528,4.0046,10.912,7.9824,8.5639,8.0009
1903,-64.379,-12.0642,0.6403,0.7,0.0764,4.0241,10.9176,7.9824,8.5667,8.0009
1904,-64.805,-12.0312,0.6404,0.7,0.075,3.9898,10.9231,7.9824,8.5704,8.0009
1905,-64.7243,-11.968,0.6404,0.7,0.0542,3.9426,10.9287,7.9824,8.5731,8.0009
1906,-65.0095,-11.932,0.6404,0.7,0.1431,4.0213,10.9343,7.9824,8.5759,8.0009
1907,-65.0191,-11.9102,0.6404,0.7,0.0792,3.9583,10.9398,7.9824,8.5787,8.0009
1908,-65.1891,-11.84,0.6405,0.7,0.1375,4.0778,10.9454,7.9824,8.5815,8.0009
1909,-64.8323,-11.8413,0.6405,0.7,0.0708,4.0157,10.9509,7.9824,8.5843,8.0009
1910,-65.407,-11.7878,0.6405,0.7,0.1153,4.0296,10.9565,7.9824,8.587,8.0009
1911,-65.265,-11.7849,0.6405,0.7,0.075,4.0296,10.962,7.9824,8.5898,8.0009
1912,-65.4235,-11.7424,0.6405,0.7,0.1083,4.0111,10.9676,7.9833,8.5926,8.0009
1913,-65.4888,-11.7118,0.6404,0.7,0.0889,3.9889,10.9731,7.9833,8.5954,8.0009
1914,-65.3401,-11.6802,0.6405,0.7,0.0931,4.0454,10.9787,7.9843,8.5981,8.0009
1915,-65.715,-11.5992,0.6405,0.7,0.1056,4.0009,10.9843,7.9843,8.6009,8.0009
1916,-65.5811,-11.5838,0.6405,0.7,0.0569,3.9806,10.9898,7.9843,8.6037,8.0009
1917,-65.6416,-11.4965,0.6405,0.7,0.1639,4.0139,10.9954,7.9843,8.6065,8.0009
1918,-65.8042,-11.419,0.6405,0.7,0.1792,3.9917,11.0009,7.9843,8.6093,8.0009
1919,-66.1797,-11.3568,0.6405,0.7,0.1472,3.9833,11.0065,7.9843,8.612,8.0009
1920,-65.5764,-11.3499,0.6404,0.7,0.1806,4.0704,11.012,7.9843,8.6148,8.0009
1921,-65.4301,-11.3372,0.6404,0.7,0.1861,4.0102,11.0176,7.9843,8.6176,8.0028
1922,-65.8897,-11.2035,0.6404,0.7,0.2792,3.9676,11.0231,7.9843,8.6204,8.0028
1923,-65.2263,-11.1512,0.6404,0.7,0.2778,4.0491,11.0296,7.9843,8.6231,8.0028
1924,-65.9625,-11.1308,0.6404,0.7,0.2458,4.0093,11.0352,7.9843,8.6269,8.0028
1925,-65.4166,-11.0848,0.6404,0.7,0.4472,4.0185,11.0407,7.9843,8.6296,8.0028
1926,-65.3022,-11.1251,0.6404,0.7,0.2875,4.0019,11.0463,7.9843,8.6324,8.0028
1927,-65.4309,-11.1084,0.6405,0.7,0.3042,4.0176,11.0519,7.9843,8.6352,8.0028
1928,-65.4916,-11.0501,0.6405,0.7,0.4139,4.013,11.0574,7.9852,8.638,8.0037
1929,-65.0849,-11.0699,0.6405,0.7,0.425,4.0463,11.063,7.9852,8.6407,8.0037
1930,-64.7035,-10.9509,0.6405,0.7,0.5764,3.9907,11.0685,7.9861,8.6435,8.0046
1931,-65.0069,-10.9732,0.6405,0.7,0.5153,4.0565,11.0741,7.9861,8.6463,8.0046
1932,-64.9331,-10.9011,0.6405,0.7,0.5625,3.9769,11.0796,7.9861,8.6491,8.0056
1933,-64.2582,-10.7791,0.6404,0.7,0.7056,3.9898,11.0852,7.9861,8.6519,8.0056
1934,-63.7115,-10.799,0.6404,0.7,0.6639,3.987,11.0907,7.9861,8.6546,8.0056
1935,-63.9644,-10.7515,0.6405,0.7,0.7625,4.0037,11.0963,7.987,8.6574,8.0056
1936,-63.7384,-10.6841,0.6405,0.7,0.9625,4.0037,11.1019,7.987,8.6602,8.0065
1937,-62.5627,-10.6846,0.6403,0.7,0.9181,4.0056,11.1074,7.987,8.663,8.0074
1938,-63.4712,-10.6377,0.6404,0.7,1.0708,4.0213,11.113,7.987,8.6657,8.0074
1939,-63.0177,-10.7619,0.6403,0.7,0.9778,4.0426,11.1185,7.987,8.6685,8.0074
1940,-62.5842,-10.6665,0.6403,0.7,0.9736,4.0213,11.1241,7.987,8.6722,8.0083
1941,-62.7868,-10.6135,0.6403,0.7,1.0764,4.0139,11.1296,7.987,8.675,8.0083
1942,-62.1318,-10.6741,0.6402,0.7,1.0875,4.0259,11.1352,7.987,8.6778,8.0083
1943,-61.9,-10.6259,0.6402,0.7,1.0736,3.9306,11.1407,7.987,8.6806,8.0093
1944,-62.0651,-10.661,0.6402,0.7,1.1861,4.0194,11.1463,7.9889,8.6833,8.0102
1945,-60.9318,-10.6599,0.6401,0.7,1.1583,4.0352,11.1519,7.9889,8.6861,8.0102
1946,-60.5292,-10.6693,0.64,0.7,1.3208,4.0009,11.1574,7.9889,8.6889,8.0102
1947,-60.0096,-10.6904,0.64,0.7,1.2181,4.0306,11.163,7.9889,8.6917,8.0102
1948,-58.9844,-10.7767,0.6399,0.7,1.1056,3.9759,11.1685,7.9898,8.6944,8.0111
1949,-59.7388,-10.8224,0.6399,0.7,1.1444,4.0204,11.1741,7.9917,8.6972,8.012
1950,-59.967,-10.8583,0.64,0.7,0.9597,3.9704,11.1796,7.9917,8.7,8.013
1951,-60.5219,-10.7915,0.6401,0.7,1.0875,4.0241,11.1852,7.9935,8.7028,8.013
1952,-60.697,-10.8317,0.6402,0.7,0.9667,3.987,11.1907,7.9944,8.7056,8.0148
1953,-59.4473,-10.8325,0.6402,0.7,1.2319,4.0259,11.1972,7.9954,8.7083,8.0157
1954,-59.4528,-10.8348,0.6402,0.7,1.0917,4.0444,11.2028,7.9954,8.712,8.0176
1955,-58.6796,-10.891,0.6401,0.7,1.0333,3.988,11.2083,7.9963,8.7148,8.0185
1956,-58.4762,-10.9229,0.6401,0.7,1.0792,3.9713,11.2139,7.9963,8.7176,8.0185
1957,-57.9327,-11.0176,0.64,0.7,0.9694,4.0056,11.2194,7.9981,8.7204,8.0213
1958,-56.8595,-11.1734,0.6398,0.7,0.9472,4.0037,11.225,7.9981,8.7231,8.0213
1959,-58.1669,-11.2028,0.6398,0.7,0.8306,4.0565,11.2306,7.9981,8.7259,8.0222
1960,-57.6442,-11.2503,0.6398,0.7,0.8417,3.9954,11.2361,7.9991,8.7287,8.0259
1961,-57.83,-11.2451,0.6399,0.7,0.9139,4.0556,11.2417,7.9991,8.7315,8.0259
1962,-57.418,-11.3701,0.6398,0.7,0.7681,4.0019,11.2472,8.0028,8.7343,8.0296
1963,-57.3355,-11.3022,0.6399,0.7,0.7625,3.9491,11.2528,8.0037,8.737,8.0306
1964,-56.7648,-11.3799,0.6398,0.7,0.7806,3.9639,11.2583,8.0046,8.7398,8.0315
1965,-57.015,-11.3933,0.6398,0.7,0.7097,3.9954,11.2639,8.0046,8.7426,8.0315
1966,-57.8915,-11.3452,0.6399,0.7,0.7236,4.0065,11.2694,8.0065,8.7454,8.0333
1967,-57.8347,-11.4323,0.6399,0.7,0.5431,3.9556,11.275,8.0074,8.7481,8.0333
1968,-58.3673,-11.4591,0.64,0.7,0.5819,4.0231,11.2806,8.0093,8.7509,8.0352
1969,-57.9453,-11.5111,0.64,0.7,0.6028,4.0444,11.2861,8.0093,8.7537,8.0361
1970,-57.8182,-11.5289,0.64,0.7,0.6278,4.0065,11.2917,8.012,8.7565,8.0389
1971,-57.7966,-11.6014,0.64,0.7,0.5486,3.9926,11.2972,8.0157,8.7602,8.0417
1972,-57.3531,-11.7106,0.6399,0.7,0.5083,4.0056,11.3028,8.0176,8.763,8.0435
1973,-57.6243,-11.6414,0.6399,0.7,0.5292,4.0093,11.3083,8.0185,8.7657,8.0444
1974,-58.4272,-11.682,0.6399,0.7,0.4764,3.9602,11.3139,8.0204,8.7685,8.0472
1975,-58.4428,-11.6795,0.64,0.7,0.4972,4.0213,11.3194,8.0213,8.7713,8.0481
1976,-58.1175,-11.7998,0.6399,0.7,0.4236,3.9648,11.325,8.0213,8.7741,8.05
1977,-58.3413,-11.8189,0.6399,0.7,0.4042,4.0093,11.3306,8.0213,8.7769,8.05
1978,-58.4031,-11.9338,0.6398,0.7,0.3139,4.0519,11.3361,8.025,8.7796,8.0509
1979,-58.5946,-11.9151,0.6398,0.7,0.4056,3.9833,11.3417,8.025,8.7824,8.0509
1980,-59.2052,-11.868,0.6399,0.7,0.3417,3.9796,11.3472,8.0269,8.7852,8.0528
1981,-58.871,-11.8942,0.6399,0.7,0.3194,3.9778,11.3528,8.0287,8.788,8.0565
1982,-59.2039,-11.9938,0.6399,0.7,0.2917,3.9694,11.3583,8.0361,8.7907,8.0611
1983,-59.4865,-12.0168,0.6399,0.7,0.2903,4.0148,11.3639,8.0407,8.7935,8.0657
1984,-59.3066,-12.0505,0.6399,0.7,0.2611,4.0343,11.3694,8.0417,8.7963,8.0676
1985,-60.022,-12.1569,0.6398,0.7,0.1944,3.9546,11.375,8.0417,8.7991,8.0694
1986,-59.7551,-12.0737,0.6398,0.7,0.2042,4.0167,11.3806,8.0454,8.8019,8.0741
1987,-60.0597,-12.1137,0.6398,0.7,0.2167,4.025,11.3861,8.0481,8.8046,8.0787
1988,-60.1318,-12.0596,0.6399,0.7,0.3069,4.0111,11.3917,8.0556,8.8074,8.0861
1989,-60.1478,-12.0567,0.64,0.7,0.2444,4.025,11.3972,8.062,8.8102,8.0889
1990,-60.213,-12.1509,0.6399,0.7,0.2208,4.0333,11.4028,8.0648,8.813,8.0917
1991,-60.6473,-12.1654,0.64,0.7,0.1556,4.0148,11.4083,8.0676,8.8157,8.0944
1992,-60.4291,-12.1579,0.64,0.7,0.1431,4.0009,11.4139,8.0713,8.8185,8.0972
1993,-60.2203,-12.1141,0.6401,0.7,0.2153,4.0185,11.4194,8.0769,8.8222,8.1028
1994,-60.155,-12.0944,0.6402,0.7,0.2514,3.9972,11.425,8.0787,8.825,8.1046
1995,-60.1678,-12.1631,0.6402,0.7,0.1833,4.037,11.4306,8.0815,8.8278,8.1083
1996,-59.8727,-12.1545,0.6402,0.7,0.1708,4.0315,11.4361,8.0861,8.8306,8.113
1997,-60.5014,-12.1583,0.6403,0.7,0.2111,3.9546,11.4417,8.0898,8.8333,8.1185
1998,-61.0455,-12.2037,0.6403,0.7,0.1292,4.0213,11.4472,8.0954,8.8361,8.1213
1999,-61.4258,-12.2114,0.6404,0.7,0.1069,4.0056,11.4528,8.0991,8.8389,8.125
2000,-61.5087,-12.2414,0.6404,0.7,0.125,4.0074,11.4583,8.1009,8.8417,8.1269
2001,-61.1547,-12.2765,0.6403,0.7,0.0875,4.025,11.4639,8.1083,8.8444,8.1315
2002,-61.9205,-12.2843,0.6403,0.7,0.1042,3.9731,11.4685,8.1139,8.8472,8.1343
2003,-62.2028,-12.29,0.6403,0.7,0.0611,4.0296,11.4741,8.1204,8.85,8.1407
2004,-62.4013,-12.3124,0.6402,0.7,0.0431,4.0157,11.4796,8.1231,8.8528,8.1454
2005,-62.4495,-12.2692,0.6402,0.7,0.0653,4.0278,11.4852,8.1287,8.8556,8.1491
2006,-62.7878,-12.2852,0.6402,0.7,0.0694,3.9491,11.4907,8.1352,8.8583,8.1556
2007,-62.6796,-12.2992,0.6401,0.7,0.1125,3.9861,11.4963,8.1426,8.8611,8.1583
2008,-62.7303,-12.2546,0.6401,0.7,0.0625,4.012,11.5019,8.1444,8.8639,8.1611
2009,-62.8968,-12.2323,0.6402,0.7,0.0583,4.0139,11.5074,8.1481,8.8667,8.1648
2010,-62.5382,-12.269,0.6402,0.7,0.0681,3.987,11.513,8.1565,8.8694,8.1722
2011,-62.5074,-12.2333,0.6402,0.7,0.0847,4.0315,11.5185,8.163,8.8722,8.1787
2012,-63.1415,-12.2554,0.6402,0.7,0.1208,3.9685,11.5241,8.1676,8.875,8.1843
2013,-63.1875,-12.2143,0.6402,0.7,0.0569,3.9852,11.5296,8.1741,8.8778,8.188
2014,-63.4157,-12.2236,0.6403,0.7,0.0222,3.925,11.5352,8.1843,8.8806,8.1954
2015,-63.473,-12.2071,0.6403,0.7,0.0319,3.9833,11.5407,8.1935,8.8833,8.1991
2016,-63.4442,-12.2197,0.6403,0.7,0.0861,4.0102,11.5463,8.1981,8.8861,8.2037
2017,-63.3119,-12.2183,0.6403,0.7,0.05,3.9898,11.5519,8.2056,8.8889,8.2102
2018,-63.6053,-12.2494,0.6402,0.7,0.0292,3.9537,11.5574,8.2102,8.8917,8.2157
2019,-63.6102,-12.1826,0.6402,0.7,0.0847,4.0046,11.563,8.2167,8.8944,8.2231
2020,-63.7713,-12.2102,0.6402,0.7,0.0806,3.9444,11.5685,8.2194,8.8981,8.2278
2021,-63.8449,-12.146,0.6402,0.7,0.0764,4.0194,11.5741,8.2231,8.9009,8.2324
2022,-63.8592,-12.1362,0.6403,0.7,0.05,4.0639,11.5796,8.2269,8.9037,8.2361
2023,-64.1818,-12.138,0.6403,0.7,0.0347,4.0315,11.5852,8.2324,8.9065,8.2407
2024,-64.2901,-12.1167,0.6403,0.7,0.0583,4.0148,11.5907,8.2407,8.9093,8.2481
2025,-64.5855,-12.0915,0.6404,0.7,0.0764,3.9991,11.5963,8.2509,8.912,8.2593
2026,-64.3643,-12.0731,0.6404,0.7,0.0708,4.0241,11.6019,8.2556,8.9148,8.2685
2027,-64.3113,-12.0456,0.6404,0.7,0.0931,4.0278,11.6074,8.2583,8.9176,8.2713
2028,-64.6351,-12.0411,0.6404,0.7,0.0458,4.0306,11.613,8.2685,8.9204,8.2759
2029,-64.685,-12.068,0.6403,0.7,0.0944,3.9926,11.6185,8.2722,8.9231,8.2824
2030,-64.728,-12.0647,0.6403,0.7,0.0625,3.9556,11.6241,8.2769,8.9259,8.288
2031,-64.7855,-12.0057,0.6403,0.7,0.0806,4.0157,11.6296,8.2833,8.9287,8.2935
2032,-64.7898,-11.9841,0.6403,0.7,0.0681,3.95,11.6352,8.2889,8.9315,8.2991
2033,-65.088,-11.984,0.6403,0.7,0.05,3.9593,11.6407,8.2944,8.9343,8.3046
2034,-65.0634,-11.9705,0.6402,0.7,0.1014,3.9981,11.6463,8.3065,8.937,8.3176
2035,-65.064,-11.9916,0.6402,0.7,0.0972,4.0269,11.6519,8.3157,8.9398,8.3259
2036,-64.9439,-11.9544,0.6401,0.7,0.0486,3.9806,11.6574,8.3241,8.9426,8.3333
2037,-65.0544,-11.9471,0.6401,0.7,0.0597,4.0037,11.663,8.3343,8.9454,8.3417
2038,-65.1623,-11.9036,0.6401,0.7,0.0681,3.9491,11.6685,8.3444,8.9481,8.3519
2039,-65.2953,-11.855,0.6401,0.7,0.0792,4.0185,11.6741,8.35,8.9509,8.3583
2040,-65.1326,-11.8429,0.64,0.7,0.0903,3.9981,11.6796,8.3593,8.9546,8.3667
2041,-65.3932,-11.9042,0.64,0.7,0.0764,4.0046,11.6852,8.3667,8.9574,8.375
2042,-65.6101,-11.7938,0.64,0.7,0.0708,3.9463,11.6907,8.3713,8.9602,8.3824
2043,-65.6495,-11.7553,0.64,0.7,0.0875,3.9806,11.6963,8.3852,8.963,8.3935
2044,-65.4976,-11.7774,0.64,0.7,0.0708,4.0102,11.7019,8.3889,8.9657,8.3991
2045,-65.1542,-11.7738,0.6399,0.7,0.0722,4.0315,11.7074,8.3981,8.9685,8.4056
2046,-65.6114,-11.7059,0.64,0.7,0.1292,4.0148,11.7139,8.4056,8.9713,8.4167
2047,-65.3895,-11.7133,0.64,0.7,0.1111,3.95,11.7194,8.4111,8.9741,8.4231
2048,-65.6164,-11.6793,0.64,0.7,0.1292,4.0287,11.725,8.4167,8.9769,8.4296
2049,-65.3121,-11.6432,0.6401,0.7,0.0972,4.0509,11.7306,8.4269,8.9796,8.438
2050,-65.6648,-11.5448,0.6402,0.7,0.175,3.9926,11.7361,8.4315,8.9824,8.4463
2051,-65.7715,-11.5424,0.6401,0.7,0.1514,4.0435,11.7417,8.4352,8.9852,8.4519
2052,-65.7298,-11.5622,0.6402,0.7,0.1625,3.9556,11.7472,8.4417,8.988,8.4611
2053,-65.5325,-11.473,0.6402,0.7,0.1528,4.0231,11.7528,8.4454,8.9907,8.4657
2054,-65.5992,-11.4715,0.6403,0.7,0.1208,3.9944,11.7583,8.4519,8.9944,8.4713
2055,-65.9513,-11.4242,0.6403,0.7,0.1417,4.0241,11.7639,8.4574,8.9972,8.4778
2056,-65.6513,-11.3839,0.6403,0.7,0.1556,4.0231,11.7694,8.4648,9.0,8.4917
2057,-65.6222,-11.3021,0.6403,0.7,0.1819,3.9463,11.775,8.4694,9.0028,8.4963
2058,-66.1004,-11.3229,0.6403,0.7,0.1875,4.0241,11.7806,8.4759,9.0056,8.5037
2059,-65.7721,-11.2821,0.6403,0.7,0.2194,3.9722,11.7861,8.487,9.0083,8.5157
2060,-65.8427,-11.2903,0.6403,0.7,0.1583,4.0333,11.7917,8.4944,9.0111,8.5213
2061,-65.8966,-11.1952,0.6403,0.7,0.25,4.0139,11.7972,8.5009,9.0139,8.5287
2062,-65.6557,-11.2013,0.6403,0.7,0.3097,3.9657,11.8028,8.5148,9.0167,8.5352
2063,-65.7328,-11.1676,0.6403,0.7,0.1986,3.9991,11.8083,8.5231,9.0194,8.5454
2064,-65.6421,-11.1677,0.6403,0.7,0.2931,3.9824,11.8139,8.5361,9.0222,8.5546
2065,-65.5883,-11.073,0.6404,0.7,0.2931,4.0037,11.8194,8.5444,9.025,8.5657
2066,-65.3919,-11.0726,0.6403,0.7,0.3611,4.0037,11.825,8.5546,9.0278,8.5741
2067,-65.7677,-11.0626,0.6404,0.7,0.3208,4.0389,11.8306,8.5602,9.0306,8.5778
2068,-65.6148,-11.0136,0.6403,0.7,0.3542,3.9778,11.8361,8.5667,9.0333,8.5824
2069,-65.4176,-10.9752,0.6403,0.7,0.4111,3.9981,11.8417,8.5759,9.037,8.5889
2070,-65.3162,-10.8696,0.6403,0.7,0.5056,3.9972,11.8472,8.5889,9.0398,8.6
2071,-64.9045,-10.9168,0.6403,0.7,0.5264,3.9685,11.8528,8.5963,9.0426,8.6065
2072,-65.2351,-10.8457,0.6403,0.7,0.5083,3.9889,11.8583,8.6083,9.0454,8.6167
2073,-64.5605,-10.8,0.6403,0.7,0.6778,3.9824,11.8648,8.6157,9.0481,8.6241
2074,-64.3442,-10.7831,0.6402,0.7,0.7375,4.0269,11.8704,8.6333,9.0509,8.6407
2075,-64.6027,-10.7538,0.6402,0.7,0.8194,4.0546,11.8759,8.6435,9.0537,8.6472
2076,-64.2951,-10.7879,0.6402,0.7,0.6681,3.9611,11.8815,8.6491,9.0565,8.6519
2077,-63.9023,-10.7366,0.6402,0.7,0.9028,4.037,11.887,8.6639,9.0593,8.6611
2078,-63.2369,-10.6184,0.6401,0.7,1.1736,3.9889,11.8926,8.6787,9.062,8.6713
2079,-62.598,-10.6445,0.64,0.7,1.1139,4.0074,11.8981,8.6926,9.0648,8.6787
2080,-63.4796,-10.5618,0.6401,0.7,1.1625,3.9981,11.9037,8.7,9.0676,8.6889
2081,-63.5,-10.6232,0.6401,0.7,1.1917,3.9287,11.9093,8.7093,9.0704,8.6972
2082,-63.4799,-10.5956,0.64,0.7,1.1111,3.9926,11.9148,8.7139,9.0731,8.7037
2083,-62.8233,-10.6476,0.6399,0.7,1.0736,3.9796,11.9204,8.7194,9.0769,8.712
2084,-63.7148,-10.5611,0.6399,0.7,1.0611,4.012,11.9259,8.7259,9.0796,8.7194
2085,-62.6579,-10.5995,0.6399,0.7,1.2347,3.9843,11.9315,8.7333,9.0824,8.7259
2086,-62.9591,-10.5619,0.6399,0.7,1.2931,4.0093,11.937,8.7426,9.0852,8.7343
2087,-63.1588,-10.5986,0.6399,0.7,1.2014,3.9898,11.9426,8.7454,9.088,8.7389
2088,-61.8086,-10.5738,0.6398,0.7,1.3847,4.0056,11.9481,8.7519,9.0907,8.7426
2089,-60.9588,-10.5999,0.6397,0.7,1.3125,3.9472,11.9546,8.762,9.0935,8.7491
2090,-61.3715,-10.5995,0.6398,0.7,1.3056,3.9861,11.9602,8.7667,9.0963,8.7565
2091,-60.8618,-10.6228,0.6397,0.7,1.3806,3.9926,11.9657,8.775,9.0991,8.7648
2092,-60.7585,-10.5641,0.6397,0.7,1.4986,4.0111,11.9713,8.7806,9.1019,8.7704
2093,-60.3059,-10.6291,0.6397,0.7,1.3639,3.963,11.9769,8.7861,9.1046,8.7787
2094,-60.9875,-10.5421,0.6398,0.7,1.4111,3.9907,11.9824,8.7981,9.1083,8.788
2095,-59.5215,-10.6816,0.6396,0.7,1.3583,3.9991,11.988,8.8046,9.1111,8.7972
2096,-59.1159,-10.7052,0.6396,0.7,1.2097,4.0167,11.9935,8.8083,9.1139,8.7991
2097,-57.7404,-10.829,0.6395,0.7,1.3681,3.9565,11.9991,8.8148,9.1167,8.8056
2098,-57.5963,-10.8497,0.6394,0.7,1.3972,3.9167,12.0046,8.8204,9.1194,8.813
2099,-57.3449,-10.9236,0.6393,0.7,1.2792,3.9759,12.0102,8.8213,9.1222,8.8167
2100,-56.9614,-10.8746,0.6393,0.7,1.2028,4.0315,12.0157,8.8269,9.125,8.8222
2101,-56.6277,-10.9113,0.6392,0.7,1.3,3.9843,12.0222,8.8315,9.1278,8.8287
2102,-57.2697,-10.9313,0.6392,0.7,1.3611,3.987,12.0278,8.8398,9.1306,8.8343
2103,-56.8633,-10.9519,0.6392,0.7,1.1014,4.0037,12.0333,8.8491,9.1333,8.8407
2104,-57.327,-10.9822,0.6392,0.7,1.1722,3.9796,12.0389,8.8528,9.137,8.85
2105,-56.8145,-11.0133,0.6391,0.7,1.0444,4.038,12.0444,8.8583,9.1398,8.8546
2106,-56.3657,-11.0392,0.639,0.7,1.2611,3.988,12.05,8.8657,9.1426,8.8602
2107,-56.7408,-11.0909,0.639,0.7,1.1625,3.9806,12.0556,8.8769,9.1454,8.8704
2108,-57.1732,-11.0989,0.639,0.7,0.9569,4.0796,12.0611,8.8815,9.1481,8.8759
2109,-57.1186,-11.1066,0.639,0.7,1.0625,4.0065,12.0667,8.887,9.1509,8.8806
2110,-56.6992,-11.1696,0.639,0.7,0.9347,3.9935,12.0722,8.8917,9.1537,8.8833
2111,-56.9181,-11.18,0.6389,0.7,1.1306,3.9713,12.0787,8.8972,9.1565,8.887
2112,-56.9787,-11.1574,0.639,0.7,1.0431,3.9491,12.0843,8.9028,9.1593,8.8926
2113,-57.0306,-11.1469,0.639,0.7,0.9306,4.0176,12.0898,8.9065,9.163,8.8954
2114,-57.3254,-11.2229,0.639,0.7,0.9639,3.9546,12.0954,8.9111,9.1657,8.9
2115,-56.5653,-11.3297,0.6388,0.7,0.9236,3.9759,12.1009,8.9176,9.1685,8.9056
2116,-55.9201,-11.3215,0.6387,0.7,0.9139,4.0028,12.1065,8.9204,9.1713,8.9102
2117,-56.5546,-11.2875,0.6387,0.7,1.0028,4.0231,12.112,8.9241,9.1741,8.912
2118,-56.5197,-11.2632,0.6388,0.7,0.9347,3.9917,12.1176,8.9269,9.1769,8.9139
2119,-56.9898,-11.4274,0.6387,0.7,0.6681,4.0491,12.1231,8.9287,9.1796,8.9176
2120,-56.9667,-11.3891,0.6388,0.7,1.0361,4.038,12.1296,8.9306,9.1824,8.9204
2121,-57.1321,-11.4958,0.6386,0.7,0.8028,4.0361,12.1352,8.9343,9.1852,8.9231
2122,-57.0165,-11.3387,0.6388,0.7,0.8208,3.9981,12.1407,8.9361,9.1889,8.9241
2123,-57.4351,-11.4467,0.6388,0.7,0.8333,4.0111,12.1463,8.9407,9.1917,8.9324
2124,-56.9797,-11.465,0.6388,0.7,0.7167,3.963,12.1519,8.9407,9.1944,8.9333
2125,-56.7301,-11.5086,0.6388,0.7,0.7403,4.0148,12.1574,8.9417,9.1972,8.9333
2126,-57.5399,-11.6419,0.6388,0.7,0.6153,4.0019,12.163,8.9454,9.2,8.9352
2127,-57.3567,-11.6253,0.6388,0.7,0.6417,4.0194,12.1685,8.9481,9.2028,8.938
2128,-57.0149,-11.687,0.6388,0.7,0.5514,4.0306,12.1741,8.9491,9.2056,8.9389
2129,-57.4363,-11.6643,0.6387,0.7,0.6014,4.0222,12.1806,8.95,9.2083,8.9398
2130,-57.2406,-11.7092,0.6387,0.7,0.6417,4.0148,12.1861,8.9528,9.2111,8.9454
2131,-56.8054,-11.6821,0.6387,0.7,0.525,4.0093,12.1917,8.9537,9.2139,8.9472
2132,-57.1729,-11.7148,0.6387,0.7,0.5792,4.037,12.1972,8.9574,9.2176,8.95
2133,-58.1789,-11.8042,0.6387,0.7,0.4028,3.9574,12.2028,8.9593,9.2204,8.9519
2134,-58.1582,-11.7505,0.6387,0.7,0.4583,4.0213,12.2083,8.962,9.2231,8.9556
2135,-57.4435,-11.8532,0.6387,0.7,0.4194,4.0157,12.2139,8.9639,9.2259,8.9574
2136,-57.8486,-11.8652,0.6387,0.7,0.4986,3.975,12.2194,8.9639,9.2287,8.9574
2137,-58.0685,-11.8305,0.6387,0.7,0.4806,3.9648,12.225,8.9639,9.2315,8.9593
2138,-58.1192,-11.893,0.6386,0.7,0.4139,4.0241,12.2306,8.9667,9.2343,8.962
2139,-58.559,-11.9306,0.6386,0.7,0.3986,4.0333,12.237,8.9676,9.237,8.962
2140,-59.2241,-11.9609,0.6387,0.7,0.3583,4.0315,12.2426,8.9676,9.2398,8.9639
2141,-59.0647,-11.9409,0.6387,0.7,0.2667,3.9194,12.2481,8.9704,9.2435,8.9685
2142,-59.64,-12.0404,0.6386,0.7,0.2194,3.987,12.2537,8.9713,9.2463,8.9685
2143,-59.5042,-12.0359,0.6386,0.7,0.3167,3.9787,12.2593,8.9731,9.2491,8.9704
2144,-59.2551,-12.062,0.6386,0.7,0.3056,4.0111,12.2648,8.9731,9.2519,8.9713
2145,-58.8643,-11.9892,0.6386,0.7,0.3028,3.9944,12.2704,8.9741,9.2546,8.9741
2146,-58.9812,-12.0268,0.6386,0.7,0.3153,4.037,12.2759,8.975,9.2574,8.975
2147,-59.1047,-12.0602,0.6386,0.7,0.3292,3.9417,12.2815,8.9759,9.2602,8.9769
2148,-59.605,-12.1574,0.6385,0.7,0.1972,3.975,12.288,8.9769,9.263,8.9787
2149,-59.2108,-12.1537,0.6385,0.7,0.2431,3.9546,12.2935,8.9778,9.2657,8.9796
2150,-59.6434,-12.172,0.6385,0.7,0.1764,4.0213,12.2991,8.9787,9.2694,8.9806
2151,-59.9548,-12.1765,0.6385,0.7,0.1986,4.0157,12.3046,8.9796,9.2722,8.9806
2152,-59.983,-12.1712,0.6385,0.7,0.1861,3.9398,12.3102,8.9806,9.275,8.9815
2153,-60.2065,-12.1831,0.6385,0.7,0.2069,4.0231,12.3157,8.9815,9.2778,8.9824
2154,-60.413,-12.1909,0.6384,0.7,0.1819,3.9833,12.3213,8.9824,9.2806,8.9824
2155,-60.8886,-12.2517,0.6384,0.7,0.1361,4.0065,12.3269,8.9833,9.2833,8.9843
2156,-60.503,-12.2004,0.6384,0.7,0.1167,4.0361,12.3333,8.9843,9.2861,8.9843
2157,-60.8736,-12.2104,0.6385,0.7,0.2097,3.9833,12.3389,8.9843,9.2889,8.9843
2158,-60.8609,-12.24,0.6385,0.7,0.1278,3.987,12.3444,8.9843,9.2917,8.9852
2159,-61.0071,-12.2501,0.6385,0.7,0.0917,4.0148,12.35,8.9861,9.2954,8.987
2160,-61.2815,-12.3282,0.6384,0.7,0.0917,3.9806,12.3556,8.9861,9.2981,8.987
2161,-61.3838,-12.2873,0.6384,0.7,0.1278,4.0278,12.3611,8.988,9.3009,8.987
2162,-60.7655,-12.2823,0.6383,0.7,0.0944,4.0306,12.3667,8.9898,9.3037,8.988
2163,-61.7107,-12.343,0.6383,0.7,0.0625,3.8926,12.3722,8.9907,9.3065,8.9898
2164,-61.118,-12.3066,0.6383,0.7,0.1208,4.0546,12.3787,8.9917,9.3093,8.9898
2165,-60.8551,-12.2522,0.6384,0.7,0.1,4.0324,12.3843,8.9917,9.312,8.9898
2166,-61.5527,-12.2878,0.6384,0.7,0.0806,4.0056,12.3898,8.9917,9.3148,8.9898
2167,-61.7036,-12.3251,0.6384,0.7,0.0722,3.9815,12.3954,8.9926,9.3185,8.9907
2168,-61.9582,-12.32,0.6384,0.7,0.0569,4.0065,12.4009,8.9926,9.3213,8.9907
2169,-61.7861,-12.3223,0.6384,0.7,0.0847,3.9917,12.4065,8.9935,9.3241,8.9926
2170,-62.0914,-12.299,0.6384,0.7,0.0861,4.0148,12.412,8.9935,9.3269,8.9926
2171,-62.1558,-12.3277,0.6384,0.7,0.0764,3.9843,12.4185,8.9944,9.3296,8.9935
2172,-61.9034,-12.2913,0.6384,0.7,0.1181,4.0185,12.4241,8.9944,9.3324,8.9935
2173,-62.1633,-12.3112,0.6384,0.7,0.0806,4.0167,12.4296,8.9944,9.3352,8.9935
2174,-62.0905,-12.3318,0.6384,0.7,0.0722,3.9889,12.4352,8.9944,9.338,8.9935
2175,-62.0217,-12.3058,0.6384,0.7,0.0958,3.9935,12.4407,8.9944,9.3417,8.9935
2176,-62.3992,-12.3071,0.6384,0.7,0.0361,3.988,12.4463,8.9944,9.3444,8.9935
2177,-62.3509,-12.2946,0.6384,0.7,0.0778,4.012,12.4519,8.9944,9.3472,8.9935
2178,-62.6452,-12.3048,0.6384,0.7,0.0722,4.0352,12.4583,8.9954,9.35,8.9944
2179,-62.6401,-12.2674,0.6385,0.7,0.0708,3.987,12.4639,8.9954,9.3528,8.9944
2180,-63.0243,-12.3251,0.6385,0.7,0.0736,3.9259,12.4694,8.9963,9.3556,8.9954
2181,-62.6428,-12.3371,0.6385,0.7,0.0389,3.9806,12.475,8.9963,9.3583,8.9954
2182,-62.8869,-12.3151,0.6385,0.7,0.0931,4.0,12.4806,8.9963,9.3611,8.9954
2183,-62.6511,-12.3065,0.6384,0.7,0.0583,3.9926,12.4861,8.9963,9.3648,8.9954
2184,-62.9733,-12.3149,0.6385,0.7,0.0653,3.9296,12.4917,8.9963,9.3676,8.9954
2185,-62.7436,-12.3034,0.6385,0.7,0.0639,3.9704,12.4981,8.9963,9.3704,8.9954
2186,-63.1451,-12.3033,0.6385,0.7,0.0639,3.9472,12.5037,8.9972,9.3731,8.9963
2187,-62.9946,-12.2721,0.6385,0.7,0.0681,4.0093,12.5093,8.9972,9.3759,8.9963
2188,-63.2486,-12.2917,0.6385,0.7,0.0597,4.0398,12.5148,8.9981,9.3787,8.9963
2189,-63.4282,-12.291,0.6385,0.7,0.0486,3.9287,12.5204,8.9981,9.3815,8.9963
2190,-63.1662,-12.2991,0.6385,0.7,0.05,4.0176,12.5259,8.9981,9.3843,8.9963
2191,-63.2818,-12.2994,0.6386,0.7,0.0722,4.0046,12.5315,8.9981,9.388,8.9963
2192,-63.3764,-12.2472,0.6386,0.7,0.0653,4.0102,12.538,8.9991,9.3907,8.9972
2193,-63.46,-12.2499,0.6386,0.7,0.0778,3.9991,12.5435,8.9991,9.3935,8.9972
2194,-63.6579,-12.2631,0.6387,0.7,0.0569,4.0361,12.5491,8.9991,9.3963,8.9972
2195,-63.5951,-12.2801,0.6387,0.7,0.0333,3.9491,12.5546,8.9991,9.3991,8.9981
2196,-63.7917,-12.2613,0.6387,0.7,0.0639,3.9593,12.5602,8.9991,9.4019,8.9981
2197,-63.7083,-12.2403,0.6387,0.7,0.0347,3.988,12.5657,8.9991,9.4046,8.9981
2198,-63.4105,-12.2849,0.6387,0.7,0.0542,4.063,12.5713,8.9991,9.4074,8.9981
2199,-63.561,-12.251,0.6387,0.7,0.0597,4.0157,12.5778,8.9991,9.4111,8.9981
2200,-63.531,-12.2545,0.6387,0.7,0.0694,4.0074,12.5833,8.9991,9.4139,8.9981
2201,-63.5964,-12.2289,0.6388,0.7,0.1014,4.0139,12.5889,8.9991,9.4167,8.9981
2202,-63.6373,-12.2366,0.6388,0.7,0.05,3.9676,12.5944,8.9991,9.4194,8.9981
2203,-63.6199,-12.2437,0.6388,0.7,0.0403,4.0306,12.6,8.9991,9.4222,8.9981
2204,-63.7028,-12.2087,0.6389,0.7,0.0417,3.9759,12.6056,8.9991,9.425,8.9981
2205,-63.8187,-12.2128,0.6389,0.7,0.0458,4.05,12.6111,8.9991,9.4278,8.9981
2206,-63.7834,-12.2138,0.6389,0.7,0.0542,4.0306,12.6167,8.9991,9.4306,8.9981
2207,-63.5843,-12.2296,0.6389,0.7,0.0583,3.9926,12.6231,8.9991,9.4343,8.9981
2208,-63.889,-12.1884,0.639,0.7,0.0792,3.9991,12.6287,8.9991,9.437,8.9981
2209,-64.04,-12.1834,0.639,0.7,0.1194,3.9731,12.6343,8.9991,9.4398,8.9981
2210,-64.3703,-12.156,0.6391,0.7,0.0486,4.0046,12.6398,8.9991,9.4426,8.9981
2211,-64.4962,-12.1145,0.6391,0.7,0.0861,4.0194,12.6454,8.9991,9.4454,8.9981
2212,-64.3311,-12.1194,0.6391,0.7,0.0583,4.0037,12.6509,8.9991,9.4481,8.9981
2213,-64.7085,-12.1407,0.6392,0.7,0.0444,3.9648,12.6565,8.9991,9.4509,8.9981
2214,-64.6226,-12.1217,0.6391,0.7,0.0569,4.025,12.662,8.9991,9.4537,8.9981
2215,-64.5166,-12.06,0.6392,0.7,0.0667,3.9593,12.6676,8.9991,9.4565,8.9981
2216,-64.5545,-12.1148,0.6392,0.7,0.0417,3.9861,12.6741,8.9991,9.4602,8.9981
2217,-64.6995,-12.0982,0.6392,0.7,0.0583,4.0074,12.6796,8.9991,9.463,8.9981
2218,-64.7974,-12.0099,0.6391,0.7,0.1014,3.9898,12.6852,8.9991,9.4657,8.9981
2219,-65.1165,-12.0183,0.6392,0.7,0.0653,3.9935,12.6907,8.9991,9.4685,8.9981
2220,-64.8894,-11.9903,0.6392,0.7,0.0556,3.9852,12.6963,8.9991,9.4713,8.9981
2221,-65.2007,-11.9572,0.6391,0.7,0.0806,4.0222,12.7019,8.9991,9.4741,8.9981
2222,-64.863,-11.9172,0.6391,0.7,0.0778,4.0028,12.7074,8.9991,9.4769,8.9981
2223,-65.4687,-11.8648,0.6392,0.7,0.0736,3.9843,12.713,8.9991,9.4796,8.9981
2224,-65.2427,-11.8765,0.6392,0.7,0.0667,3.9639,12.7185,8.9991,9.4824,8.9981
2225,-65.3749,-11.8868,0.6392,0.7,0.1375,4.0185,12.725,9.0,9.4861,8.9991
2226,-65.4831,-11.8201,0.6392,0.7,0.1208,3.9907,12.7306,9.0,9.4889,8.9991
2227,-65.5794,-11.8184,0.6392,0.7,0.0542,3.9898,12.7361,9.0,9.4917,8.9991
2228,-65.3755,-11.7529,0.6392,0.7,0.0861,3.988,12.7417,9.0,9.4944,8.9991
2229,-65.4557,-11.8098,0.6392,0.7,0.0972,4.0231,12.7472,9.0,9.4972,8.9991
2230,-65.6173,-11.7505,0.6392,0.7,0.0875,4.0343,12.7528,9.0,9.5,8.9991
2231,-65.8133,-11.6958,0.6392,0.7,0.0639,3.9713,12.7583,9.0,9.5028,8.9991
2232,-65.9664,-11.6328,0.6392,0.7,0.0875,3.987,12.7639,9.0,9.5056,8.9991
2233,-65.7319,-11.6021,0.6391,0.7,0.0528,4.0444,12.7704,9.0,9.5083,8.9991
2234,-65.6554,-11.5921,0.6391,0.7,0.0819,4.0296,12.7759,9.0,9.512,8.9991
2235,-65.8615,-11.5049,0.6392,0.7,0.1347,4.0352,12.7815,9.0,9.5148,8.9991
2236,-65.7671,-11.5679,0.6392,0.7,0.0931,3.9898,12.787,9.0,9.5176,8.9991
2237,-66.0546,-11.4918,0.6393,0.7,0.0792,3.9852,12.7926,9.0,9.5204,8.9991
2238,-65.9977,-11.4662,0.6392,0.7,0.1042,4.0102,12.7981,9.0009,9.5231,9.0
2239,-66.0216,-11.4824,0.6392,0.7,0.1222,3.9935,12.8037,9.0009,9.5259,9.0
2240,-65.7426,-11.4351,0.6392,0.7,0.0903,3.9852,12.8093,9.0009,9.5287,9.0
2241,-65.6275,-11.4948,0.6392,0.7,0.1514,3.9917,12.8157,9.0009,9.5315,9.0
2242,-65.6749,-11.3578,0.6393,0.7,0.1875,3.9954,12.8213,9.0019,9.5352,9.0009
2243,-66.0137,-11.3826,0.6393,0.7,0.2028,3.9694,12.8269,9.0019,9.538,9.0009
2244,-65.9449,-11.4421,0.6393,0.7,0.0889,4.0361,12.8324,9.0019,9.5407,9.0009
2245,-65.7814,-11.3166,0.6393,0.7,0.1375,4.0046,12.838,9.0019,9.5435,9.0009
2246,-66.0599,-11.2613,0.6393,0.7,0.1319,4.0259,12.8435,9.0019,9.5463,9.0009
2247,-65.6475,-11.2973,0.6394,0.7,0.2222,3.9241,12.8491,9.0019,9.5491,9.0009
2248,-65.8371,-11.2525,0.6394,0.7,0.1972,4.0389,12.8546,9.0028,9.5519,9.0009
2249,-65.544,-11.2774,0.6394,0.7,0.1611,4.038,12.8611,9.0028,9.5546,9.0009
2250,-65.8684,-11.1781,0.6395,0.7,0.1861,3.9593,12.8667,9.0028,9.5574,9.0009
2251,-65.6993,-11.176,0.6395,0.7,0.1375,4.0435,12.8722,9.0028,9.5611,9.0009
2252,-65.7616,-11.1362,0.6395,0.7,0.2139,3.9435,12.8778,9.0028,9.5639,9.0009
2253,-65.9541,-11.0985,0.6396,0.7,0.3319,4.0019,12.8833,9.0028,9.5667,9.0009
2254,-65.6016,-11.0971,0.6396,0.7,0.2694,4.0556,12.8889,9.0028,9.5694,9.0009
2255,-65.3873,-11.0136,0.6396,0.7,0.3,3.9444,12.8944,9.0028,9.5722,9.0009
2256,-65.9631,-11.0433,0.6396,0.7,0.2778,4.0259,12.9,9.0028,9.575,9.0009
2257,-65.6012,-11.001,0.6396,0.7,0.3333,4.0519,12.9056,9.0028,9.5778,9.0009
2258,-65.8093,-10.9498,0.6396,0.7,0.3361,4.0148,12.912,9.0028,9.5806,9.0009
2259,-65.2182,-10.951,0.6396,0.7,0.3389,4.013,12.9176,9.0028,9.5833,9.0009
2260,-65.1325,-10.8862,0.6396,0.7,0.5542,4.0102,12.9231,9.0037,9.587,9.0019
2261,-65.0695,-10.8624,0.6396,0.7,0.5889,4.025,12.9287,9.0037,9.5898,9.0019
2262,-64.9819,-10.8446,0.6396,0.7,0.6278,3.9509,12.9343,9.0037,9.5926,9.0019
2263,-64.7818,-10.8047,0.6396,0.7,0.6569,4.0167,12.9398,9.0037,9.5954,9.0019
2264,-64.6223,-10.8123,0.6396,0.7,0.7042,3.9667,12.9454,9.0037,9.5981,9.0019
2265,-64.8858,-10.8531,0.6397,0.7,0.7028,3.9769,12.9509,9.0046,9.6009,9.0028
2266,-64.4815,-10.7568,0.6397,0.7,0.8667,3.95,12.9565,9.0046,9.6037,9.0037
2267,-64.3112,-10.7195,0.6397,0.7,0.8681,3.9963,12.962,9.0046,9.6065,9.0037
2268,-64.9244,-10.7633,0.6397,0.7,0.8014,3.9676,12.9685,9.0046,9.6093,9.0037
2269,-64.32,-10.727,0.6397,0.7,0.9958,3.987,12.9741,9.0046,9.612,9.0037
2270,-63.6476,-10.6434,0.6398,0.7,1.1069,3.9935,12.9796,9.0046,9.6157,9.0037
2271,-64.2204,-10.6482,0.6398,0.7,1.0625,3.9787,12.9852,9.0065,9.6185,9.0056
2272,-63.9543,-10.652,0.6399,0.7,1.0847,4.0407,12.9907,9.0065,9.6213,9.0056
2273,-63.2233,-10.6339,0.6398,0.7,1.0917,3.9889,12.9963,9.0065,9.6241,9.0056
2274,-62.8454,-10.6012,0.6398,0.7,1.4444,3.9759,13.0019,9.0065,9.6269,9.0056
2275,-62.5236,-10.5225,0.6398,0.7,1.4694,3.9722,13.0074,9.0065,9.6296,9.0065
2276,-62.9477,-10.594,0.6399,0.7,1.2819,4.0065,13.013,9.0065,9.6324,9.0065
2277,-61.7435,-10.5518,0.6399,0.7,1.3431,4.013,13.0185,9.0065,9.6352,9.0065
2278,-61.9435,-10.5725,0.6399,0.7,1.35,3.9741,13.0241,9.0065,9.638,9.0074
2279,-61.0044,-10.5132,0.6399,0.7,1.5208,4.0139,13.0306,9.0065,9.6407,9.0074
2280,-61.2952,-10.5166,0.6399,0.7,1.3847,4.037,13.0361,9.0074,9.6435,9.0074
2281,-60.6031,-10.5098,0.6399,0.7,1.6319,4.0278,13.0417,9.0074,9.6472,9.0074
2282,-61.3651,-10.5333,0.6398,0.7,1.5347,3.9806,13.0472,9.0074,9.65,9.0083
2283,-60.4307,-10.5939,0.6397,0.7,1.4708,4.0065,13.0528,9.0074,9.6528,9.0083
2284,-58.686,-10.6572,0.6396,0.7,1.2319,3.9833,13.0583,9.0083,9.6556,9.0093
2285,-59.1592,-10.6694,0.6396,0.7,1.425,3.9574,13.0639,9.0083,9.6583,9.0093
2286,-59.3661,-10.5914,0.6397,0.7,1.4333,3.9917,13.0694,9.0083,9.6611,9.0093
2287,-59.3843,-10.6373,0.6397,0.7,1.4681,3.9889,13.075,9.0083,9.6639,9.0102
2288,-58.3355,-10.6746,0.6397,0.7,1.4569,3.9926,13.0806,9.0083,9.6667,9.0102
2289,-58.6285,-10.6686,0.6397,0.7,1.4667,3.9972,13.0861,9.0083,9.6694,9.0102
2290,-58.7874,-10.6705,0.6397,0.7,1.4264,3.9704,13.0917,9.0083,9.6722,9.0102
2291,-58.7834,-10.7542,0.6397,0.7,1.3097,3.9491,13.0972,9.0083,9.675,9.0102
2292,-58.5105,-10.6734,0.6398,0.7,1.5375,3.9759,13.1037,9.0083,9.6787,9.0102
2293,-58.9917,-10.6681,0.6398,0.7,1.4833,4.0231,13.1093,9.0093,9.6815,9.0102
2294,-58.7522,-10.7496,0.6398,0.7,1.3194,3.9907,13.1148,9.0093,9.6843,9.0102
2295,-58.1562,-10.7851,0.6397,0.7,1.4236,4.0185,13.1204,9.0111,9.687,9.012
2296,-56.931,-10.9176,0.6396,0.7,1.3722,4.0417,13.1259,9.0111,9.6898,9.012
2297,-57.848,-10.9612,0.6397,0.7,1.2542,3.9796,13.1315,9.013,9.6926,9.0148
2298,-57.306,-11.0308,0.6396,0.7,1.2458,3.9981,13.137,9.0139,9.6954,9.0167
2299,-55.9011,-11.2115,0.6395,0.7,1.0653,4.0185,13.1426,9.0139,9.6981,9.0167
2300,-56.8363,-11.0868,0.6395,0.7,1.1444,3.9935,13.1481,9.0148,9.7009,9.0194
2301,-57.0558,-11.0773,0.6395,0.7,1.2667,4.0343,13.1537,9.0167,9.7037,9.0194
2302,-56.9921,-11.0985,0.6394,0.7,1.0514,3.9991,13.1593,9.0167,9.7065,9.0213
2303,-57.1052,-11.1741,0.6393,0.7,0.9889,3.9074,13.1648,9.0167,9.7093,9.0222
2304,-57.0744,-11.1779,0.6394,0.7,0.9833,4.0278,13.1704,9.0167,9.713,9.0222
2305,-57.0368,-11.2692,0.6393,0.7,0.9278,4.0019,13.1759,9.0176,9.7157,9.0231
2306,-56.446,-11.3688,0.6393,0.7,0.8319,3.9815,13.1815,9.0185,9.7185,9.0231
2307,-57.3282,-11.2334,0.6394,0.7,0.9917,4.0315,13.187,9.0185,9.7213,9.0231
2308,-57.3633,-11.3948,0.6393,0.7,0.975,3.9648,13.1935,9.0185,9.7241,9.0231
2309,-56.2358,-11.3619,0.6394,0.7,0.8667,4.0444,13.1991,9.0204,9.7269,9.025
2310,-56.8051,-11.3307,0.6394,0.7,0.8681,4.0426,13.2046,9.0213,9.7296,9.0269
2311,-57.4199,-11.3049,0.6394,0.7,0.9389,3.9926,13.2102,9.0222,9.7324,9.0287
2312,-56.6877,-11.4022,0.6394,0.7,0.7042,3.9537,13.2157,9.0241,9.7352,9.0306
2313,-56.9937,-11.5941,0.6393,0.7,0.7264,3.9926,13.2213,9.025,9.738,9.0315
2314,-57.6091,-11.5768,0.6393,0.7,0.6861,4.0204,13.2269,9.0269,9.7407,9.0333
2315,-56.8073,-11.4928,0.6393,0.7,0.75,4.0028,13.2324,9.0278,9.7435,9.0333
2316,-56.637,-11.6326,0.6392,0.7,0.6819,3.9611,13.238,9.0287,9.7472,9.0343
2317,-57.5501,-11.5496,0.6393,0.7,0.6125,4.0231,13.2435,9.0315,9.75,9.0361
2318,-57.2351,-11.6611,0.6392,0.7,0.5986,3.9556,13.2491,9.0324,9.7528,9.037
2319,-57.4354,-11.6127,0.6393,0.7,0.7194,4.0,13.2546,9.0324,9.7556,9.038
2320,-57.7366,-11.7067,0.6393,0.7,0.5861,3.9139,13.2602,9.0333,9.7583,9.0398
2321,-57.895,-11.7634,0.6393,0.7,0.5111,4.0065,13.2657,9.0352,9.7611,9.0417
2322,-57.8703,-11.8097,0.6392,0.7,0.5139,4.0102,13.2713,9.038,9.7639,9.0444
2323,-57.9112,-11.8734,0.6392,0.7,0.4639,4.025,13.2769,9.0398,9.7667,9.0463
2324,-57.2853,-11.8252,0.6392,0.7,0.5028,3.975,13.2824,9.0407,9.7694,9.0481
2325,-58.7957,-11.8241,0.6392,0.7,0.4861,4.038,13.288,9.0463,9.7722,9.0519
2326,-57.6973,-11.9067,0.6392,0.7,0.4125,4.0083,13.2944,9.05,9.775,9.0546
2327,-58.6701,-11.9122,0.6392,0.7,0.3875,4.0009,13.3,9.0528,9.7778,9.0574
2328,-58.858,-11.964,0.6392,0.7,0.3278,4.0509,13.3056,9.0556,9.7806,9.0593
2329,-58.5921,-12.0425,0.6391,0.7,0.3,3.9787,13.3111,9.0574,9.7843,9.062
2330,-58.868,-11.9962,0.6391,0.7,0.2917,4.012,13.3167,9.0583,9.787,9.0667
2331,-58.7691,-11.9599,0.6391,0.7,0.3444,3.9917,13.3222,9.0593,9.7898,9.0667
2332,-58.264,-11.8713,0.6392,0.7,0.3375,4.0194,13.3278,9.0602,9.7926,9.0704
2333,-58.3538,-11.8954,0.6392,0.7,0.4181,4.0537,13.3333,9.063,9.7954,9.0713
2334,-58.7688,-11.9573,0.6393,0.7,0.3792,3.9935,13.3389,9.0657,9.7981,9.0731
2335,-58.864,-12.009,0.6393,0.7,0.2722,4.013,13.3444,9.0676,9.8009,9.0769
2336,-58.6838,-12.003,0.6393,0.7,0.4486,3.9907,13.35,9.0694,9.8037,9.0796
2337,-58.8431,-12.0331,0.6393,0.7,0.3403,3.9352,13.3556,9.0713,9.8065,9.0824
2338,-59.2508,-12.0386,0.6393,0.7,0.2431,3.9787,13.3611,9.0741,9.8093,9.0824
2339,-59.6143,-12.1253,0.6393,0.7,0.1958,4.0491,13.3667,9.0796,9.812,9.0843
2340,-59.2058,-12.1212,0.6393,0.7,0.275,4.0361,13.3722,9.0815,9.8148,9.088
2341,-59.2085,-12.2034,0.6392,0.7,0.2403,3.9991,13.3778,9.0898,9.8176,9.0926
2342,-60.2771,-12.2052,0.6393,0.7,0.1222,4.0176,13.3833,9.0981,9.8213,9.0991
2343,-60.1256,-12.2009,0.6393,0.7,0.1736,4.0083,13.3889,9.1019,9.8241,9.1046
2344,-60.3084,-12.1983,0.6393,0.7,0.1861,4.0065,13.3944,9.1037,9.8269,9.1056
2345,-60.3295,-12.2019,0.6393,0.7,0.2194,4.012,13.4009,9.1065,9.8296,9.1074
2346,-60.4712,-12.1937,0.6394,0.7,0.1278,4.0074,13.4065,9.1102,9.8324,9.1111
2347,-60.3121,-12.2011,0.6394,0.7,0.15,4.038,13.412,9.1157,9.8352,9.1194
2348,-60.4145,-12.1788,0.6394,0.7,0.1389,4.0361,13.4176,9.1167,9.838,9.1213
2349,-60.7042,-12.239,0.6394,0.7,0.1333,3.9685,13.4231,9.1185,9.8407,9.1269
2350,-60.8344,-12.237,0.6394,0.7,0.1583,4.0,13.4287,9.1231,9.8435,9.1343
2351,-60.9003,-12.2623,0.6393,0.7,0.15,4.0102,13.4343,9.1287,9.8463,9.1398
2352,-61.1485,-12.2692,0.6393,0.7,0.1292,3.9611,13.4398,9.1315,9.8491,9.1435
2353,-61.233,-12.2652,0.6393,0.7,0.0972,4.0093,13.4454,9.1324,9.8519,9.1454
2354,-61.1912,-12.3019,0.6393,0.7,0.1056,4.0046,13.4509,9.1361,9.8546,9.1491
2355,-61.481,-12.2848,0.6393,0.7,0.0542,3.9407,13.4565,9.1398,9.8574,9.1519
2356,-61.3244,-12.2584,0.6394,0.7,0.0944,3.9778,13.462,9.1426,9.8611,9.1565
2357,-61.5251,-12.3135,0.6394,0.7,0.0903,4.0315,13.4676,9.1454,9.8639,9.1602
2358,-61.726,-12.3063,0.6394,0.7,0.0722,3.9981,13.4731,9.1463,9.8667,9.162
2359,-61.4164,-12.3035,0.6393,0.7,0.0542,4.0037,13.4787,9.1537,9.8694,9.1657
2360,-61.8482,-12.295,0.6393,0.7,0.0958,4.0287,13.4843,9.1602,9.8722,9.1722
2361,-61.4293,-12.2884,0.6393,0.7,0.0583,3.9972,13.4898,9.1676,9.875,9.1824
2362,-61.8688,-12.2533,0.6394,0.7,0.1375,3.9528,13.4954,9.1713,9.8778,9.1889
2363,-61.6441,-12.2669,0.6394,0.7,0.0986,3.9907,13.5009,9.1741,9.8806,9.1944
2364,-61.765,-12.3137,0.6395,0.7,0.0931,4.0287,13.5065,9.1806,9.8833,9.2
2365,-61.8719,-12.3415,0.6394,0.7,0.0847,4.0306,13.512,9.1917,9.8861,9.2083
2366,-61.6602,-12.2948,0.6394,0.7,0.0875,3.9954,13.5176,9.1972,9.8889,9.2148
2367,-61.7631,-12.3127,0.6395,0.7,0.0639,4.0148,13.5241,9.2019,9.8917,9.2204
2368,-61.9245,-12.3016,0.6395,0.7,0.0889,3.988,13.5296,9.2083,9.8944,9.2287
2369,-61.5494,-12.3252,0.6395,0.7,0.0361,4.012,13.5352,9.2139,9.8981,9.2343
2370,-62.2445,-12.321,0.6395,0.7,0.0486,4.0222,13.5407,9.2213,9.9009,9.2407
2371,-62.1981,-12.2932,0.6395,0.7,0.0806,4.0463,13.5463,9.2278,9.9037,9.2491
2372,-62.2422,-12.3137,0.6395,0.7,0.0653,4.0019,13.5519,9.2315,9.9065,9.2565
2373,-62.3449,-12.3109,0.6396,0.7,0.0431,3.9556,13.5574,9.238,9.9093,9.263
2374,-62.5087,-12.3076,0.6396,0.7,0.0528,4.0361,13.563,9.2444,9.912,9.2704
2375,-62.6526,-12.298,0.6396,0.7,0.1028,3.9852,13.5685,9.2519,9.9148,9.2778
2376,-62.66,-12.3301,0.6396,0.7,0.0306,4.0167,13.5741,9.2537,9.9176,9.2815
2377,-62.8468,-12.3217,0.6396,0.7,0.05,4.0204,13.5796,9.2583,9.9204,9.2861
2378,-63.0737,-12.2736,0.6397,0.7,0.0944,4.0037,13.5852,9.2639,9.9231,9.2907
2379,-63.2504,-12.3353,0.6396,0.7,0.0403,3.9509,13.5907,9.2667,9.9259,9.2944
2380,-63.3712,-12.3328,0.6396,0.7,0.0431,3.9509,13.5963,9.2778,9.9287,9.3019
2381,-63.369,-12.2826,0.6396,0.7,0.0389,3.9759,13.6019,9.2843,9.9315,9.3111
2382,-63.4928,-12.259,0.6396,0.7,0.0611,4.0491,13.6074,9.2935,9.9343,9.3176
2383,-63.5932,-12.2919,0.6396,0.7,0.0639,3.9824,13.613,9.3028,9.938,9.3269
2384,-63.4449,-12.2814,0.6396,0.7,0.05,3.9407,13.6185,9.3074,9.9407,9.3343
2385,-63.5362,-12.2911,0.6396,0.7,0.05,4.0204,13.6241,9.3139,9.9435,9.3417
2386,-63.5381,-12.2647,0.6396,0.7,0.0708,3.9991,13.6296,9.3185,9.9463,9.3463
2387,-63.7455,-12.2497,0.6396,0.7,0.0458,3.9944,13.6352,9.3241,9.9491,9.3519
2388,-63.9701,-12.2912,0.6395,0.7,0.0431,3.988,13.6407,9.3278,9.9519,9.3593
2389,-63.8567,-12.2509,0.6395,0.7,0.0514,4.0231,13.6463,9.338,9.9546,9.3648
2390,-63.5576,-12.283,0.6394,0.7,0.0667,4.0241,13.6528,9.3426,9.9574,9.3731
2391,-63.4723,-12.2407,0.6395,0.7,0.0569,4.0389,13.6583,9.3509,9.9602,9.3833
2392,-63.7192,-12.2119,0.6396,0.7,0.0694,3.9843,13.6639,9.3611,9.963,9.3926
2393,-63.9481,-12.2907,0.6396,0.7,0.0472,4.0472,13.6694,9.3704,9.9657,9.4037
2394,-63.9919,-12.197,0.6396,0.7,0.0944,4.012,13.675,9.3815,9.9685,9.4111
2395,-64.0354,-12.2532,0.6396,0.7,0.025,4.025,13.6806,9.3889,9.9713,9.4185
2396,-64.1978,-12.2249,0.6396,0.7,0.0847,3.987,13.6861,9.4009,9.975,9.4315
2397,-64.2075,-12.162,0.6396,0.7,0.0986,3.9778,13.6917,9.4056,9.9778,9.4361
2398,-64.0485,-12.2025,0.6396,0.7,0.0833,4.0574,13.6972,9.413,9.9806,9.4444
2399,-64.2397,-12.1957,0.6397,0.7,0.0306,4.0176,13.7028,9.4167,9.9833,9.4528
2400,-64.1236,-12.1828,0.6397,0.7,0.0819,4.0315,13.7083,9.425,9.9861,9.4611
2401,-64.2631,-12.1513,0.6398,0.7,0.0417,3.9935,13.7139,9.437,9.9889,9.4676
2402,-64.3919,-12.1401,0.6398,0.7,0.0833,3.9676,13.7194,9.4417,9.9917,9.4704
2403,-64.5539,-12.1215,0.6398,0.7,0.05,3.9648,13.725,9.4444,9.9944,9.4769
2404,-64.65,-12.1214,0.6398,0.7,0.0375,3.9741,13.7306,9.4546,9.9972,9.4852
2405,-64.7138,-12.1244,0.6398,0.7,0.0486,4.0111,13.7361,9.462,10.0,9.4944
2406,-64.5909,-12.0897,0.6398,0.7,0.0472,3.987,13.7417,9.4676,10.0028,9.5037
2407,-64.6871,-12.0994,0.6398,0.7,0.0514,4.0046,13.7472,9.4731,10.0056,9.512
2408,-64.7758,-12.0889,0.6398,0.7,0.1014,4.0194,13.7528,9.4796,10.0083,9.5176
2409,-64.6069,-12.0936,0.6398,0.7,0.05,4.0194,13.7593,9.488,10.0111,9.5306
2410,-64.9138,-12.0924,0.6398,0.7,0.0458,3.9509,13.7648,9.4972,10.0148,9.5435
2411,-65.1115,-12.0611,0.6398,0.7,0.0333,3.9556,13.7704,9.5083,10.0176,9.5509
2412,-64.927,-12.0644,0.6398,0.7,0.0611,3.9435,13.7759,9.5185,10.0204,9.5602
2413,-65.0492,-12.0151,0.6398,0.7,0.0611,4.0333,13.7815,9.5213,10.0231,9.5639
2414,-65.0543,-12.0407,0.6398,0.7,0.0528,4.0056,13.787,9.5324,10.0259,9.5778
2415,-65.0357,-12.0181,0.6398,0.7,0.0667,4.0102,13.7926,9.5389,10.0287,9.5833
2416,-65.2654,-11.9596,0.6398,0.7,0.0625,4.0157,13.7981,9.5463,10.0315,9.5907
2417,-65.1146,-11.9339,0.6398,0.7,0.0708,4.0148,13.8037,9.5565,10.0343,9.6009
2418,-65.1026,-11.9849,0.6398,0.7,0.1042,3.9769,13.8093,9.5676,10.037,9.6102
2419,-65.038,-11.9992,0.6398,0.7,0.0639,4.0167,13.8148,9.5741,10.0398,9.6157
2420,-65.1946,-11.9207,0.6398,0.7,0.0708,4.0167,13.8204,9.5824,10.0426,9.6231
2421,-65.4549,-11.9164,0.6398,0.7,0.0597,4.0426,13.8259,9.5898,10.0454,9.6287
2422,-65.3891,-11.8874,0.6398,0.7,0.0597,4.0759,13.8315,9.6009,10.0481,9.6361
2423,-65.5383,-11.8442,0.6398,0.7,0.0875,4.0102,13.837,9.612,10.0519,9.6454
2424,-65.7618,-11.816,0.6398,0.7,0.0792,3.9556,13.8426,9.6194,10.0546,9.6546
2425,-65.4457,-11.8504,0.6397,0.7,0.0486,3.9565,13.8481,9.6296,10.0574,9.663
2426,-65.4198,-11.8,0.6398,0.7,0.1389,3.9907,13.8537,9.6333,10.0602,9.6685
2427,-65.3227,-11.8394,0.6397,0.7,0.0806,4.063,13.8593,9.6435,10.063,9.6778
2428,-65.5289,-11.7693,0.6398,0.7,0.0611,4.0093,13.8657,9.6472,10.0657,9.6852
2429,-65.5797,-11.7994,0.6398,0.7,0.1139,4.0176,13.8713,9.6574,10.0685,9.6926
2430,-65.367,-11.8091,0.6398,0.7,0.0778,4.0324,13.8769,9.6639,10.0713,9.6981
2431,-65.34,-11.8826,0.6399,0.7,0.1,4.0056,13.8824,9.6685,10.0741,9.7019
2432,-65.5709,-11.7683,0.6399,0.7,0.1792,4.0139,13.888,9.6759,10.0769,9.712
2433,-65.573,-11.7661,0.6399,0.7,0.0889,3.9731,13.8935,9.6926,10.0796,9.7259
2434,-65.3652,-11.727,0.64,0.7,0.1292,4.0194,13.8991,9.6991,10.0824,9.7315
2435,-65.6188,-11.7151,0.64,0.7,0.1139,4.0111,13.9046,9.7028,10.0861,9.7417
2436,-66.1143,-11.6927,0.64,0.7,0.0569,3.9907,13.9102,9.7074,10.0889,9.75
2437,-66.0318,-11.6313,0.6399,0.7,0.0875,3.9537,13.9157,9.712,10.0917,9.7583
2438,-65.9354,-11.6036,0.6399,0.7,0.1389,3.9509,13.9213,9.7176,10.0944,9.7657
2439,-65.9811,-11.6283,0.6399,0.7,0.1083,3.9769,13.9269,9.7259,10.0972,9.7713
2440,-66.0311,-11.5616,0.6398,0.7,0.0944,3.9935,13.9324,9.7315,10.1,9.7769
2441,-65.8417,-11.5391,0.6399,0.7,0.0833,3.9944,13.938,9.7352,10.1028,9.7815
2442,-65.4646,-11.5376,0.6399,0.7,0.1,4.025,13.9435,9.738,10.1056,9.7852
2443,-65.8583,-11.4333,0.6399,0.7,0.1681,3.963,13.9491,9.7444,10.1083,9.7907
2444,-65.8896,-11.4384,0.6399,0.7,0.0847,3.9759,13.9546,9.7491,10.1111,9.7954
2445,-66.2275,-11.3551,0.6399,0.7,0.0583,4.0074,13.9611,9.7556,10.1139,9.8037
2446,-65.8975,-11.3654,0.6399,0.7,0.1694,3.988,13.9667,9.763,10.1167,9.8102
2447,-66.0749,-11.3132,0.6399,0.7,0.1042,4.0296,13.9722,9.7667,10.1204,9.8157
2448,-65.9656,-11.2694,0.6399,0.7,0.1125,4.0222,13.9778,9.775,10.1231,9.8241
2449,-65.7217,-11.1908,0.6399,0.7,0.1458,4.0454,13.9833,9.7778,10.1259,9.8269
2450,-66.0807,-11.1375,0.6399,0.7,0.1472,4.0417,13.9889,9.7833,10.1287,9.8352
2451,-66.062,-11.0733,0.6398,0.7,0.2306,3.9769,13.9944,9.787,10.1315,9.8417
2452,-65.9306,-11.1217,0.6398,0.7,0.2528,3.9972,14.0,9.7926,10.1343,9.8481
2453,-65.8426,-10.9379,0.6399,0.7,0.2889,4.0102,14.0056,9.8009,10.137,9.8528
2454,-65.7614,-11.0335,0.6399,0.7,0.2097,4.0028,14.0111,9.8065,10.1398,9.8565
2455,-65.5219,-11.0401,0.6398,0.7,0.1819,4.012,14.0167,9.8093,10.1426,9.863
2456,-65.5743,-11.109,0.6398,0.7,0.1875,3.9963,14.0222,9.813,10.1454,9.8685
2457,-65.7712,-11.0272,0.6399,0.7,0.1889,3.9852,14.0278,9.8157,10.1481,9.8694
2458,-65.6559,-10.9798,0.6398,0.7,0.2958,3.9954,14.0343,9.8204,10.1519,9.8722
2459,-65.7635,-11.0154,0.6397,0.7,0.2917,4.0046,14.0398,9.8241,10.1546,9.8769
2460,-65.8724,-11.0348,0.6398,0.7,0.2264,3.9741,14.0454,9.8259,10.1574,9.8778
2461,-65.5814,-11.0311,0.6398,0.7,0.2611,3.9917,14.0509,9.8287,10.1602,9.8824
2462,-65.6744,-10.9953,0.6399,0.7,0.3264,4.0139,14.0565,9.8306,10.163,9.8843
2463,-65.4556,-10.9542,0.6399,0.7,0.3319,4.0333,14.062,9.8324,10.1657,9.8861
2464,-65.3635,-10.8494,0.64,0.7,0.4319,3.9954,14.0676,9.8352,10.1685,9.8907
2465,-64.8802,-10.7268,0.64,0.7,0.6181,3.9944,14.0731,9.8389,10.1713,9.8935
2466,-65.1159,-10.6455,0.6399,0.7,0.7486,4.0046,14.0787,9.8426,10.1741,9.9019
2467,-65.1292,-10.7854,0.6399,0.7,0.6486,3.9759,14.0843,9.8454,10.1769,9.9019
2468,-65.2461,-10.7471,0.6399,0.7,0.6708,3.9278,14.0898,9.8481,10.1796,9.9028
2469,-64.9479,-10.7544,0.6399,0.7,0.7236,4.0278,14.0954,9.8509,10.1833,9.9074
2470,-65.061,-10.6956,0.6399,0.7,0.7778,4.0454,14.1019,9.8546,10.1861,9.9111
2471,-64.6946,-10.7836,0.6399,0.7,0.6861,4.0102,14.1074,9.8583,10.1889,9.9148
2472,-65.0367,-10.7411,0.64,0.7,0.625,3.987,14.113,9.862,10.1917,9.9194
2473,-65.0924,-10.6801,0.6401,0.7,0.7861,3.9787,14.1185,9.8639,10.1944,9.9213
2474,-64.8758,-10.6985,0.6401,0.7,0.6917,3.9926,14.1241,9.8694,10.1972,9.925
2475,-64.1527,-10.5045,0.6401,0.7,1.1264,3.9278,14.1296,9.8722,10.2,9.9269
2476,-63.4284,-10.4975,0.6401,0.7,1.4056,4.0296,14.1352,9.875,10.2028,9.9315
2477,-63.5807,-10.4601,0.6401,0.7,1.3861,4.0306,14.1407,9.8778,10.2056,9.9324
2478,-62.1862,-10.3759,0.6399,0.7,1.6861,3.9685,14.1463,9.8815,10.2083,9.9343
2479,-63.2564,-10.3724,0.6399,0.7,1.7292,3.9778,14.1519,9.8843,10.2111,9.9352
2480,-62.1405,-10.4453,0.6399,0.7,1.5139,4.0213,14.1574,9.888,10.2148,9.937
2481,-62.8675,-10.4383,0.64,0.7,1.5167,4.0352,14.163,9.8898,10.2176,9.9407
2482,-62.8012,-10.4505,0.64,0.7,1.4306,3.9639,14.1685,9.8917,10.2204,9.9435
2483,-61.0122,-10.4662,0.6399,0.7,1.7681,4.0046,14.1741,9.8935,10.2231,9.9444
2484,-60.4972,-10.4402,0.6398,0.7,1.8861,3.9611,14.1806,9.8963,10.2259,9.9472
2485,-60.7205,-10.4128,0.6399,0.7,1.8556,4.0,14.1861,9.8972,10.2287,9.9491
2486,-59.4406,-10.4935,0.6399,0.7,1.7819,4.0481,14.1917,9.8972,10.2315,9.9509
2487,-59.7027,-10.4563,0.6398,0.7,1.7917,3.9463,14.1972,9.9009,10.2343,9.9546
2488,-59.339,-10.4702,0.6398,0.7,1.7736,3.9917,14.2028,9.9019,10.237,9.9574
2489,-59.9301,-10.4286,0.6399,0.7,1.8486,3.9315,14.2083,9.9028,10.2398,9.9602
2490,-60.4844,-10.4344,0.6399,0.7,1.975,4.0324,14.2139,9.9046,10.2426,9.9611
2491,-59.82,-10.4657,0.6398,0.7,1.8597,3.9815,14.2194,9.9065,10.2463,9.962
2492,-59.3349,-10.5557,0.6398,0.7,1.8264,4.0241,14.225,9.9065,10.2491,9.963
2493,-59.1994,-10.5531,0.6398,0.7,1.8083,3.9704,14.2306,9.9102,10.2519,9.9667
2494,-57.7197,-10.6316,0.6398,0.7,1.6125,3.9611,14.2361,9.9111,10.2546,9.9667
2495,-57.1431,-10.7428,0.6397,0.7,1.6819,4.0111,14.2417,9.9148,10.2574,9.9713
2496,-56.2042,-10.8984,0.6396,0.7,1.4833,4.0611,14.2472,9.9148,10.2602,9.9713
2497,-55.6784,-10.9766,0.6395,0.7,1.4611,3.9611,14.2528,9.9148,10.263,9.9713
2498,-55.576,-11.0783,0.6395,0.7,1.2764,4.0315,14.2593,9.9167,10.2657,9.9722
2499,-56.1667,-11.1863,0.6394,0.7,1.1569,4.0019,14.2648,9.9185,10.2685,9.975
2500,-56.3895,-11.0533,0.6395,0.7,1.3361,4.037,14.2704,9.9204,10.2713,9.9769
2501,-56.7265,-11.0611,0.6396,0.7,1.2333,3.9935,14.2759,9.9213,10.2741,9.9778
2502,-56.824,-11.178,0.6395,0.7,1.1625,4.013,14.2815,9.9231,10.2769,9.9787
2503,-55.7662,-11.224,0.6395,0.7,1.2194,4.012,14.287,9.9241,10.2806,9.9806
2504,-56.6559,-11.2211,0.6395,0.7,1.1014,4.0176,14.2926,9.9259,10.2833,9.9815
2505,-55.8695,-11.332,0.6393,0.7,0.9972,4.0194,14.2981,9.9259,10.2861,9.9815
2506,-55.3847,-11.3039,0.6393,0.7,1.0986,3.9769,14.3037,9.9269,10.2889,9.9815
2507,-55.8281,-11.4066,0.6393,0.7,0.8639,3.9509,14.3093,9.9278,10.2917,9.9833
2508,-56.6148,-11.3953,0.6393,0.7,0.925,3.9417,14.3148,9.9296,10.2944,9.9833
2509,-57.0529,-11.4567,0.6394,0.7,0.7708,4.0056,14.3204,9.9296,10.2972,9.9833
2510,-56.4394,-11.5678,0.6393,0.7,0.7986,4.038,14.3259,9.9306,10.3,9.9843
2511,-56.4224,-11.58,0.6393,0.7,0.7611,4.0278,14.3315,9.9306,10.3028,9.9852
2512,-56.8353,-11.5322,0.6393,0.7,0.6958,3.988,14.337,9.9324,10.3056,9.9861
2513,-57.1153,-11.583,0.6393,0.7,0.7625,4.0009,14.3426,9.9333,10.3083,9.987
2514,-57.1013,-11.4966,0.6394,0.7,0.7514,3.9954,14.3481,9.9333,10.3111,9.987
2515,-56.7911,-11.6273,0.6394,0.7,0.7778,3.9898,14.3537,9.9333,10.3139,9.987
2516,-56.4976,-11.6088,0.6394,0.7,0.7708,3.975,14.3602,9.9333,10.3176,9.987
2517,-57.4238,-11.6798,0.6394,0.7,0.65,3.9833,14.3657,9.9333,10.3204,9.988
2518,-57.0875,-11.6557,0.6394,0.7,0.6,4.0,14.3713,9.9333,10.3231,9.988
2519,-56.9259,-11.7538,0.6394,0.7,0.5806,4.0917,14.3769,9.9333,10.3259,9.988
2520,-57.1813,-11.7763,0.6394,0.7,0.7403,4.0333,14.3824,9.9333,10.3287,9.9889
2521,-57.7637,-11.8642,0.6394,0.7,0.4292,4.0111,14.388,9.9333,10.3315,9.9889
2522,-57.9682,-11.8604,0.6394,0.7,0.4458,3.9574,14.3935,9.9343,10.3343,9.9889
2523,-58.1971,-11.9071,0.6394,0.7,0.4125,4.0056,14.3991,9.9343,10.337,9.9889
2524,-58.0589,-12.0004,0.6393,0.7,0.4139,4.0194,14.4046,9.9361,10.3398,9.9907
2525,-58.7039,-11.9595,0.6394,0.7,0.3361,3.9685,14.4102,9.9361,10.3426,9.9907
2526,-58.1959,-11.9183,0.6394,0.7,0.4,4.0,14.4157,9.9361,10.3454,9.9907
2527,-58.7073,-12.0632,0.6393,0.7,0.3764,3.9667,14.4213,9.9361,10.3481,9.9907
2528,-57.9735,-12.0381,0.6394,0.7,0.3236,3.9583,14.4269,9.9361,10.3509,9.9907
2529,-58.1248,-11.9856,0.6394,0.7,0.3431,3.9843,14.4324,9.9361,10.3537,9.9907
2530,-58.8682,-11.8985,0.6395,0.7,0.4069,3.9204,14.438,9.937,10.3565,9.9926
2531,-58.4215,-11.9686,0.6395,0.7,0.3681,4.0269,14.4435,9.937,10.3602,9.9926
2532,-58.6009,-12.0094,0.6395,0.7,0.2931,3.9509,14.4491,9.937,10.363,9.9926
2533,-59.3669,-12.1151,0.6396,0.7,0.2458,4.0056,14.4546,9.937,10.3657,9.9926
2534,-59.8891,-12.0985,0.6396,0.7,0.2889,3.9685,14.4602,9.937,10.3685,9.9926
2535,-59.5207,-12.1346,0.6396,0.7,0.2278,3.9731,14.4657,9.937,10.3713,9.9935
2536,-60.0461,-12.1811,0.6396,0.7,0.1681,4.0602,14.4713,9.937,10.3741,9.9935
2537,-60.5651,-12.2688,0.6396,0.7,0.1694,4.0009,14.4769,9.937,10.3769,9.9935
2538,-59.7997,-12.2511,0.6396,0.7,0.1514,4.037,14.4824,9.938,10.3796,9.9944
2539,-60.4414,-12.2194,0.6396,0.7,0.1472,4.0009,14.488,9.9389,10.3824,9.9954
2540,-60.574,-12.2714,0.6395,0.7,0.1347,4.0056,14.4935,9.9389,10.3852,9.9954
2541,-60.2676,-12.2233,0.6396,0.7,0.2417,4.0139,14.4991,9.9398,10.388,9.9954
2542,-60.357,-12.254,0.6396,0.7,0.1111,3.987,14.5046,9.9398,10.3907,9.9954
2543,-60.6279,-12.2209,0.6396,0.7,0.2014,4.0139,14.5102,9.9398,10.3935,9.9954
2544,-60.2101,-12.2519,0.6396,0.7,0.1736,4.0083,14.5157,9.9398,10.3963,9.9954
2545,-60.4882,-12.274,0.6396,0.7,0.1111,4.0454,14.5213,9.9407,10.3991,9.9963
2546,-60.9741,-12.2996,0.6396,0.7,0.0722,3.9898,14.5269,9.9407,10.4019,9.9963
2547,-61.0818,-12.2795,0.6396,0.7,0.1708,3.9491,14.5324,9.9407,10.4046,9.9963
2548,-61.0193,-12.2798,0.6396,0.7,0.1236,4.038,14.538,9.9407,10.4083,9.9963
2549,-61.2175,-12.2965,0.6396,0.7,0.1056,4.0157,14.5435,9.9407,10.4111,9.9963
2550,-61.4678,-12.3178,0.6396,0.7,0.0792,4.0093,14.5491,9.9417,10.4139,9.9972
2551,-61.2628,-12.3412,0.6396,0.7,0.1028,3.975,14.5546,9.9417,10.4167,9.9972
2552,-61.6757,-12.3303,0.6396,0.7,0.0597,4.075,14.5602,9.9417,10.4194,9.9972
2553,-61.3012,-12.2655,0.6396,0.7,0.1528,4.0019,14.5667,9.9417,10.4222,9.9972
2554,-61.8101,-12.3458,0.6396,0.7,0.0861,4.0009,14.5722,9.9417,10.425,9.9972
2555,-61.8192,-12.3487,0.6396,0.7,0.1042,4.0074,14.5778,9.9417,10.4278,9.9972
2556,-61.7798,-12.3358,0.6396,0.7,0.0403,4.0296,14.5833,9.9417,10.4306,9.9972
2557,-62.1228,-12.3358,0.6396,0.7,0.0431,3.9972,14.5889,9.9417,10.4333,9.9972
2558,-61.9716,-12.35,0.6396,0.7,0.05,4.0046,14.5944,9.9417,10.4361,9.9972
2559,-62.1032,-12.3306,0.6396,0.7,0.0861,4.0074,14.6,9.9417,10.4389,9.9972
2560,-62.2779,-12.3318,0.6397,0.7,0.0444,3.9787,14.6056,9.9417,10.4417,9.9972
2561,-62.4319,-12.3259,0.6397,0.7,0.0944,3.9713,14.6111,9.9417,10.4444,9.9972
2562,-62.444,-12.3583,0.6396,0.7,0.0694,3.95,14.6167,9.9417,10.4472,9.9972
2563,-62.6264,-12.3345,0.6396,0.7,0.075,3.9704,14.6222,9.9417,10.45,9.9972
2564,-62.6645,-12.3244,0.6396,0.7,0.0472,3.9806,14.6278,9.9417,10.4537,9.9972
2565,-62.6608,-12.3258,0.6397,0.7,0.0583,3.9889,14.6333,9.9417,10.4565,9.9972
2566,-62.8255,-12.3403,0.6397,0.7,0.1014,3.9352,14.6389,9.9417,10.4593,9.9972
2567,-62.6007,-12.343,0.6396,0.7,0.0417,3.9426,14.6444,9.9417,10.462,9.9972
2568,-62.7726,-12.3472,0.6396,0.7,0.0778,3.9935,14.65,9.9417,10.4648,9.9972
2569,-62.9578,-12.3644,0.6396,0.7,0.0153,3.9361,14.6556,9.9417,10.4676,9.9972
2570,-62.8407,-12.3318,0.6396,0.7,0.0375,3.9528,14.6611,9.9417,10.4704,9.9972
2571,-63.173,-12.3364,0.6396,0.7,0.0292,3.9898,14.6667,9.9417,10.4731,9.9972
2572,-63.3611,-12.3382,0.6396,0.7,0.0208,4.0065,14.6722,9.9417,10.4759,9.9972
2573,-63.3701,-12.3244,0.6396,0.7,0.0222,3.9907,14.6778,9.9417,10.4787,9.9972
2574,-63.4537,-12.3301,0.6396,0.7,0.0556,3.9602,14.6833,9.9417,10.4815,9.9972
2575,-63.3801,-12.2733,0.6397,0.7,0.0639,3.9722,14.6889,9.9426,10.4843,9.9981
2576,-63.6466,-12.3119,0.6397,0.7,0.0236,3.9472,14.6944,9.9426,10.487,9.9981
2577,-63.7401,-12.2743,0.6397,0.7,0.0514,3.9944,14.7,9.9426,10.4898,9.9981
2578,-63.7371,-12.2777,0.6397,0.7,0.0389,4.0269,14.7056,9.9426,10.4935,9.9981
2579,-64.074,-12.2449,0.6397,0.7,0.0181,3.9509,14.7111,9.9426,10.4963,9.9981
2580,-64.0523,-12.2518,0.6397,0.7,0.0458,4.0222,14.7167,9.9426,10.4991,9.9981
2581,-64.0439,-12.2439,0.6397,0.7,0.0458,3.9963,14.7222,9.9435,10.5019,9.9981
2582,-64.1213,-12.266,0.6397,0.7,0.0431,3.9565,14.7278,9.9435,10.5046,9.9981
2583,-64.2486,-12.2127,0.6397,0.7,0.0583,4.0296,14.7343,9.9435,10.5074,9.9981
2584,-64.3263,-12.2341,0.6397,0.7,0.0458,3.8935,14.7398,9.9435,10.5102,9.9981
2585,-64.1455,-12.2067,0.6397,0.7,0.0403,3.988,14.7454,9.9435,10.513,9.9981
2586,-64.308,-12.1745,0.6397,0.7,0.0431,4.0102,14.7509,9.9435,10.5157,9.9981
2587,-64.1861,-12.1855,0.6398,0.7,0.0403,4.0056,14.7565,9.9435,10.5185,9.9981
2588,-64.2466,-12.1718,0.6398,0.7,0.0278,3.9787,14.762,9.9435,10.5213,9.9981
2589,-64.3142,-12.1764,0.6399,0.7,0.0389,3.9694,14.7676,9.9435,10.5241,9.9981
2590,-64.322,-12.1473,0.6399,0.7,0.0806,3.9731,14.7731,9.9435,10.5269,9.9981
2591,-64.5483,-12.1227,0.64,0.7,0.0403,3.9657,14.7787,9.9435,10.5296,9.9981
2592,-64.7052,-12.1334,0.64,0.7,0.0597,3.9796,14.7843,9.9435,10.5333,9.9981
2593,-64.6639,-12.0869,0.64,0.7,0.0569,4.0176,14.7898,9.9435,10.5361,9.9981
2594,-64.9784,-12.0362,0.64,0.7,0.0847,4.0028,14.7954,9.9444,10.5389,9.9981
2595,-65.1359,-12.0616,0.64,0.7,0.0486,3.9824,14.8009,9.9454,10.5417,9.9991
2596,-65.1795,-12.06,0.6399,0.7,0.0056,3.9324,14.8065,9.9454,10.5444,9.9991
2597,-65.0089,-12.0198,0.6399,0.7,0.0569,3.9944,14.812,9.9463,10.5472,10.0
2598,-65.0672,-11.9755,0.6399,0.7,0.0778,3.9972,14.8176,9.9463,10.55,10.0
2599,-65.1741,-11.9879,0.6399,0.7,0.0708,4.0009,14.8231,9.9463,10.5528,10.0
2600,-65.1481,-11.9608,0.64,0.7,0.1069,4.0056,14.8287,9.9463,10.5556,10.0
2601,-65.0965,-11.9571,0.64,0.7,0.0764,3.9935,14.8343,9.9463,10.5583,10.0
2602,-65.3233,-11.932,0.64,0.7,0.0306,3.9991,14.8398,9.9463,10.5611,10.0
2603,-65.4942,-11.8972,0.64,0.7,0.0556,4.0259,14.8454,9.9463,10.5639,10.0
2604,-65.4239,-11.8671,0.64,0.7,0.0583,4.0333,14.8509,9.9463,10.5667,10.0
2605,-65.3952,-11.8528,0.6401,0.7,0.0764,3.9519,14.8565,9.9463,10.5694,10.0
2606,-65.3903,-11.8646,0.6401,0.7,0.0569,3.9741,14.862,9.9463,10.5722,10.0
2607,-65.6049,-11.8271,0.6402,0.7,0.0833,3.9537,14.8676,9.9463,10.5759,10.0
2608,-65.621,-11.7762,0.6402,0.7,0.1306,4.0657,14.8731,9.9463,10.5787,10.0
2609,-65.6193,-11.8127,0.6401,0.7,0.1083,3.9278,14.8787,9.9463,10.5815,10.0
2610,-65.4945,-11.7201,0.6401,0.7,0.1028,4.0222,14.8852,9.9491,10.5843,10.0009
2611,-65.9068,-11.641,0.6401,0.7,0.0861,3.9926,14.8907,9.9491,10.587,10.0019
2612,-65.8227,-11.6355,0.6401,0.7,0.0889,3.9731,14.8963,9.9491,10.5898,10.0019
2613,-65.9649,-11.5668,0.6402,0.7,0.1333,4.0019,14.9019,9.9491,10.5926,10.0019
2614,-66.0786,-11.5545,0.6402,0.7,0.1139,4.0019,14.9074,9.9491,10.5954,10.0028
2615,-66.0093,-11.5625,0.6401,0.7,0.1083,4.0222,14.913,9.9491,10.5981,10.0028
2616,-66.2285,-11.5705,0.6401,0.7,0.0569,3.9694,14.9185,9.9491,10.6009,10.0028
2617,-66.2556,-11.421,0.6401,0.7,0.1014,3.9954,14.9241,9.9491,10.6037,10.0028
2618,-66.0374,-11.4325,0.6401,0.7,0.15,4.0222,14.9296,9.9491,10.6065,10.0028
2619,-66.0632,-11.3935,0.6401,0.7,0.125,3.9778,14.9352,9.95,10.6093,10.0028
2620,-66.2318,-11.3353,0.64,0.7,0.0931,3.9843,14.9407,9.95,10.612,10.0028
2621,-66.1267,-11.3147,0.64,0.7,0.1514,3.9926,14.9463,9.95,10.6157,10.0028
2622,-65.9425,-11.192,0.64,0.7,0.1431,4.0222,14.9519,9.95,10.6185,10.0028
2623,-65.7794,-11.2366,0.6399,0.7,0.1167,3.9981,14.9574,9.95,10.6213,10.0037
2624,-66.0173,-11.2601,0.6399,0.7,0.1139,3.9972,14.963,9.95,10.6241,10.0037
2625,-65.9468,-11.2177,0.6399,0.7,0.1861,4.0204,14.9685,9.95,10.6269,10.0037
2626,-66.0746,-11.1765,0.64,0.7,0.1806,3.9546,14.9741,9.9509,10.6296,10.0046
2627,-65.9939,-11.1881,0.6399,0.7,0.1458,4.0574,14.9796,9.9509,10.6324,10.0056
2628,-65.7777,-11.0955,0.64,0.7,0.2167,3.9667,14.9852,9.9519,10.6352,10.0056
2629,-65.7923,-11.1317,0.64,0.7,0.1139,4.0139,14.9907,9.9519,10.638,10.0056
2630,-66.1226,-11.063,0.64,0.7,0.2153,4.0065,14.9972,9.9528,10.6407,10.0065
2631,-65.5979,-11.059,0.64,0.7,0.2111,3.9963,15.0028,9.9528,10.6435,10.0065
2632,-65.452,-11.0254,0.64,0.7,0.2458,4.0213,15.0083,9.9528,10.6463,10.0065
2633,-65.7186,-11.0335,0.6401,0.7,0.275,3.9815,15.0139,9.9528,10.65,10.0065
2634,-65.5076,-11.0111,0.6401,0.7,0.3347,4.0056,15.0194,9.9537,10.6528,10.0074
2635,-65.6786,-11.0568,0.6402,0.7,0.3125,3.9917,15.025,9.9537,10.6556,10.0083
2636,-65.7946,-10.9617,0.6403,0.7,0.3278,4.0222,15.0306,9.9537,10.6583,10.0083
2637,-65.5786,-10.9377,0.6403,0.7,0.2319,4.025,15.0361,9.9556,10.6611,10.0093
2638,-65.5601,-10.832,0.6403,0.7,0.3958,4.0435,15.0417,9.9556,10.6639,10.0102
2639,-65.3941,-10.7635,0.6402,0.7,0.6292,3.9917,15.0472,9.9565,10.6667,10.0111
2640,-65.0923,-10.6608,0.6402,0.7,0.7806,4.0343,15.0528,9.9574,10.6694,10.0111
2641,-64.5459,-10.7121,0.6402,0.7,0.7597,4.0056,15.0583,9.9574,10.6722,10.0111
2642,-64.9073,-10.6667,0.6402,0.7,0.7736,4.0093,15.0639,9.9574,10.675,10.0111
2643,-64.7722,-10.7414,0.6402,0.7,0.6639,4.0241,15.0694,9.9583,10.6778,10.013
2644,-64.7106,-10.7758,0.6402,0.7,0.5861,4.0065,15.075,9.9583,10.6806,10.013
2645,-64.91,-10.6677,0.6402,0.7,0.7667,3.9954,15.0806,9.9593,10.6833,10.0139
2646,-64.7687,-10.6252,0.6403,0.7,0.9361,3.9611,15.0861,9.9602,10.687,10.0139
2647,-64.3143,-10.6372,0.6402,0.7,0.9944,4.0019,15.0917,9.9611,10.6898,10.0139
2648,-63.7451,-10.5212,0.6403,0.7,1.1639,3.9926,15.0981,9.9611,10.6926,10.0157
2649,-64.147,-10.5427,0.6403,0.7,1.125,4.0315,15.1037,9.9611,10.6954,10.0167
2650,-63.455,-10.5044,0.6404,0.7,1.3792,3.9676,15.1093,9.962,10.6981,10.0176
2651,-62.4123,-10.4578,0.6404,0.7,1.5653,4.0046,15.1148,9.962,10.7009,10.0176
2652,-61.889,-10.3495,0.6404,0.7,1.7958,3.9815,15.1204,9.962,10.7037,10.0185
2653,-61.6745,-10.4296,0.6403,0.7,1.9556,4.0213,15.1259,9.963,10.7065,10.0194
2654,-61.7788,-10.3761,0.6403,0.7,1.5875,3.9509,15.1315,9.963,10.7093,10.0194
2655,-60.8465,-10.3719,0.6403,0.7,1.7903,4.0454,15.137,9.9639,10.712,10.0204
2656,-60.6513,-10.3991,0.6403,0.7,1.8917,3.9657,15.1426,9.9639,10.7148,10.0231
2657,-60.0602,-10.4422,0.6401,0.7,1.8931,3.963,15.1481,9.9639,10.7176,10.0231
2658,-59.858,-10.4302,0.6401,0.7,1.7722,4.0454,15.1537,9.9639,10.7204,10.0241
2659,-59.6144,-10.4827,0.6401,0.7,1.7472,3.9426,15.1593,9.9639,10.7231,10.025
2660,-58.3386,-10.5014,0.64,0.7,1.9944,4.0278,15.1648,9.9648,10.7269,10.025
2661,-58.3672,-10.5124,0.64,0.7,1.7736,3.9787,15.1704,9.9648,10.7296,10.0259
2662,-58.091,-10.5944,0.6399,0.7,1.8111,4.0148,15.1759,9.9676,10.7324,10.0278
2663,-56.8008,-10.6246,0.6398,0.7,1.6139,3.9972,15.1815,9.9685,10.7352,10.0287
2664,-57.5864,-10.5869,0.6398,0.7,1.8069,3.9537,15.187,9.9694,10.738,10.0296
2665,-57.7945,-10.5984,0.6398,0.7,1.8847,3.9685,15.1926,9.9704,10.7407,10.0306
2666,-57.2057,-10.7016,0.6397,0.7,1.7625,3.987,15.1981,9.9722,10.7435,10.0333
2667,-57.3897,-10.6674,0.6397,0.7,1.7458,4.025,15.2037,9.9722,10.7463,10.0352
2668,-56.6994,-10.7654,0.6396,0.7,1.5681,3.9741,15.2102,9.975,10.7491,10.037
2669,-56.4644,-10.8127,0.6397,0.7,1.575,3.9685,15.2157,9.9759,10.7519,10.0389
2670,-56.6698,-10.8507,0.6397,0.7,1.7111,4.0093,15.2213,9.9778,10.7546,10.0435
2671,-57.2005,-10.7376,0.6398,0.7,1.5486,4.0111,15.2269,9.9796,10.7574,10.0463
2672,-57.0074,-10.8747,0.6398,0.7,1.3472,4.0278,15.2324,9.9833,10.7611,10.0491
2673,-56.0897,-11.0324,0.6396,0.7,1.2889,3.9546,15.238,9.9861,10.7639,10.0528
2674,-56.8421,-11.021,0.6397,0.7,1.4611,4.0046,15.2435,9.987,10.7667,10.0528
2675,-55.7743,-11.0518,0.6397,0.7,1.1931,3.9861,15.2491,9.988,10.7694,10.0574
2676,-55.9474,-11.1208,0.6397,0.7,1.3583,3.9935,15.2546,9.9898,10.7722,10.0583
2677,-56.107,-11.1484,0.6397,0.7,1.2861,4.012,15.2602,9.9898,10.775,10.0593
2678,-55.0987,-11.2211,0.6396,0.7,1.0986,3.9944,15.2657,9.9917,10.7778,10.0611
2679,-56.5692,-11.2137,0.6395,0.7,1.1597,3.9935,15.2713,9.9926,10.7806,10.0639
2680,-56.2663,-11.287,0.6395,0.7,1.0014,3.987,15.2769,9.9963,10.7833,10.0667
2681,-56.5022,-11.3679,0.6395,0.7,0.9958,3.9713,15.2824,10.0009,10.7861,10.0704
2682,-56.6702,-11.4079,0.6395,0.7,0.8194,3.9824,15.288,10.0009,10.7889,10.0713
2683,-56.2103,-11.5214,0.6394,0.7,0.8889,3.9769,15.2935,10.0037,10.7917,10.0741
2684,-57.2836,-11.5297,0.6395,0.7,0.8167,4.0009,15.2991,10.0056,10.7944,10.0787
2685,-56.501,-11.6586,0.6394,0.7,0.8014,3.963,15.3046,10.0083,10.7972,10.0824
2686,-57.0898,-11.6554,0.6394,0.7,0.7333,3.9815,15.3102,10.0102,10.8009,10.0833
2687,-56.262,-11.6586,0.6394,0.7,0.7958,3.9954,15.3157,10.0111,10.8037,10.0843
2688,-57.3838,-11.7256,0.6394,0.7,0.6306,4.0046,15.3213,10.0148,10.8065,10.0861
2689,-57.4681,-11.7146,0.6394,0.7,0.6778,3.9722,15.3269,10.0194,10.8093,10.0898
2690,-57.8637,-11.7827,0.6395,0.7,0.5139,4.0065,15.3333,10.0222,10.812,10.0935
2691,-57.4743,-11.8862,0.6394,0.7,0.4389,3.9648,15.3389,10.0269,10.8148,10.0981
2692,-58.0558,-11.8271,0.6394,0.7,0.5389,3.9509,15.3444,10.0333,10.8176,10.1028
2693,-58.1852,-11.8998,0.6394,0.7,0.5222,3.9944,15.35,10.0361,10.8204,10.1037
2694,-58.3559,-11.8845,0.6394,0.7,0.4764,4.0463,15.3556,10.0407,10.8231,10.1083
2695,-58.416,-12.0096,0.6393,0.7,0.4375,4.0102,15.3611,10.0435,10.8259,10.1111
2696,-58.0828,-11.9717,0.6394,0.7,0.3069,3.9981,15.3667,10.0454,10.8287,10.1139
2697,-58.8068,-12.0911,0.6393,0.7,0.2514,4.0037,15.3722,10.0491,10.8315,10.1176
2698,-59.2032,-12.1019,0.6394,0.7,0.2514,4.0019,15.3778,10.0528,10.8343,10.1194
2699,-59.5735,-12.1974,0.6394,0.7,0.2333,3.9981,15.3833,10.0593,10.837,10.1269
2700,-59.9583,-12.162,0.6395,0.7,0.2514,3.9694,15.3889,10.062,10.8398,10.1296
2701,-59.9763,-12.2181,0.6395,0.7,0.1806,4.0306,15.3944,10.0685,10.8435,10.1324
2702,-59.4599,-12.1595,0.6394,0.7,0.1847,4.0463,15.4,10.0722,10.8463,10.137
2703,-59.7851,-12.2247,0.6394,0.7,0.1472,3.9963,15.4056,10.0769,10.8491,10.1426
2704,-59.788,-12.2246,0.6395,0.7,0.2389,3.95,15.4111,10.0796,10.8519,10.1454
2705,-59.847,-12.2447,0.6394,0.7,0.1667,4.0417,15.4167,10.088,10.8546,10.1546
2706,-60.2153,-12.1865,0.6395,0.7,0.2389,3.9787,15.4222,10.0963,10.8574,10.163
2707,-60.0202,-12.2078,0.6395,0.7,0.1917,3.9972,15.4278,10.0991,10.8602,10.1694
2708,-60.2357,-12.2085,0.6396,0.7,0.1194,3.9926,15.4333,10.1028,10.863,10.1731
2709,-60.0952,-12.2124,0.6396,0.7,0.1528,4.0417,15.4389,10.1056,10.8657,10.1787
2710,-59.9899,-12.1944,0.6396,0.7,0.1431,3.9398,15.4444,10.1074,10.8685,10.1806
2711,-60.4546,-12.224,0.6396,0.7,0.1181,3.9963,15.45,10.112,10.8713,10.1843
2712,-60.5249,-12.2471,0.6396,0.7,0.1361,4.0269,15.4556,10.1185,10.8741,10.1926
2713,-60.8868,-12.289,0.6397,0.7,0.1528,3.9731,15.4611,10.1241,10.8769,10.1991
2714,-61.1447,-12.2815,0.6397,0.7,0.1542,3.9639,15.4667,10.1306,10.8796,10.2056
2715,-61.1338,-12.3163,0.6397,0.7,0.1083,4.0056,15.4722,10.1389,10.8824,10.2157
2716,-61.266,-12.3184,0.6397,0.7,0.0986,4.0333,15.4778,10.1444,10.8852,10.2213
2717,-61.5723,-12.3643,0.6397,0.7,0.0806,3.9954,15.4833,10.15,10.8889,10.2296
2718,-61.2214,-12.325,0.6397,0.7,0.0403,3.95,15.4889,10.1556,10.8917,10.2361
2719,-61.7269,-12.3348,0.6397,0.7,0.0694,3.9935,15.4944,10.1602,10.8944,10.2389
2720,-61.2627,-12.3276,0.6397,0.7,0.0944,3.9907,15.5,10.1713,10.8972,10.2472
2721,-61.6203,-12.3515,0.6396,0.7,0.1,4.0269,15.5056,10.1796,10.9,10.2537
2722,-61.2613,-12.3568,0.6396,0.7,0.0403,3.9583,15.5111,10.1917,10.9028,10.2611
2723,-61.3316,-12.3033,0.6396,0.7,0.1222,3.9463,15.5167,10.1972,10.9056,10.2667
2724,-61.1911,-12.2883,0.6397,0.7,0.0667,3.9991,15.5222,10.2028,10.9083,10.2731
2725,-61.7284,-12.3101,0.6398,0.7,0.1153,4.0389,15.5278,10.2102,10.9111,10.2787
2726,-62.0973,-12.3182,0.6399,0.7,0.0569,3.9972,15.5333,10.212,10.9139,10.2833
2727,-62.3592,-12.3282,0.64,0.7,0.0389,3.9981,15.5389,10.2213,10.9167,10.2907
2728,-62.0752,-12.3451,0.6399,0.7,0.0708,4.0417,15.5444,10.2287,10.9194,10.2954
2729,-62.3,-12.318,0.64,0.7,0.1181,4.0056,15.55,10.2324,10.9222,10.3037
2730,-62.3943,-12.3128,0.64,0.7,0.0819,4.0056,15.5556,10.2352,10.925,10.3102
2731,-62.5538,-12.2787,0.6401,0.7,0.1472,4.0046,15.5611,10.2417,10.9278,10.3167
2732,-62.5468,-12.3262,0.6402,0.7,0.0639,4.0222,15.5667,10.2426,10.9306,10.3194
2733,-62.8846,-12.3278,0.6403,0.7,0.0736,4.0204,15.5722,10.2537,10.9333,10.3287
2734,-62.6228,-12.3109,0.6404,0.7,0.0236,4.0324,15.5778,10.2611,10.9361,10.3333
2735,-62.7707,-12.32,0.6404,0.7,0.075,4.0287,15.5833,10.2685,10.9389,10.3389
2736,-63.0517,-12.3215,0.6405,0.7,0.0444,3.987,15.5889,10.2731,10.9417,10.3472
2737,-63.0711,-12.3364,0.6405,0.7,0.0319,4.0593,15.5944,10.2824,10.9444,10.3537
2738,-63.6623,-12.3258,0.6405,0.7,0.0389,3.9676,15.6,10.288,10.9472,10.3602
2739,-63.7279,-12.2707,0.6406,0.7,0.0222,4.0231,15.6056,10.2944,10.9509,10.3704
2740,-63.7513,-12.2912,0.6406,0.7,0.0208,3.9917,15.6111,10.3046,10.9537,10.3806
2741,-63.8762,-12.2897,0.6406,0.7,0.0208,4.0157,15.6167,10.313,10.9565,10.388
2742,-63.6734,-12.271,0.6406,0.7,0.0389,4.0148,15.6222,10.3222,10.9593,10.3981
2743,-64.1015,-12.2445,0.6406,0.7,0.0472,3.9759,15.6278,10.3259,10.962,10.4028
2744,-64.1958,-12.258,0.6406,0.7,0.0333,3.9704,15.6333,10.3333,10.9648,10.4102
2745,-64.2933,-12.2168,0.6406,0.7,0.0458,4.0185,15.6389,10.3398,10.9676,10.4157
2746,-64.16,-12.2097,0.6407,0.7,0.0583,4.0176,15.6444,10.3454,10.9704,10.4204
2747,-64.2803,-12.222,0.6407,0.7,0.025,4.0287,15.65,10.3537,10.9731,10.4269
2748,-64.1999,-12.2356,0.6406,0.7,0.0653,4.0259,15.6556,10.3593,10.9759,10.438
2749,-64.2408,-12.2175,0.6406,0.7,0.1056,3.9741,15.6611,10.3648,10.9787,10.4463
2750,-64.1729,-12.211,0.6406,0.7,0.0208,3.9833,15.6667,10.3713,10.9815,10.4537
2751,-64.4869,-12.1954,0.6406,0.7,0.0625,4.0148,15.6722,10.3787,10.9843,10.462
2752,-64.3486,-12.1863,0.6406,0.7,0.0389,4.0074,15.6778,10.3843,10.987,10.4667
2753,-64.4902,-12.1694,0.6406,0.7,0.0278,4.0139,15.6833,10.3889,10.9898,10.4741
2754,-64.7099,-12.1642,0.6406,0.7,0.0417,3.987,15.688,10.3944,10.9926,10.4806
2755,-64.653,-12.1023,0.6407,0.7,0.0819,3.9806,15.6935,10.4028,10.9954,10.4833
2756,-64.5469,-12.1076,0.6407,0.7,0.0556,3.9852,15.6991,10.412,10.9981,10.4898
2757,-65.0193,-12.0781,0.6407,0.7,0.0625,3.988,15.7046,10.4241,11.0009,10.4991
2758,-65.0396,-12.0279,0.6408,0.7,0.0611,3.988,15.7102,10.4315,11.0037,10.5046
2759,-64.9919,-11.9821,0.6408,0.7,0.0431,3.9769,15.7157,10.438,11.0065,10.5093
2760,-65.1325,-12.0115,0.6409,0.7,0.0722,3.9954,15.7213,10.4463,11.0093,10.5167
2761,-65.4193,-11.9306,0.6409,0.7,0.05,3.9778,15.7269,10.4556,11.012,10.5306
2762,-65.2428,-11.9584,0.6409,0.7,0.1236,4.0324,15.7324,10.4639,11.0148,10.5389
2763,-65.3888,-11.9455,0.6409,0.7,0.0847,4.0222,15.738,10.4713,11.0176,10.5444
2764,-65.3635,-11.908,0.6409,0.7,0.0889,3.9565,15.7435,10.4778,11.0204,10.5509
2765,-65.2828,-11.8527,0.6409,0.7,0.1403,3.9796,15.7491,10.4833,11.0231,10.5583
2766,-65.4916,-11.8611,0.6409,0.7,0.0931,3.9694,15.7546,10.488,11.0259,10.5648
2767,-65.4381,-11.8114,0.6409,0.7,0.0806,3.9852,15.7602,10.4907,11.0287,10.5694
2768,-65.6102,-11.7979,0.641,0.7,0.0972,3.9769,15.7657,10.4963,11.0315,10.5759
2769,-65.4949,-11.7518,0.641,0.7,0.0944,4.05,15.7713,10.5037,11.0343,10.587
2770,-65.5086,-11.7055,0.6411,0.7,0.1361,4.0204,15.7769,10.5194,11.037,10.6028
2771,-65.9132,-11.7082,0.6411,0.7,0.0861,3.9639,15.7824,10.5278,11.0398,10.6111
2772,-65.4008,-11.7024,0.6412,0.7,0.1625,4.0667,15.788,10.5352,11.0426,10.6204
2773,-65.7711,-11.6454,0.6413,0.7,0.1486,3.9861,15.7935,10.5463,11.0454,10.6315
2774,-65.8361,-11.6342,0.6413,0.7,0.1264,3.9796,15.7991,10.5528,11.0481,10.6417
2775,-65.7541,-11.5637,0.6414,0.7,0.1361,3.9833,15.8037,10.5593,11.0509,10.6509
2776,-65.6284,-11.491,0.6414,0.7,0.1583,3.9759,15.8093,10.5676,11.0537,10.6593
2777,-65.8259,-11.4551,0.6414,0.7,0.1681,4.0204,15.8148,10.5759,11.0565,10.6685
2778,-65.9702,-11.4053,0.6415,0.7,0.0889,4.0324,15.8204,10.5787,11.0593,10.6722
2779,-65.9007,-11.3895,0.6416,0.7,0.1444,4.0444,15.8259,10.5833,11.062,10.6759
2780,-65.9964,-11.2787,0.6416,0.7,0.1125,4.025,15.8315,10.587,11.0648,10.6815
2781,-65.7914,-11.2726,0.6416,0.7,0.1458,4.0083,15.837,10.5935,11.0676,10.687
2782,-66.1707,-11.1923,0.6416,0.7,0.1625,3.9741,15.8426,10.6,11.0704,10.6935
2783,-65.7634,-11.1832,0.6416,0.7,0.1931,3.9491,15.8481,10.6046,11.0731,10.7
2784,-65.6263,-11.1048,0.6416,0.7,0.0917,3.9944,15.8537,10.613,11.0759,10.7111
2785,-65.8048,-11.0548,0.6417,0.7,0.2444,3.9685,15.8593,10.6222,11.0787,10.7185
2786,-65.7852,-11.0247,0.6417,0.7,0.2375,3.9769,15.8648,10.6296,11.0815,10.725
2787,-65.6945,-10.9077,0.6418,0.7,0.2792,3.9611,15.8694,10.6361,11.0843,10.7333
2788,-65.4433,-10.944,0.6418,0.7,0.3042,3.9972,15.875,10.6417,11.087,10.7389
2789,-65.7519,-10.9631,0.6418,0.7,0.2806,3.9787,15.8806,10.6528,11.0898,10.7454
2790,-65.4886,-10.8652,0.6418,0.7,0.3083,3.9565,15.8861,10.6602,11.0926,10.7528
2791,-65.0486,-10.7775,0.6418,0.7,0.4111,3.9676,15.8917,10.6694,11.0954,10.7602
2792,-65.1268,-10.7327,0.6418,0.7,0.6208,3.9574,15.8972,10.6787,11.0981,10.7667
2793,-64.5984,-10.5477,0.6418,0.7,1.0153,4.0213,15.9028,10.6861,11.1009,10.7741
2794,-64.1365,-10.5339,0.6418,0.7,1.1722,3.9648,15.9083,10.6907,11.1037,10.7806
2795,-64.6918,-10.6207,0.6418,0.7,0.8222,3.9583,15.9139,10.6954,11.1065,10.787
2796,-64.191,-10.5675,0.6419,0.7,1.1222,4.0046,15.9194,10.7083,11.1093,10.7963
2797,-63.9133,-10.4698,0.642,0.7,1.2931,4.0398,15.925,10.7157,11.112,10.8037
2798,-63.484,-10.5138,0.642,0.7,1.4236,4.0565,15.9296,10.7213,11.1148,10.8093
2799,-63.315,-10.4229,0.642,0.7,1.6389,3.975,15.9352,10.7259,11.1176,10.8167
2800,-62.7053,-10.3959,0.6421,0.7,1.6764,4.0667,15.9407,10.7296,11.1204,10.8194
2801,-62.6108,-10.3983,0.6421,0.7,1.8083,4.0389,15.9463,10.7352,11.1231,10.8231
2802,-61.5341,-10.339,0.6421,0.7,2.0722,3.9528,15.9519,10.7417,11.1259,10.8296
2803,-61.267,-10.3834,0.6421,0.7,2.0111,3.9972,15.9574,10.7435,11.1287,10.8324
2804,-60.2021,-10.3475,0.6422,0.7,2.1347,4.0398,15.963,10.7481,11.1315,10.8352
2805,-58.936,-10.3923,0.6421,0.7,2.2403,4.0093,15.9685,10.7537,11.1343,10.8389
2806,-59.0168,-10.4143,0.642,0.7,2.0764,3.9741,15.9731,10.7611,11.137,10.8435
2807,-58.7973,-10.5148,0.642,0.7,2.1139,4.0361,15.9787,10.763,11.1398,10.8472
2808,-58.7283,-10.5579,0.642,0.7,1.9028,3.9787,15.9843,10.7648,11.1426,10.8491
2809,-58.805,-10.4449,0.6421,0.7,2.1431,3.9574,15.9898,10.7713,11.1454,10.8565
2810,-57.1955,-10.5874,0.642,0.7,1.8792,3.9778,15.9954,10.7713,11.1481,10.8565
2811,-56.4115,-10.6239,0.6419,0.7,2.05,4.0324,16.0009,10.7731,11.1509,10.8574
2812,-55.9416,-10.7456,0.6418,0.7,1.7556,3.9593,16.0065,10.7796,11.1537,10.8611
2813,-55.9051,-10.9018,0.6417,0.7,1.5611,3.9676,16.0111,10.7861,11.1565,10.8667
2814,-56.4958,-10.7871,0.6418,0.7,1.6722,4.0389,16.0167,10.7926,11.1593,10.8741
2815,-55.9291,-10.8618,0.6418,0.7,1.6819,4.0546,16.0222,10.7981,11.162,10.8778
2816,-56.4308,-10.9296,0.6419,0.7,1.55,3.962,16.0278,10.8009,11.1648,10.8787
2817,-55.4975,-11.1245,0.6418,0.7,1.4236,3.9898,16.0333,10.8019,11.1676,10.8833
2818,-56.0551,-11.2096,0.6418,0.7,1.2042,4.0093,16.0389,10.8046,11.1704,10.888
2819,-55.8231,-11.327,0.6417,0.7,1.1097,4.0213,16.0444,10.8056,11.1731,10.8889
2820,-56.1787,-11.3665,0.6418,0.7,1.1486,4.0194,16.0491,10.812,11.1759,10.8926
2821,-55.6339,-11.4359,0.6418,0.7,1.0083,3.9787,16.0546,10.813,11.1787,10.8935
2822,-56.4694,-11.5193,0.6418,0.7,0.9278,3.9315,16.0602,10.8185,11.1815,10.9009
2823,-56.9331,-11.6751,0.6417,0.7,0.6847,4.0676,16.0657,10.8222,11.1843,10.9028
2824,-56.4485,-11.6712,0.6417,0.7,0.6319,4.0093,16.0713,10.8259,11.187,10.9083
2825,-56.9705,-11.7819,0.6417,0.7,0.5736,4.0046,16.0759,10.8278,11.1898,10.912
2826,-57.6927,-11.8458,0.6417,0.7,0.5583,4.0213,16.0815,10.8287,11.1917,10.913
2827,-58.2281,-11.9043,0.6418,0.7,0.4125,3.9778,16.087,10.8287,11.1944,10.913
2828,-58.0577,-11.9644,0.6418,0.7,0.4042,3.9889,16.0926,10.8333,11.1972,10.9148
2829,-58.5784,-12.0252,0.6418,0.7,0.3236,4.0056,16.0981,10.8352,11.2,10.9185
2830,-58.716,-12.0779,0.6417,0.7,0.3306,3.9935,16.1037,10.8389,11.2028,10.9222
2831,-58.9276,-12.0826,0.6418,0.7,0.2861,4.013,16.1083,10.8417,11.2056,10.925
2832,-59.1756,-12.0972,0.6418,0.7,0.3597,3.9324,16.1139,10.8444,11.2083,10.9306
2833,-59.3116,-12.1049,0.6418,0.7,0.2028,4.0167,16.1194,10.8472,11.2111,10.9333
2834,-59.6062,-12.1714,0.6418,0.7,0.2375,3.9981,16.125,10.8509,11.2139,10.937
2835,-59.7155,-12.1614,0.6419,0.7,0.2833,4.037,16.1306,10.8519,11.2167,10.937
2836,-59.8782,-12.2762,0.6418,0.7,0.1931,3.9722,16.1352,10.8537,11.2194,10.938
2837,-60.213,-12.2994,0.6418,0.7,0.1333,4.0343,16.1407,10.8556,11.2222,10.9407
2838,-60.4132,-12.2641,0.6418,0.7,0.1264,4.0324,16.1463,10.8574,11.225,10.9454
2839,-60.4751,-12.2867,0.6418,0.7,0.2306,4.0296,16.1519,10.8602,11.2278,10.9472
2840,-60.9471,-12.316,0.6418,0.7,0.1389,3.95,16.1574,10.862,11.2306,10.9491
2841,-60.8154,-12.2803,0.6418,0.7,0.0986,3.9509,16.162,10.863,11.2333,10.9491
2842,-60.4436,-12.2652,0.6419,0.7,0.0556,4.0176,16.1676,10.863,11.2361,10.95
2843,-60.9859,-12.3222,0.6419,0.7,0.075,3.9954,16.1731,10.8667,11.2389,10.9519
2844,-61.7026,-12.3653,0.6419,0.7,0.0931,4.0343,16.1787,10.8667,11.2407,10.9519
2845,-62.0421,-12.3787,0.6419,0.7,0.0764,3.9806,16.1843,10.8694,11.2435,10.9546
2846,-61.9179,-12.3333,0.642,0.7,0.0625,4.0463,16.1889,10.8704,11.2463,10.9556
2847,-62.1184,-12.3433,0.642,0.7,0.0458,3.9935,16.1944,10.8704,11.2491,10.9556
2848,-62.1394,-12.3735,0.642,0.7,0.0708,4.0194,16.2,10.8713,11.2519,10.9574
2849,-61.8848,-12.3406,0.6419,0.7,0.0806,4.0324,16.2056,10.8722,11.2546,10.9583
2850,-62.2015,-12.3507,0.642,0.7,0.0847,3.9685,16.2111,10.8722,11.2574,10.9583
2851,-62.5266,-12.3543,0.642,0.7,0.0722,3.9815,16.2157,10.8731,11.2602,10.962
2852,-62.5423,-12.3643,0.642,0.7,0.0181,3.988,16.2213,10.875,11.263,10.9639
2853,-62.0944,-12.348,0.642,0.7,0.0722,4.0194,16.2269,10.8778,11.2657,10.9657
2854,-62.1801,-12.3338,0.6421,0.7,0.0514,4.0491,16.2324,10.8787,11.2685,10.9676
2855,-62.5964,-12.3359,0.6422,0.7,0.075,3.9917,16.238,10.8806,11.2713,10.9704
2856,-62.6182,-12.3228,0.6423,0.7,0.0264,3.9843,16.2426,10.8806,11.2741,10.9704
2857,-62.7053,-12.3299,0.6423,0.7,0.0319,3.9519,16.2481,10.8833,11.2769,10.9731
2858,-63.1178,-12.3458,0.6424,0.7,0.0361,3.9796,16.2537,10.8852,11.2796,10.9731
2859,-63.1002,-12.3268,0.6424,0.7,0.0542,3.9574,16.2593,10.8861,11.2824,10.9741
2860,-62.9444,-12.3218,0.6425,0.7,0.0361,3.9824,16.2648,10.888,11.2843,10.975
2861,-63.1106,-12.3155,0.6425,0.7,0.0444,3.9343,16.2694,10.8889,11.287,10.9759
2862,-63.3689,-12.3302,0.6425,0.7,0.0458,4.0167,16.275,10.8898,11.2898,10.9769
2863,-63.5791,-12.2831,0.6426,0.7,0.0403,4.0194,16.2806,10.8907,11.2926,10.9787
2864,-64.0242,-12.2799,0.6426,0.7,0.0167,4.0065,16.2861,10.8907,11.2954,10.9787
2865,-64.1382,-12.2171,0.6426,0.7,0.0347,3.9602,16.2907,10.8917,11.2981,10.9796
2866,-64.3179,-12.2274,0.6427,0.7,0.0556,4.0,16.2963,10.8917,11.3009,10.9796
2867,-64.4173,-12.1912,0.6426,0.7,0.0375,3.9935,16.3019,10.8917,11.3037,10.9796
2868,-64.5049,-12.2123,0.6427,0.7,0.0556,3.9944,16.3074,10.8917,11.3065,10.9806
2869,-64.6557,-12.1733,0.6427,0.7,0.025,3.937,16.312,10.8926,11.3093,10.9815
2870,-64.8762,-12.108,0.6427,0.7,0.0542,4.0037,16.3176,10.8926,11.312,10.9815
2871,-65.234,-12.0713,0.6427,0.7,0.0292,4.0222,16.3231,10.8926,11.3148,10.9833
2872,-65.0989,-12.06,0.6427,0.7,0.0306,3.9981,16.3287,10.8926,11.3176,10.9833
2873,-65.1939,-11.9499,0.6427,0.7,0.0889,4.013,16.3343,10.8926,11.3194,10.9833
2874,-65.1203,-11.9811,0.6427,0.7,0.0681,3.9824,16.3389,10.8926,11.3222,10.9833
2875,-65.206,-11.971,0.6428,0.7,0.0556,3.9769,16.3444,10.8944,11.325,10.9852
2876,-65.2319,-11.9389,0.6428,0.7,0.1,4.0028,16.35,10.8954,11.3278,10.9861
2877,-65.2368,-11.9402,0.6429,0.7,0.1167,4.0528,16.3556,10.8954,11.3306,10.987
2878,-65.249,-11.9033,0.6429,0.7,0.0764,3.9935,16.3602,10.8954,11.3333,10.987
2879,-65.348,-11.8299,0.643,0.7,0.0917,4.0815,16.3657,10.8954,11.3361,10.988
2880,-65.2615,-11.8258,0.643,0.7,0.0917,4.0167,16.3713,10.8954,11.3389,10.988
2881,-65.6221,-11.7592,0.643,0.7,0.1014,3.9907,16.3769,10.8972,11.3417,10.9889
2882,-65.8116,-11.6448,0.6431,0.7,0.125,4.0324,16.3824,10.8972,11.3444,10.9889
2883,-65.7369,-11.613,0.6431,0.7,0.0806,3.9648,16.387,10.8972,11.3472,10.9889
2884,-65.6347,-11.6018,0.6432,0.7,0.0972,4.0065,16.3926,10.8972,11.35,10.9889
2885,-65.9327,-11.622,0.6432,0.7,0.0944,4.0167,16.3981,10.8981,11.3528,10.9898
2886,-65.8364,-11.5567,0.6432,0.7,0.1375,3.9593,16.4037,10.8991,11.3546,10.9907
2887,-65.8996,-11.5617,0.6432,0.7,0.1153,3.9972,16.4083,10.8991,11.3574,10.9907
2888,-66.0806,-11.4859,0.6432,0.7,0.1278,4.0306,16.4139,10.9,11.3602,10.9917
2889,-65.9808,-11.434,0.6432,0.7,0.1375,3.9898,16.4194,10.9,11.363,10.9917
2890,-66.2817,-11.3629,0.6432,0.7,0.1292,3.9972,16.425,10.9,11.3657,10.9917
2891,-65.8007,-11.3207,0.6432,0.7,0.1944,3.9352,16.4296,10.9,11.3685,10.9917
2892,-65.8996,-11.2791,0.6433,0.7,0.1444,3.9444,16.4352,10.9,11.3713,10.9917
2893,-65.834,-11.2273,0.6433,0.7,0.1194,3.9194,16.4407,10.9,11.3741,10.9917
2894,-66.241,-11.1246,0.6434,0.7,0.1722,3.9824,16.4463,10.9,11.3769,10.9917
2895,-66.0604,-11.1416,0.6434,0.7,0.2222,3.9657,16.4509,10.9,11.3796,10.9917
2896,-65.7225,-11.1121,0.6433,0.7,0.1708,4.0231,16.4565,10.9,11.3824,10.9917
2897,-65.6461,-11.0501,0.6434,0.7,0.1847,4.075,16.462,10.9009,11.3843,10.9935
2898,-66.1757,-10.925,0.6434,0.7,0.1847,3.9593,16.4676,10.9009,11.387,10.9935
2899,-65.3179,-10.8417,0.6434,0.7,0.3139,3.9667,16.4722,10.9009,11.3898,10.9935
2900,-65.1619,-10.8278,0.6434,0.7,0.3736,3.9935,16.4778,10.9009,11.3926,10.9935
2901,-64.7519,-10.7961,0.6435,0.7,0.3361,3.95,16.4833,10.9009,11.3954,10.9935
2902,-64.7603,-10.697,0.6435,0.7,0.5514,3.9981,16.4889,10.9009,11.3981,10.9935
2903,-64.7842,-10.6216,0.6436,0.7,0.6667,4.0185,16.4935,10.9009,11.4009,10.9935
2904,-64.7693,-10.6323,0.6436,0.7,0.6208,3.9907,16.4991,10.9009,11.4037,10.9935
2905,-64.6116,-10.6431,0.6436,0.7,0.7944,3.987,16.5046,10.9019,11.4065,10.9944
2906,-63.9336,-10.4396,0.6436,0.7,1.2125,3.9806,16.5102,10.9028,11.4093,10.9944
2907,-63.8335,-10.4915,0.6436,0.7,1.3681,3.9759,16.5148,10.9028,11.412,10.9944
2908,-63.1049,-10.5067,0.6437,0.7,1.4542,4.0583,16.5204,10.9028,11.4139,10.9944
2909,-63.6162,-10.4032,0.6439,0.7,1.7042,3.9731,16.5259,10.9028,11.4167,10.9944
2910,-63.3971,-10.4227,0.6439,0.7,1.6792,4.0176,16.5306,10.9028,11.4194,10.9944
2911,-61.2877,-10.3546,0.6439,0.7,2.1014,4.0028,16.5361,10.9028,11.4222,10.9944
2912,-61.3351,-10.3378,0.6439,0.7,2.1958,3.9806,16.5417,10.9046,11.425,10.9954
2913,-61.2548,-10.3191,0.6439,0.7,2.2875,3.9731,16.5472,10.9046,11.4278,10.9954
2914,-59.8368,-10.3518,0.6439,0.7,2.2097,4.0241,16.5519,10.9046,11.4306,10.9954
2915,-58.3577,-10.4046,0.6437,0.7,2.2347,4.0009,16.5574,10.9056,11.4333,10.9954
2916,-57.4043,-10.4926,0.6436,0.7,2.3597,3.9824,16.563,10.9056,11.4361,10.9954
2917,-57.3805,-10.5256,0.6435,0.7,2.2708,4.0389,16.5676,10.9065,11.4389,10.9963
2918,-56.5786,-10.7148,0.6434,0.7,1.9292,4.0074,16.5731,10.9065,11.4407,10.9963
2919,-56.2019,-10.6768,0.6435,0.7,1.7472,3.9417,16.5787,10.9065,11.4435,10.9963
2920,-56.6884,-10.7545,0.6435,0.7,1.8167,3.9694,16.5843,10.9065,11.4463,10.9963
2921,-56.0976,-10.8345,0.6434,0.7,1.5556,4.0611,16.5889,10.9065,11.4491,10.9963
2922,-55.337,-10.894,0.6433,0.7,1.6042,4.0352,16.5944,10.9065,11.4519,10.9963
2923,-55.9156,-10.9407,0.6434,0.7,1.5944,4.0148,16.6,10.9065,11.4546,10.9963
2924,-55.7783,-11.1526,0.6433,0.7,1.2278,4.0074,16.6046,10.9065,11.4574,10.9963
2925,-55.15,-11.2648,0.6432,0.7,1.0819,3.9833,16.6102,10.9074,11.4602,10.9963
2926,-55.8799,-11.3806,0.6432,0.7,1.0403,3.9926,16.6157,10.9074,11.462,10.9963
2927,-55.5827,-11.4611,0.6432,0.7,1.025,3.988,16.6204,10.9074,11.4648,10.9963
2928,-56.5265,-11.4999,0.6432,0.7,0.8819,4.0259,16.6259,10.9074,11.4676,10.9963
2929,-56.9725,-11.6145,0.6431,0.7,0.8486,3.9778,16.6315,10.9074,11.4704,10.9963
2930,-56.5429,-11.5845,0.6432,0.7,0.7736,4.038,16.637,10.9074,11.4731,10.9963
2931,-57.4341,-11.7222,0.6432,0.7,0.6778,3.9731,16.6417,10.9074,11.4759,10.9963
2932,-57.2497,-11.8435,0.6432,0.7,0.6028,3.9148,16.6472,10.9074,11.4787,10.9963
2933,-57.4258,-11.8753,0.6432,0.7,0.6097,3.9463,16.6528,10.9074,11.4815,10.9963
2934,-57.7628,-11.8317,0.6432,0.7,0.5903,3.9843,16.6574,10.9074,11.4843,10.9963
2935,-57.5862,-11.8766,0.6432,0.7,0.4194,4.0222,16.663,10.9074,11.4861,10.9963
2936,-57.9344,-11.9209,0.6432,0.7,0.4986,3.9981,16.6685,10.9074,11.4889,10.9963
2937,-57.8378,-11.9742,0.6432,0.7,0.5083,4.0056,16.6731,10.9074,11.4917,10.9963
2938,-58.9409,-12.0886,0.6431,0.7,0.4028,4.0176,16.6787,10.9074,11.4944,10.9963
2939,-58.8417,-12.0731,0.6431,0.7,0.2764,3.9417,16.6843,10.9074,11.4972,10.9963
2940,-58.8989,-12.1272,0.643,0.7,0.2972,4.05,16.6889,10.9074,11.5,10.9963
2941,-59.043,-12.1859,0.643,0.7,0.2611,3.9694,16.6944,10.9074,11.5028,10.9963
2942,-58.7015,-12.0876,0.643,0.7,0.3139,3.9926,16.7,10.9074,11.5056,10.9963
2943,-59.0035,-12.1532,0.643,0.7,0.2639,3.9843,16.7046,10.9074,11.5074,10.9963
2944,-59.5895,-12.1323,0.6431,0.7,0.2153,4.0065,16.7102,10.9074,11.5102,10.9963
2945,-59.814,-12.1728,0.6431,0.7,0.2681,3.9954,16.7157,10.9074,11.513,10.9963
2946,-60.1629,-12.2404,0.6432,0.7,0.1528,3.9398,16.7204,10.9074,11.5157,10.9963
2947,-60.4906,-12.2699,0.6432,0.7,0.1292,3.9833,16.7259,10.9074,11.5185,10.9963
2948,-60.3239,-12.2606,0.6431,0.7,0.1792,4.0056,16.7315,10.9074,11.5213,10.9963
2949,-60.8916,-12.3206,0.6432,0.7,0.0847,3.9861,16.7361,10.9074,11.5241,10.9963
2950,-60.9526,-12.2922,0.6432,0.7,0.1014,4.0074,16.7417,10.9074,11.5269,10.9963
2951,-60.959,-12.3205,0.6432,0.7,0.1264,3.9991,16.7472,10.9074,11.5287,10.9963
2952,-61.1566,-12.3093,0.6432,0.7,0.1097,4.0157,16.7528,10.9074,11.5315,10.9972
2953,-61.4524,-12.3248,0.6433,0.7,0.0875,3.9481,16.7574,10.9083,11.5343,10.9972
2954,-61.8567,-12.3146,0.6433,0.7,0.1028,4.0194,16.763,10.9083,11.537,10.9972
2955,-61.8148,-12.3162,0.6434,0.7,0.1486,3.988,16.7685,10.9083,11.5398,10.9972
2956,-62.0297,-12.4034,0.6433,0.7,0.0347,3.9611,16.7731,10.9093,11.5426,10.9981
2957,-62.157,-12.334,0.6434,0.7,0.0833,3.988,16.7787,10.9093,11.5454,10.9981
2958,-62.0821,-12.3457,0.6434,0.7,0.0597,3.9972,16.7843,10.9093,11.5472,10.9991
2959,-62.3824,-12.3301,0.6434,0.7,0.0569,4.0093,16.7889,10.9093,11.55,10.9991
2960,-62.4402,-12.3416,0.6435,0.7,0.0347,3.962,16.7944,10.9093,11.5528,10.9991
2961,-62.4273,-12.3514,0.6435,0.7,0.0778,4.0074,16.8,10.9093,11.5556,10.9991
2962,-62.3485,-12.3215,0.6436,0.7,0.0792,4.038,16.8046,10.9093,11.5583,10.9991
2963,-62.752,-12.3231,0.6436,0.7,0.0764,4.0019,16.8102,10.9093,11.5611,10.9991
2964,-63.0351,-12.3166,0.6437,0.7,0.1167,4.0213,16.8157,10.9093,11.5639,10.9991
2965,-63.0587,-12.3322,0.6437,0.7,0.0514,3.975,16.8204,10.9093,11.5667,10.9991
2966,-63.1877,-12.3181,0.6437,0.7,0.05,3.9426,16.8259,10.9093,11.5685,10.9991
2967,-63.3284,-12.3272,0.6437,0.7,0.0542,4.0139,16.8315,10.9102,11.5713,11.0
2968,-63.4454,-12.2802,0.6437,0.7,0.0653,4.0426,16.8361,10.9102,11.5741,11.0
2969,-63.4833,-12.2933,0.6438,0.7,0.0181,4.05,16.8417,10.9102,11.5769,11.0
2970,-63.9423,-12.2707,0.6438,0.7,0.0444,3.9954,16.8463,10.9102,11.5796,11.0
2971,-64.035,-12.2525,0.6439,0.7,0.0403,4.0324,16.8519,10.9102,11.5824,11.0
2972,-64.0357,-12.2654,0.6438,0.7,0.0486,4.038,16.8574,10.9102,11.5852,11.0
2973,-64.1597,-12.2637,0.6438,0.7,0.0597,3.9148,16.862,10.9102,11.587,11.0
2974,-64.0718,-12.1957,0.6439,0.7,0.0264,3.9815,16.8676,10.9102,11.5898,11.0
2975,-64.3482,-12.2288,0.6439,0.7,0.0375,3.975,16.8731,10.9102,11.5926,11.0009
2976,-64.3359,-12.2027,0.6439,0.7,0.0292,3.9861,16.8778,10.9102,11.5954,11.0009
2977,-64.2272,-12.2123,0.6439,0.7,0.0444,4.0167,16.8833,10.9102,11.5981,11.0009
2978,-64.413,-12.2118,0.6439,0.7,0.0431,4.0102,16.8889,10.9102,11.6009,11.0009
2979,-64.4123,-12.1311,0.6439,0.7,0.0542,4.0074,16.8935,10.9102,11.6037,11.0009
2980,-64.4771,-12.1203,0.6439,0.7,0.0569,3.9481,16.8991,10.9102,11.6056,11.0009
2981,-64.5866,-12.0977,0.644,0.7,0.0486,4.0333,16.9046,10.9102,11.6083,11.0009
2982,-64.8786,-12.111,0.644,0.7,0.0569,3.963,16.9093,10.912,11.6111,11.0037
2983,-64.8698,-12.0522,0.644,0.7,0.0722,3.975,16.9148,10.912,11.6139,11.0037
2984,-65.0938,-12.0002,0.644,0.7,0.0694,3.9694,16.9204,10.9139,11.6167,11.0046
2985,-65.2107,-11.9575,0.644,0.7,0.0653,3.9713,16.925,10.9139,11.6194,11.0046
2986,-65.5041,-11.898,0.644,0.7,0.0597,3.9722,16.9306,10.9139,11.6222,11.0046
2987,-65.6511,-11.8537,0.6441,0.7,0.1125,3.9852,16.9361,10.9139,11.6241,11.0056
2988,-65.4727,-11.8305,0.6441,0.7,0.0694,4.0241,16.9407,10.9139,11.6269,11.0056
2989,-65.4532,-11.8343,0.6441,0.7,0.0764,3.9991,16.9463,10.9148,11.6296,11.0065
2990,-65.6569,-11.7685,0.6442,0.7,0.1014,3.9556,16.9519,10.9157,11.6324,11.0074
2991,-65.8203,-11.721,0.6442,0.7,0.0903,4.025,16.9565,10.9157,11.6352,11.0074
2992,-65.6098,-11.7045,0.6442,0.7,0.1653,4.0213,16.962,10.9167,11.638,11.0083
2993,-65.6815,-11.6426,0.6443,0.7,0.1264,3.9972,16.9667,10.9167,11.6407,11.0083
2994,-65.8447,-11.6679,0.6444,0.7,0.1153,4.0259,16.9722,10.9167,11.6426,11.0083
2995,-65.5297,-11.5992,0.6443,0.7,0.1306,4.0472,16.9778,10.9176,11.6454,11.0083
2996,-66.04,-11.5219,0.6444,0.7,0.1028,3.9935,16.9824,10.9194,11.6481,11.0102
2997,-66.1075,-11.4801,0.6444,0.7,0.1597,3.9491,16.988,10.9213,11.6509,11.013
2998,-66.0574,-11.428,0.6444,0.7,0.0694,4.0444,16.9935,10.9213,11.6537,11.013
2999,-65.7262,-11.4361,0.6444,0.7,0.1931,4.0148,16.9981,10.9213,11.6565,11.013
3000,-65.9186,-11.3193,0.6445,0.7,0.1583,4.0028,17.0037,10.9222,11.6593,11.013
3001,-65.9879,-11.3262,0.6445,0.7,0.1972,3.975,17.0093,10.9222,11.6611,11.013
3002,-66.0844,-11.264,0.6445,0.7,0.1681,3.9648,17.0139,10.9222,11.6639,11.0139
3003,-65.7569,-11.1725,0.6445,0.7,0.1944,4.0093,17.0194,10.9222,11.6667,11.0139
3004,-65.8798,-11.1602,0.6445,0.7,0.1681,4.0148,17.025,10.9222,11.6694,11.0139
3005,-65.5714,-11.0218,0.6445,0.7,0.1944,4.0,17.0296,10.9241,11.6722,11.0148
3006,-65.345,-11.0381,0.6446,0.7,0.2861,4.0009,17.0352,10.9241,11.675,11.0148
3007,-65.3513,-10.8943,0.6447,0.7,0.2958,4.0009,17.0398,10.925,11.6778,11.0148
3008,-65.4001,-10.7868,0.6447,0.7,0.2944,4.0204,17.0454,10.925,11.6796,11.0157
3009,-65.3267,-10.7826,0.6447,0.7,0.4375,4.0398,17.0509,10.9259,11.6824,11.0157
3010,-65.4424,-10.7081,0.6447,0.7,0.3917,4.0,17.0556,10.9259,11.6852,11.0157
3011,-65.0022,-10.7579,0.6447,0.7,0.5375,3.9667,17.0611,10.9259,11.688,11.0157
3012,-64.4853,-10.613,0.6447,0.7,0.7958,3.9778,17.0667,10.9259,11.6907,11.0157
3013,-64.7693,-10.5318,0.6447,0.7,0.925,4.05,17.0713,10.9259,11.6935,11.0176
3014,-64.0609,-10.5812,0.6447,0.7,1.0528,3.9389,17.0769,10.9259,11.6963,11.0176
3015,-63.8715,-10.4133,0.6447,0.7,1.4722,4.037,17.0824,10.9259,11.6981,11.0176
3016,-63.767,-10.4658,0.6447,0.7,1.4778,4.0435,17.087,10.9259,11.7009,11.0185
3017,-63.3167,-10.4064,0.6448,0.7,1.8083,4.0167,17.0926,10.9259,11.7037,11.0185
3018,-63.2119,-10.397,0.6448,0.7,1.5514,4.038,17.0972,10.9269,11.7065,11.0194
3019,-61.5141,-10.3293,0.6447,0.7,2.0597,4.0296,17.1028,10.9278,11.7093,11.0213
3020,-61.3026,-10.3173,0.6447,0.7,2.0667,4.0074,17.1083,10.9278,11.712,11.0213
3021,-60.879,-10.3395,0.6447,0.7,2.2222,4.0213,17.113,10.9278,11.7139,11.0222
3022,-59.4,-10.3564,0.6446,0.7,2.2125,4.0157,17.1185,10.9278,11.7167,11.0222
3023,-57.4846,-10.4339,0.6445,0.7,2.0819,3.9963,17.1241,10.9287,11.7194,11.0222
3024,-58.9916,-10.4374,0.6446,0.7,2.2167,3.9435,17.1287,10.9296,11.7222,11.0222
3025,-57.7351,-10.5798,0.6445,0.7,1.9639,3.9889,17.1343,10.9306,11.725,11.0231
3026,-57.1049,-10.5975,0.6445,0.7,2.0597,4.0,17.1389,10.9315,11.7278,11.025
3027,-55.5226,-10.7733,0.6444,0.7,1.7889,3.9491,17.1444,10.9315,11.7306,11.0259
3028,-57.1091,-10.6864,0.6445,0.7,1.8125,3.9972,17.15,10.9333,11.7324,11.0269
3029,-55.6433,-10.9726,0.6444,0.7,1.7708,3.988,17.1546,10.9333,11.7352,11.0278
3030,-55.8432,-10.8922,0.6445,0.7,1.6639,4.0111,17.1602,10.9343,11.738,11.0296
3031,-55.6905,-10.8961,0.6445,0.7,1.5264,4.0213,17.1648,10.937,11.7407,11.0315
3032,-56.1909,-10.9933,0.6445,0.7,1.5347,4.0306,17.1704,10.9389,11.7435,11.0324
3033,-56.0933,-11.158,0.6444,0.7,1.2514,4.0185,17.1759,10.9407,11.7463,11.0352
3034,-55.6513,-11.0614,0.6445,0.7,1.3319,3.9981,17.1806,10.9426,11.7481,11.0361
3035,-55.4804,-11.2899,0.6443,0.7,1.1611,3.9787,17.1861,10.9444,11.7509,11.038
3036,-56.6265,-11.3569,0.6443,0.7,1.0306,3.9676,17.1907,10.9481,11.7537,11.0417
3037,-55.8495,-11.4533,0.6443,0.7,1.1,4.0472,17.1963,10.9481,11.7565,11.0417
3038,-56.1496,-11.435,0.6443,0.7,1.1514,4.0185,17.2019,10.9481,11.7593,11.0435
3039,-55.95,-11.5105,0.6443,0.7,0.9306,3.9889,17.2065,10.9519,11.7611,11.0463
3040,-56.4553,-11.6494,0.6442,0.7,0.7806,4.0435,17.212,10.9537,11.7639,11.0491
3041,-57.4636,-11.8602,0.6441,0.7,0.6167,4.0019,17.2167,10.9546,11.7667,11.05
3042,-57.3881,-11.8374,0.6441,0.7,0.5139,3.9806,17.2222,10.9556,11.7694,11.0509
3043,-57.8948,-11.9591,0.6441,0.7,0.3778,3.9843,17.2278,10.9574,11.7722,11.0546
3044,-58.1556,-11.9464,0.6442,0.7,0.4806,3.9602,17.2324,10.9593,11.775,11.0574
3045,-58.1203,-11.9789,0.6442,0.7,0.4458,4.0019,17.238,10.9611,11.7769,11.0593
3046,-58.1345,-11.9213,0.6443,0.7,0.5556,4.0222,17.2426,10.9611,11.7796,11.062
3047,-57.5928,-11.9486,0.6443,0.7,0.4819,4.0213,17.2481,10.9639,11.7824,11.0639
3048,-58.0664,-11.9793,0.6443,0.7,0.4764,4.0074,17.2528,10.9667,11.7852,11.0648
3049,-58.8426,-12.008,0.6443,0.7,0.3556,3.9907,17.2583,10.9676,11.788,11.0685
3050,-59.1115,-12.0529,0.6443,0.7,0.3722,4.0019,17.2639,10.9694,11.7898,11.0713
3051,-58.5645,-12.0407,0.6444,0.7,0.3403,3.9898,17.2685,10.9722,11.7926,11.075
3052,-58.8329,-12.0688,0.6444,0.7,0.3319,3.9546,17.2741,10.975,11.7954,11.0787
3053,-59.288,-12.0923,0.6444,0.7,0.3153,4.0102,17.2787,10.9806,11.7981,11.0806
3054,-59.7098,-12.2663,0.6443,0.7,0.1903,4.0287,17.2843,10.9861,11.8009,11.0861
3055,-60.4684,-12.1975,0.6443,0.7,0.2486,3.9657,17.2889,10.9889,11.8037,11.088
3056,-60.4277,-12.245,0.6444,0.7,0.1875,3.9657,17.2944,10.9907,11.8056,11.0907
3057,-60.6265,-12.2344,0.6444,0.7,0.1764,4.0102,17.3,10.9917,11.8083,11.0935
3058,-60.913,-12.2785,0.6445,0.7,0.1208,4.0213,17.3046,10.9954,11.8111,11.0954
3059,-61.4596,-12.3203,0.6445,0.7,0.0694,3.9444,17.3102,10.9991,11.8139,11.0972
3060,-61.4261,-12.3348,0.6445,0.7,0.0958,3.9713,17.3148,11.0037,11.8167,11.1046
3061,-61.703,-12.3116,0.6446,0.7,0.0722,4.0185,17.3204,11.0065,11.8185,11.1074
3062,-61.9243,-12.3126,0.6446,0.7,0.1097,4.0065,17.325,11.0074,11.8213,11.1074
3063,-62.4262,-12.3486,0.6447,0.7,0.0458,4.0435,17.3306,11.0102,11.8241,11.1102
3064,-62.2219,-12.3375,0.6446,0.7,0.0361,4.0074,17.3352,11.012,11.8269,11.112
3065,-62.2469,-12.3311,0.6447,0.7,0.0403,4.0315,17.3407,11.0148,11.8296,11.1157
3066,-62.2807,-12.3526,0.6447,0.7,0.0319,4.0222,17.3463,11.0157,11.8315,11.1194
3067,-62.5361,-12.3301,0.6448,0.7,0.0653,3.9741,17.3509,11.0194,11.8343,11.125
3068,-62.7774,-12.3559,0.6448,0.7,0.0417,4.0056,17.3565,11.0231,11.837,11.1296
3069,-63.0525,-12.3385,0.6448,0.7,0.0486,3.9972,17.3611,11.0269,11.8398,11.1324
3070,-63.009,-12.3164,0.6448,0.7,0.0389,4.0065,17.3667,11.0287,11.8426,11.1352
3071,-63.3876,-12.3159,0.6448,0.7,0.0333,3.9991,17.3713,11.0343,11.8444,11.1398
3072,-63.0598,-12.3039,0.6449,0.7,0.0403,4.0167,17.3769,11.0417,11.8472,11.1444
3073,-63.6175,-12.2831,0.645,0.7,0.0778,3.9509,17.3815,11.0454,11.85,11.15
3074,-63.7499,-12.2907,0.645,0.7,0.0514,3.963,17.387,11.0528,11.8528,11.1574
3075,-63.7905,-12.2699,0.645,0.7,0.0542,3.9787,17.3917,11.0556,11.8556,11.1611
3076,-63.8208,-12.252,0.6451,0.7,0.0583,3.9889,17.3972,11.0602,11.8574,11.1667
3077,-64.098,-12.2404,0.6452,0.7,0.0458,4.0139,17.4028,11.0611,11.8602,11.1713
3078,-64.2649,-12.2119,0.6451,0.7,0.0361,3.9639,17.4074,11.0648,11.863,11.175
3079,-64.4688,-12.1934,0.6452,0.7,0.0653,4.0472,17.413,11.0713,11.8657,11.1796
3080,-64.6068,-12.139,0.6452,0.7,0.0639,3.9602,17.4176,11.0741,11.8685,11.1852
3081,-64.6313,-12.1321,0.6452,0.7,0.0542,3.9722,17.4231,11.0833,11.8704,11.1917
3082,-64.7313,-12.1098,0.6452,0.7,0.0292,3.9611,17.4278,11.0889,11.8731,11.1991
3083,-65.0289,-12.0739,0.6452,0.7,0.0681,4.0315,17.4333,11.0926,11.8759,11.2056
3084,-64.8694,-12.0636,0.6452,0.7,0.0875,4.0556,17.438,11.0991,11.8787,11.2093
3085,-64.7831,-12.0631,0.6452,0.7,0.0556,3.9167,17.4435,11.1019,11.8815,11.212
3086,-64.9362,-12.0649,0.6452,0.7,0.1069,3.9861,17.4481,11.1065,11.8833,11.2204
3087,-65.0212,-12.0259,0.6453,0.7,0.0528,4.0222,17.4537,11.1167,11.8861,11.2315
3088,-65.2137,-11.9517,0.6453,0.7,0.0833,4.0009,17.4583,11.1278,11.8889,11.2389
3089,-65.5457,-11.8899,0.6454,0.7,0.0347,3.9759,17.4639,11.1306,11.8917,11.2426
3090,-65.4815,-11.8797,0.6453,0.7,0.1042,4.0019,17.4685,11.1333,11.8944,11.2463
3091,-65.747,-11.7606,0.6453,0.7,0.0986,4.0009,17.4741,11.1417,11.8963,11.2537
3092,-65.5465,-11.7056,0.6454,0.7,0.0611,4.0231,17.4796,11.1463,11.8991,11.2611
3093,-65.8885,-11.7119,0.6454,0.7,0.0708,4.0204,17.4843,11.1491,11.9019,11.2639
3094,-65.6074,-11.6284,0.6453,0.7,0.0903,3.9639,17.4898,11.1546,11.9046,11.2694
3095,-65.8873,-11.5404,0.6454,0.7,0.1389,4.0269,17.4944,11.1583,11.9074,11.2741
3096,-65.9361,-11.5157,0.6454,0.7,0.1625,3.9981,17.5,11.1611,11.9093,11.2787
3097,-65.6923,-11.4991,0.6455,0.7,0.2028,3.9963,17.5046,11.1685,11.912,11.287
3098,-65.8077,-11.396,0.6454,0.7,0.1056,4.063,17.5102,11.1713,11.9148,11.2926
3099,-66.1797,-11.3716,0.6454,0.7,0.1486,3.9981,17.5148,11.1731,11.9176,11.2981
3100,-65.8932,-11.3403,0.6455,0.7,0.2097,4.0611,17.5204,11.1787,11.9204,11.3074
3101,-65.8328,-11.235,0.6455,0.7,0.1167,4.013,17.525,11.1833,11.9222,11.3102
3102,-66.2422,-11.1252,0.6456,0.7,0.2111,4.0037,17.5306,11.1907,11.925,11.3204
3103,-65.701,-11.1047,0.6456,0.7,0.1903,4.0093,17.5361,11.2009,11.9278,11.3287
3104,-65.6421,-10.9352,0.6456,0.7,0.2028,3.962,17.5407,11.2028,11.9306,11.3333
3105,-65.1394,-10.8731,0.6456,0.7,0.2653,4.0167,17.5463,11.2056,11.9333,11.3389
3106,-65.1521,-10.8781,0.6457,0.7,0.2944,4.0241,17.5509,11.2157,11.9352,11.3546
3107,-65.0434,-10.7981,0.6458,0.7,0.4792,3.8981,17.5565,11.2194,11.938,11.3574
3108,-64.4879,-10.6635,0.6458,0.7,0.5542,4.0343,17.5611,11.2222,11.9407,11.3611
3109,-63.5596,-10.4989,0.6458,0.7,1.4361,3.9898,17.5667,11.2287,11.9435,11.3676
3110,-63.3361,-10.3502,0.6458,0.7,1.7778,3.9852,17.5713,11.2315,11.9463,11.3731
3111,-63.2575,-10.368,0.6458,0.7,1.4125,3.987,17.5769,11.238,11.9481,11.3815
3112,-62.1413,-10.275,0.6458,0.7,2.2056,3.988,17.5815,11.2481,11.9509,11.3917
3113,-60.348,-10.2253,0.6456,0.7,2.65,3.9954,17.587,11.2537,11.9537,11.3981
3114,-59.1135,-10.2744,0.6455,0.7,2.5972,4.0222,17.5917,11.2602,11.9565,11.4019
3115,-57.7081,-10.4586,0.6454,0.7,2.0694,4.0148,17.5972,11.262,11.9593,11.4074
3116,-57.5098,-10.5139,0.6453,0.7,2.0583,4.0343,17.6019,11.2685,11.9611,11.412
3117,-56.4412,-10.5921,0.6453,0.7,2.1681,4.0176,17.6074,11.2741,11.9639,11.4213
3118,-54.962,-10.794,0.6451,0.7,1.8306,3.938,17.613,11.2759,11.9667,11.4259
3119,-55.2675,-10.9016,0.645,0.7,1.5667,3.9574,17.6176,11.2861,11.9694,11.4343
3120,-54.5619,-11.1554,0.6448,0.7,1.4583,4.0213,17.6231,11.2898,11.9722,11.4398
3121,-55.2658,-11.1456,0.6448,0.7,1.4681,4.0361,17.6278,11.2972,11.9741,11.4463
3122,-55.3554,-11.3648,0.6446,0.7,1.1292,3.9667,17.6333,11.3046,11.9769,11.4519
3123,-55.4499,-11.3646,0.6446,0.7,1.2056,3.9944,17.638,11.3083,11.9796,11.4565
3124,-54.7496,-11.4395,0.6445,0.7,0.9958,3.9352,17.6435,11.3157,11.9824,11.4593
3125,-55.9934,-11.5477,0.6445,0.7,0.9764,3.9778,17.6481,11.3222,11.9852,11.4676
3126,-56.1269,-11.5652,0.6445,0.7,0.8875,3.9806,17.6537,11.3259,11.987,11.4722
3127,-56.1967,-11.6233,0.6445,0.7,0.8583,3.9917,17.6593,11.3333,11.9898,11.4796
3128,-56.851,-11.7837,0.6445,0.7,0.55,4.0306,17.6639,11.3398,11.9926,11.487
3129,-57.0501,-11.7619,0.6445,0.7,0.6,4.0454,17.6694,11.3491,11.9954,11.4954
3130,-57.8001,-11.9282,0.6445,0.7,0.4569,3.9963,17.6741,11.3537,11.9981,11.4991
3131,-58.1044,-12.01,0.6445,0.7,0.3361,4.0185,17.6796,11.3611,12.0,11.5093
3132,-58.555,-12.0998,0.6444,0.7,0.2903,3.9991,17.6843,11.3667,12.0028,11.5157
3133,-58.7771,-12.1161,0.6444,0.7,0.3472,4.0102,17.6898,11.3704,12.0056,11.5222
3134,-59.3267,-12.227,0.6444,0.7,0.2681,3.9963,17.6944,11.3778,12.0083,11.5287
3135,-59.2321,-12.1836,0.6444,0.7,0.2694,4.0657,17.7,11.3815,12.0111,11.5315
3136,-59.6736,-12.1117,0.6444,0.7,0.2903,3.95,17.7046,11.388,12.013,11.5333
3137,-58.7967,-12.1116,0.6445,0.7,0.2625,4.0139,17.7102,11.3926,12.0157,11.5398
3138,-60.0154,-12.1815,0.6445,0.7,0.1972,4.0259,17.7157,11.3981,12.0185,11.5463
3139,-60.5185,-12.2766,0.6446,0.7,0.1722,4.0231,17.7204,11.4037,12.0213,11.55
3140,-60.2762,-12.2981,0.6446,0.7,0.1486,3.9889,17.7259,11.4093,12.0241,11.5602
3141,-60.9583,-12.2954,0.6446,0.7,0.0889,4.0111,17.7306,11.413,12.0259,11.5648
3142,-61.1136,-12.2866,0.6447,0.7,0.1153,3.9833,17.7361,11.425,12.0287,11.5769
3143,-61.7326,-12.3272,0.6447,0.7,0.0736,4.0093,17.7407,11.4306,12.0315,11.5833
3144,-61.9786,-12.3495,0.6447,0.7,0.1083,3.9954,17.7463,11.4417,12.0343,11.5944
3145,-62.0665,-12.3524,0.6448,0.7,0.0944,4.0213,17.7509,11.4491,12.037,11.6019
3146,-62.1845,-12.3393,0.6448,0.7,0.0319,4.0361,17.7565,11.4546,12.0389,11.6074
3147,-62.4628,-12.3382,0.6449,0.7,0.0542,3.9685,17.7611,11.4602,12.0417,11.6167
3148,-62.5763,-12.3547,0.645,0.7,0.0375,4.0139,17.7667,11.4657,12.0444,11.6222
3149,-62.9433,-12.3392,0.645,0.7,0.05,4.0204,17.7722,11.4731,12.0472,11.6352
3150,-62.8717,-12.3233,0.6451,0.7,0.0403,4.0204,17.7769,11.4824,12.05,11.6435
3151,-62.8861,-12.3084,0.6452,0.7,0.0444,3.9806,17.7824,11.4861,12.0519,11.6481
3152,-63.2561,-12.3131,0.6453,0.7,0.0597,4.0111,17.787,11.4898,12.0546,11.6565
3153,-63.5222,-12.3142,0.6454,0.7,0.0278,4.0222,17.7926,11.4944,12.0574,11.6648
3154,-63.7272,-12.2549,0.6455,0.7,0.0792,3.975,17.7972,11.4981,12.0602,11.6713
3155,-63.976,-12.2652,0.6457,0.7,0.0292,3.9759,17.8028,11.5046,12.063,11.675
3156,-63.8733,-12.2619,0.6457,0.7,0.0333,3.9685,17.8074,11.5148,12.0648,11.6824
3157,-64.0306,-12.2124,0.6458,0.7,0.0486,3.9917,17.813,11.5185,12.0676,11.688
3158,-64.1082,-12.1635,0.6459,0.7,0.05,4.0176,17.8176,11.5231,12.0704,11.6926
3159,-64.1506,-12.1848,0.646,0.7,0.0708,4.0444,17.8222,11.5269,12.0731,11.7009
3160,-64.4307,-12.1117,0.646,0.7,0.0639,4.0185,17.8278,11.5361,12.075,11.7074
3161,-64.7089,-12.0952,0.6461,0.7,0.0472,3.9583,17.8324,11.5444,12.0778,11.712
3162,-64.8452,-12.0908,0.6462,0.7,0.0472,3.9611,17.838,11.5481,12.0806,11.7167
3163,-64.7846,-11.992,0.6463,0.7,0.0972,3.9565,17.8426,11.5528,12.0833,11.7231
3164,-65.0249,-11.9397,0.6464,0.7,0.0819,4.0222,17.8481,11.562,12.0852,11.7324
3165,-65.109,-11.8973,0.6465,0.7,0.0458,4.013,17.8528,11.5704,12.088,11.7417
3166,-65.4096,-11.8711,0.6466,0.7,0.0625,4.0111,17.8583,11.5713,12.0907,11.7426
3167,-65.4522,-11.7875,0.6467,0.7,0.0903,4.0324,17.863,11.575,12.0935,11.7481
3168,-65.8287,-11.6769,0.6468,0.7,0.1083,3.9889,17.8676,11.5806,12.0954,11.7556
3169,-65.8225,-11.6268,0.6469,0.7,0.125,3.9583,17.8731,11.5889,12.0981,11.762
3170,-65.9413,-11.5227,0.6469,0.7,0.0861,4.0139,17.8778,11.5991,12.1009,11.7648
3171,-65.6923,-11.3509,0.6469,0.7,0.1583,3.9741,17.8833,11.6019,12.1028,11.7676
3172,-65.8506,-11.2768,0.647,0.7,0.1625,4.0,17.888,11.6074,12.1056,11.7731
3173,-65.7002,-11.2122,0.647,0.7,0.1667,4.0407,17.8926,11.6083,12.1083,11.7787
3174,-65.9143,-11.0921,0.6471,0.7,0.1597,3.9833,17.8981,11.6139,12.1111,11.7861
3175,-65.5281,-10.9984,0.6471,0.7,0.2069,3.9694,17.9028,11.6167,12.113,11.7889
3176,-65.2507,-10.8902,0.6471,0.7,0.2833,3.9824,17.9083,11.6213,12.1157,11.7898
3177,-65.2449,-10.7599,0.6471,0.7,0.3333,3.9815,17.913,11.6259,12.1185,11.7907
3178,-64.7189,-10.7237,0.6471,0.7,0.4278,3.9583,17.9176,11.6315,12.1204,11.7981
3179,-64.7916,-10.5933,0.6472,0.7,0.6389,4.0324,17.9231,11.6324,12.1231,11.8019
3180,-64.081,-10.5346,0.6472,0.7,0.7833,3.9481,17.9278,11.6389,12.1259,11.8074
3181,-63.7887,-10.5149,0.6472,0.7,0.9083,3.9824,17.9333,11.6398,12.1287,11.8102
3182,-63.4787,-10.3771,0.6473,0.7,1.4417,3.9796,17.938,11.6463,12.1306,11.8157
3183,-62.9004,-10.2868,0.6473,0.7,1.9833,3.9815,17.9426,11.6556,12.1333,11.825
3184,-62.528,-10.2546,0.6473,0.7,2.2153,3.9926,17.9481,11.6574,12.1361,11.8306
3185,-61.7877,-10.2939,0.6474,0.7,2.375,4.0009,17.9528,11.6602,12.1389,11.8352
3186,-60.6078,-10.2889,0.6474,0.7,2.4306,3.9917,17.9574,11.6639,12.1407,11.838
3187,-59.4956,-10.3158,0.6474,0.7,2.5139,4.0463,17.963,11.6667,12.1435,11.8398
3188,-58.0269,-10.4133,0.6473,0.7,2.5069,3.9815,17.9676,11.6713,12.1463,11.8454
3189,-56.6471,-10.5713,0.6472,0.7,2.3819,4.0019,17.9731,11.6769,12.1481,11.8491
3190,-56.5716,-10.5274,0.6473,0.7,2.2014,3.988,17.9778,11.6787,12.1509,11.85
3191,-56.1995,-10.7388,0.6472,0.7,2.0431,3.9657,17.9824,11.6852,12.1537,11.8574
3192,-55.9723,-10.8567,0.6472,0.7,1.7931,4.0306,17.988,11.6907,12.1556,11.862
3193,-55.5168,-10.9621,0.6472,0.7,1.5625,4.0019,17.9926,11.6954,12.1583,11.8657
3194,-55.8776,-11.1829,0.6471,0.7,1.3486,3.975,17.9972,11.6991,12.1611,11.8694
3195,-55.2996,-11.4305,0.647,0.7,1.1083,3.9917,18.0028,11.7009,12.1639,11.8731
3196,-56.1647,-11.6437,0.6469,0.7,0.6736,4.0028,18.0074,11.7019,12.1657,11.8769
3197,-56.6847,-11.6848,0.6469,0.7,0.7958,3.9657,18.012,11.7046,12.1685,11.8806
3198,-56.5965,-11.7361,0.647,0.7,0.7222,4.0361,18.0176,11.7065,12.1713,11.8824
3199,-57.4424,-11.8068,0.647,0.7,0.7042,4.038,18.0222,11.7093,12.1731,11.8843
3200,-57.4011,-11.8156,0.6471,0.7,0.6528,4.0491,18.0269,11.7102,12.1759,11.8861
3201,-57.2341,-11.9104,0.6472,0.7,0.4847,4.0009,18.0324,11.7139,12.1787,11.8935
3202,-58.992,-12.0461,0.6472,0.7,0.4403,4.0269,18.037,11.7185,12.1806,11.8981
3203,-59.2454,-12.1209,0.6473,0.7,0.3431,4.0537,18.0417,11.7231,12.1833,11.9019
3204,-58.8495,-12.0685,0.6474,0.7,0.3583,4.0352,18.0463,11.725,12.1861,11.9046
3205,-59.6903,-12.1969,0.6475,0.7,0.2764,4.0287,18.0519,11.7315,12.188,11.9102
3206,-60.5906,-12.2331,0.6476,0.7,0.2181,3.9574,18.0565,11.7324,12.1907,11.9111
3207,-60.4299,-12.2344,0.6477,0.7,0.2417,4.0185,18.0611,11.7343,12.1935,11.9139
3208,-60.6077,-12.2974,0.6477,0.7,0.1375,4.0019,18.0657,11.7352,12.1954,11.9167
3209,-60.7037,-12.3009,0.6478,0.7,0.0819,4.0389,18.0713,11.737,12.1981,11.9185
3210,-61.3509,-12.3182,0.6478,0.7,0.1292,3.9694,18.0759,11.737,12.2,11.9194
3211,-61.7133,-12.3637,0.6479,0.7,0.0861,3.9898,18.0806,11.7407,12.2028,11.9222
3212,-62.1766,-12.3927,0.6479,0.7,0.0736,4.0046,18.0852,11.7426,12.2056,11.9241
3213,-62.1815,-12.3257,0.648,0.7,0.0708,4.0028,18.0907,11.7454,12.2074,11.9269
3214,-62.73,-12.3628,0.6481,0.7,0.0319,3.9926,18.0954,11.75,12.2102,11.9306
3215,-62.8589,-12.3263,0.6481,0.7,0.0444,4.0148,18.1,11.7537,12.213,11.9333
3216,-62.9772,-12.3214,0.6481,0.7,0.0764,4.038,18.1046,11.7574,12.2148,11.9361
3217,-63.3852,-12.296,0.6483,0.7,0.0292,4.0269,18.1102,11.7611,12.2176,11.9389
3218,-63.7053,-12.2862,0.6483,0.7,0.0542,4.0028,18.1148,11.763,12.2204,11.9417
3219,-63.8338,-12.255,0.6483,0.7,0.0222,4.0574,18.1194,11.7667,12.2222,11.9454
3220,-64.1328,-12.1755,0.6485,0.7,0.0819,4.0194,18.1241,11.7685,12.225,11.9463
3221,-64.4124,-12.1912,0.6485,0.7,0.0514,3.9556,18.1287,11.7713,12.2269,11.9481
3222,-64.646,-12.153,0.6486,0.7,0.0542,3.9778,18.1343,11.775,12.2296,11.9509
3223,-64.6774,-12.0745,0.6486,0.7,0.0722,4.0685,18.1389,11.775,12.2324,11.9528
3224,-64.7926,-12.0825,0.6487,0.7,0.0444,4.0,18.1435,11.7806,12.2343,11.9537
3225,-65.0506,-12.0446,0.6487,0.7,0.0708,4.0009,18.1481,11.7815,12.237,11.9546
3226,-64.9713,-11.9909,0.6488,0.7,0.0625,3.9694,18.1528,11.7843,12.2398,11.9546
3227,-65.1983,-11.8798,0.6489,0.7,0.1125,4.0731,18.1583,11.788,12.2417,11.9583
3228,-65.5002,-11.8855,0.649,0.7,0.0847,3.9981,18.163,11.7889,12.2444,11.9593
3229,-65.2865,-11.775,0.6491,0.7,0.1042,3.9954,18.1676,11.7898,12.2463,11.9593
3230,-65.6508,-11.7017,0.6492,0.7,0.0806,3.9741,18.1722,11.7907,12.2491,11.9593
3231,-66.0707,-11.5899,0.6493,0.7,0.0944,3.9787,18.1769,11.7917,12.2519,11.9602
3232,-65.9419,-11.4758,0.6493,0.7,0.1361,3.988,18.1815,11.7917,12.2537,11.9602
3233,-65.8975,-11.4436,0.6493,0.7,0.2319,4.0065,18.187,11.7935,12.2565,11.962
3234,-65.9947,-11.4033,0.6493,0.7,0.1681,3.9898,18.1917,11.7963,12.2583,11.962
3235,-65.7438,-11.2841,0.6494,0.7,0.2333,3.9583,18.1963,11.7963,12.2611,11.962
3236,-65.4955,-11.2194,0.6495,0.7,0.2333,4.0111,18.2009,11.7972,12.2639,11.9648
3237,-65.6429,-11.1157,0.6496,0.7,0.2083,3.9731,18.2056,11.7972,12.2657,11.9657
3238,-65.321,-11.0703,0.6497,0.7,0.2389,3.9824,18.2102,11.7972,12.2685,11.9667
3239,-65.3037,-10.8867,0.6497,0.7,0.2472,4.0481,18.2157,11.7991,12.2704,11.9676
3240,-65.2064,-10.7837,0.6498,0.7,0.2875,4.0352,18.2204,11.8,12.2731,11.9676
3241,-64.4261,-10.6475,0.6499,0.7,0.4042,3.9722,18.225,11.8019,12.2759,11.9685
3242,-63.778,-10.54,0.65,0.7,0.9014,4.0102,18.2296,11.8028,12.2778,11.9694
3243,-63.6575,-10.3428,0.65,0.7,1.4694,3.9769,18.2343,11.8028,12.2806,11.9704
3244,-62.7543,-10.2405,0.65,0.7,2.1875,4.0509,18.2389,11.8028,12.2824,11.9731
3245,-61.4882,-10.2274,0.6499,0.7,2.5347,3.9306,18.2435,11.8028,12.2852,11.9731
3246,-60.6352,-10.2568,0.6499,0.7,2.5319,3.95,18.2491,11.8046,12.287,11.9731
3247,-57.9643,-10.362,0.6498,0.7,2.4056,4.0176,18.2537,11.8056,12.2898,11.9731
3248,-57.9668,-10.4029,0.6498,0.7,2.5014,4.0407,18.2583,11.8065,12.2926,11.9731
3249,-56.8175,-10.4747,0.6498,0.7,2.5056,4.0074,18.263,11.8102,12.2944,11.975
3250,-57.1316,-10.5389,0.6498,0.7,2.3347,4.0139,18.2676,11.8111,12.2972,11.9769
3251,-56.3416,-10.6863,0.6497,0.7,1.9236,3.9778,18.2722,11.8111,12.2991,11.9769
3252,-55.5978,-10.7999,0.6496,0.7,1.7222,4.038,18.2769,11.8111,12.3019,11.9787
3253,-55.5474,-11.1064,0.6494,0.7,1.6597,3.9861,18.2815,11.8111,12.3037,11.9787
3254,-54.7718,-11.387,0.6493,0.7,1.0333,4.0111,18.2861,11.812,12.3065,11.9806
3255,-55.2222,-11.5396,0.6492,0.7,0.9458,3.9491,18.2917,11.812,12.3093,11.9806
3256,-56.573,-11.6309,0.6491,0.7,0.775,4.012,18.2963,11.813,12.3111,11.9806
3257,-56.3404,-11.7377,0.6491,0.7,0.8208,4.0065,18.3009,11.813,12.3139,11.9815
3258,-56.8504,-11.8379,0.649,0.7,0.6444,3.9676,18.3056,11.813,12.3157,11.9815
3259,-58.2655,-11.8898,0.649,0.7,0.4986,3.9769,18.3102,11.813,12.3185,11.9815
3260,-58.7811,-12.0197,0.649,0.7,0.4694,3.9889,18.3148,11.8139,12.3204,11.9824
3261,-58.9964,-12.107,0.649,0.7,0.4153,3.9556,18.3194,11.8148,12.3231,11.9824
3262,-58.9009,-12.1379,0.6489,0.7,0.3528,4.0204,18.3241,11.8157,12.3259,11.9833
3263,-59.8282,-12.2324,0.649,0.7,0.1944,4.0889,18.3287,11.8157,12.3278,11.9833
3264,-59.766,-12.2188,0.649,0.7,0.2556,3.975,18.3343,11.8157,12.3306,11.9833
3265,-59.5616,-12.2052,0.6491,0.7,0.1889,3.9796,18.3389,11.8157,12.3324,11.9833
3266,-60.1258,-12.2536,0.6491,0.7,0.1667,3.9667,18.3435,11.8157,12.3352,11.9833
3267,-60.8229,-12.2909,0.6491,0.7,0.1167,4.0028,18.3481,11.8167,12.337,11.9861
3268,-61.532,-12.3185,0.6492,0.7,0.1097,3.962,18.3528,11.8167,12.3398,11.9861
3269,-61.8461,-12.3432,0.6493,0.7,0.0806,4.0056,18.3574,11.8167,12.3426,11.987
3270,-61.9118,-12.3127,0.6493,0.7,0.1069,3.9944,18.362,11.8176,12.3444,11.987
3271,-62.4558,-12.3687,0.6493,0.7,0.0667,4.013,18.3667,11.8185,12.3472,11.988
3272,-62.6864,-12.3473,0.6493,0.7,0.0556,3.9981,18.3713,11.8194,12.3491,11.988
3273,-63.1228,-12.3641,0.6493,0.7,0.0583,4.0102,18.3769,11.8194,12.3519,11.9889
3274,-63.2462,-12.336,0.6494,0.7,0.0333,3.9639,18.3815,11.8204,12.3537,11.9898
3275,-63.6574,-12.3033,0.6495,0.7,0.0431,4.0037,18.3861,11.8204,12.3565,11.9898
3276,-63.7467,-12.2978,0.6494,0.7,0.0389,3.9806,18.3907,11.8204,12.3593,11.9898
3277,-63.6027,-12.2743,0.6495,0.7,0.0847,4.0444,18.3954,11.8204,12.3611,11.9898
3278,-64.0961,-12.261,0.6496,0.7,0.0403,4.0019,18.4,11.8213,12.3639,11.9907
3279,-64.1608,-12.2629,0.6496,0.7,0.0361,3.9991,18.4046,11.8222,12.3657,11.9917
3280,-64.2778,-12.1829,0.6496,0.7,0.0236,3.9546,18.4093,11.8222,12.3685,11.9917
3281,-64.6788,-12.1287,0.6497,0.7,0.0736,3.9741,18.4139,11.8222,12.3704,11.9917
3282,-64.6477,-12.0626,0.6497,0.7,0.1,3.9796,18.4185,11.8222,12.3731,11.9917
3283,-65.0045,-12.0423,0.6498,0.7,0.0778,3.9972,18.4241,11.8222,12.3759,11.9917
3284,-64.8965,-11.9908,0.6499,0.7,0.0556,4.0315,18.4287,11.8222,12.3778,11.9917
3285,-64.7699,-12.0318,0.65,0.7,0.0694,4.0343,18.4333,11.8222,12.3806,11.9917
3286,-65.0232,-11.9724,0.6501,0.7,0.0542,4.0074,18.438,11.8222,12.3824,11.9917
3287,-65.161,-11.9209,0.6501,0.7,0.0708,4.0019,18.4426,11.8222,12.3852,11.9917
3288,-65.3928,-11.8404,0.6502,0.7,0.1319,3.9954,18.4472,11.8222,12.387,11.9926
3289,-65.7887,-11.7738,0.6502,0.7,0.0611,3.9833,18.4519,11.8222,12.3898,11.9926
3290,-65.8521,-11.652,0.6502,0.7,0.1222,3.9898,18.4565,11.8222,12.3917,11.9926
3291,-65.8322,-11.5747,0.6502,0.7,0.1611,3.9741,18.4611,11.8222,12.3944,11.9926
3292,-65.7506,-11.4301,0.6502,0.7,0.1417,3.9926,18.4657,11.8222,12.3972,11.9926
3293,-65.8502,-11.394,0.6502,0.7,0.1833,3.9843,18.4704,11.8222,12.3991,11.9926
3294,-65.851,-11.2549,0.6503,0.7,0.2431,4.0843,18.475,11.8222,12.4019,11.9926
3295,-66.0501,-11.1987,0.6503,0.7,0.25,3.9509,18.4796,11.8222,12.4037,11.9935
3296,-65.8162,-11.0689,0.6503,0.7,0.175,3.9907,18.4852,11.8222,12.4065,11.9935
3297,-65.3201,-10.9761,0.6503,0.7,0.2667,3.9981,18.4898,11.8222,12.4083,11.9935
3298,-65.428,-10.8397,0.6504,0.7,0.3208,4.0194,18.4944,11.8222,12.4111,11.9935
3299,-64.8666,-10.7355,0.6504,0.7,0.3444,3.9593,18.4991,11.8222,12.413,11.9935
3300,-64.6496,-10.6142,0.6505,0.7,0.6417,4.025,18.5037,11.8231,12.4157,11.9935
3301,-64.0197,-10.4704,0.6505,0.7,0.9569,4.0009,18.5083,11.8231,12.4176,11.9935
3302,-63.6877,-10.3827,0.6506,0.7,1.3931,4.0074,18.513,11.8241,12.4204,11.9935
3303,-62.7139,-10.2322,0.6506,0.7,2.1625,4.038,18.5176,11.8241,12.4231,11.9935
3304,-62.8671,-10.1977,0.6506,0.7,2.1764,3.9843,18.5222,11.825,12.425,11.9935
3305,-61.1382,-10.2846,0.6505,0.7,2.2403,3.987,18.5269,11.825,12.4278,11.9935
3306,-59.9006,-10.2377,0.6504,0.7,2.9389,4.0491,18.5315,11.825,12.4296,11.9935
3307,-59.6848,-10.2218,0.6504,0.7,2.8583,3.9444,18.5361,11.825,12.4324,11.9944
3308,-56.9123,-10.4573,0.6502,0.7,2.55,3.9954,18.5407,11.825,12.4343,11.9944
3309,-55.6866,-10.6033,0.6501,0.7,2.4986,4.0148,18.5463,11.825,12.437,11.9944
3310,-55.7008,-10.6349,0.6501,0.7,2.1097,3.9972,18.5509,11.825,12.4389,11.9944
3311,-56.2632,-10.7503,0.6501,0.7,2.1847,4.0361,18.5556,11.825,12.4417,11.9944
3312,-55.512,-10.9081,0.65,0.7,1.7361,3.9741,18.5602,11.825,12.4444,11.9944
3313,-55.2361,-11.0275,0.6499,0.7,1.6514,4.0194,18.5648,11.8259,12.4463,11.9954
3314,-54.3958,-11.1733,0.6499,0.7,1.5764,4.0315,18.5694,11.8269,12.4491,11.9954
3315,-55.8845,-11.3733,0.6498,0.7,1.2458,4.0204,18.5741,11.8269,12.4509,11.9954
3316,-56.3535,-11.5925,0.6497,0.7,0.9819,4.012,18.5787,11.8278,12.4537,11.9954
3317,-56.2976,-11.7229,0.6496,0.7,0.8014,4.0019,18.5833,11.8278,12.4556,11.9963
3318,-56.6392,-11.8689,0.6495,0.7,0.5153,4.0463,18.588,11.8278,12.4583,11.9963
3319,-57.9106,-12.0103,0.6495,0.7,0.5042,3.9861,18.5926,11.8278,12.4602,11.9963
3320,-58.129,-12.0008,0.6495,0.7,0.4444,3.9602,18.5972,11.8278,12.463,11.9963
3321,-58.2956,-11.9992,0.6496,0.7,0.4375,3.9741,18.6019,11.8278,12.4648,11.9963
3322,-57.5708,-11.9874,0.6497,0.7,0.3861,3.9944,18.6065,11.8278,12.4676,11.9963
3323,-58.7801,-12.0877,0.6497,0.7,0.2944,4.0056,18.6111,11.8278,12.4704,11.9963
3324,-59.6025,-12.164,0.6497,0.7,0.3181,3.9546,18.6157,11.8278,12.4722,11.9963
3325,-60.2949,-12.2233,0.6497,0.7,0.1917,3.9694,18.6204,11.8278,12.475,11.9963
3326,-60.3547,-12.2757,0.6498,0.7,0.1556,3.9222,18.6259,11.8278,12.4769,11.9963
3327,-61.4837,-12.3335,0.6498,0.7,0.0694,3.9139,18.6306,11.8278,12.4796,11.9963
3328,-61.3816,-12.2775,0.6499,0.7,0.1986,3.9833,18.6352,11.8278,12.4815,11.9963
3329,-61.3044,-12.3146,0.6499,0.7,0.1028,4.0417,18.6398,11.8278,12.4843,11.9963
3330,-61.9974,-12.3577,0.6499,0.7,0.0639,3.9796,18.6444,11.8278,12.4861,11.9963
3331,-62.5036,-12.3755,0.6499,0.7,0.0403,4.0037,18.6491,11.8287,12.4889,11.9972
3332,-62.5228,-12.3041,0.6499,0.7,0.0625,3.9806,18.6537,11.8287,12.4907,11.9972
3333,-62.6729,-12.3094,0.65,0.7,0.0681,4.0111,18.6583,11.8287,12.4935,11.9972
3334,-62.7508,-12.3174,0.6501,0.7,0.0472,3.9843,18.663,11.8287,12.4954,11.9972
3335,-63.3107,-12.351,0.6502,0.7,0.0333,4.0148,18.6676,11.8287,12.4981,11.9972
3336,-63.312,-12.3042,0.6503,0.7,0.0361,3.9787,18.6722,11.8287,12.5,11.9972
3337,-63.3947,-12.2836,0.6503,0.7,0.0833,3.9778,18.6769,11.8287,12.5028,11.9972
3338,-63.6704,-12.275,0.6504,0.7,0.0361,4.0231,18.6815,11.8287,12.5046,11.9972
3339,-63.6464,-12.242,0.6504,0.7,0.05,4.0833,18.6861,11.8287,12.5074,11.9972
3340,-64.0236,-12.2549,0.6505,0.7,0.0361,3.9963,18.6907,11.8287,12.5102,11.9972
3341,-64.5285,-12.188,0.6506,0.7,0.0361,3.938,18.6954,11.8287,12.512,11.9981
3342,-64.2986,-12.1589,0.6506,0.7,0.0361,4.012,18.7,11.8287,12.5148,11.9981
3343,-64.5788,-12.123,0.6506,0.7,0.0639,3.9833,18.7046,11.8287,12.5167,11.9981
3344,-64.8121,-12.1175,0.6506,0.7,0.05,3.9574,18.7093,11.8287,12.5194,11.9981
3345,-64.9034,-12.0703,0.6506,0.7,0.0514,3.9981,18.7139,11.8287,12.5213,11.9981
3346,-65.005,-12.0142,0.6506,0.7,0.0556,4.0343,18.7185,11.8287,12.5241,11.9981
3347,-65.0284,-11.9682,0.6506,0.7,0.0889,4.0157,18.7231,11.8287,12.5259,11.9981
3348,-65.1312,-11.8874,0.6507,0.7,0.1014,4.0889,18.7278,11.8287,12.5287,11.9981
3349,-65.486,-11.8445,0.6507,0.7,0.0903,3.9963,18.7324,11.8287,12.5306,11.9981
3350,-65.4788,-11.8376,0.6508,0.7,0.1028,3.9463,18.737,11.8287,12.5333,11.9981
3351,-65.6099,-11.6797,0.6508,0.7,0.1708,4.0333,18.7417,11.8287,12.5352,11.9981
3352,-65.4551,-11.6494,0.6509,0.7,0.1556,3.9602,18.7463,11.8287,12.538,11.9981
3353,-65.8443,-11.5436,0.6509,0.7,0.1694,3.9935,18.7509,11.8287,12.5398,11.9981
3354,-65.6623,-11.4866,0.6509,0.7,0.1639,4.037,18.7556,11.8287,12.5426,11.9981
3355,-65.9479,-11.3622,0.651,0.7,0.2042,4.0389,18.7602,11.8287,12.5444,11.9981
3356,-65.7193,-11.308,0.651,0.7,0.2056,4.0324,18.7648,11.8296,12.5472,11.9981
3357,-65.7191,-11.2271,0.6512,0.7,0.2292,4.0315,18.7694,11.8296,12.5491,11.9981
3358,-65.5106,-11.1868,0.6512,0.7,0.2181,3.9481,18.7741,11.8296,12.5519,11.9981
3359,-65.6143,-11.0012,0.6513,0.7,0.2472,3.9657,18.7787,11.8306,12.5537,11.9991
3360,-65.3171,-10.883,0.6513,0.7,0.2708,4.012,18.7833,11.8306,12.5565,11.9991
3361,-64.9874,-10.7032,0.6513,0.7,0.3847,3.988,18.788,11.8306,12.5583,11.9991
3362,-64.2882,-10.5996,0.6513,0.7,0.5361,4.012,18.7926,11.8315,12.5611,12.0
3363,-63.7892,-10.4507,0.6513,0.7,1.1222,3.9852,18.7972,11.8315,12.563,12.0
3364,-62.9405,-10.3296,0.6513,0.7,1.9694,4.0074,18.8019,11.8315,12.5657,12.0
3365,-62.5467,-10.3704,0.6514,0.7,1.9486,3.9815,18.8065,11.8315,12.5676,12.0
3366,-62.0557,-10.275,0.6514,0.7,2.2889,3.988,18.8111,11.8315,12.5704,12.0009
3367,-60.9605,-10.2333,0.6514,0.7,2.475,4.025,18.8157,11.8315,12.5722,12.0019
3368,-58.5874,-10.3353,0.6513,0.7,2.7361,4.0056,18.8204,11.8315,12.575,12.0019
3369,-55.9491,-10.4606,0.6511,0.7,2.4472,3.9852,18.825,11.8315,12.5769,12.0019
3370,-55.8574,-10.675,0.651,0.7,2.1083,3.9769,18.8296,11.8315,12.5796,12.0019
3371,-54.921,-10.7753,0.651,0.7,2.0694,4.0481,18.8343,11.8315,12.5815,12.0019
3372,-54.8532,-10.9513,0.651,0.7,1.7097,4.0352,18.8389,11.8315,12.5843,12.0019
3373,-55.5117,-11.132,0.6509,0.7,1.4806,4.0083,18.8435,11.8315,12.5861,12.0019
3374,-55.0098,-11.3449,0.6508,0.7,1.2028,3.9944,18.8481,11.8315,12.5889,12.0019
3375,-55.116,-11.473,0.6507,0.7,1.0653,3.9935,18.8528,11.8315,12.5907,12.0028
3376,-56.0665,-11.6538,0.6507,0.7,0.8833,4.0231,18.8574,11.8324,12.5935,12.0028
3377,-56.2218,-11.6818,0.6507,0.7,0.9069,3.9676,18.862,11.8324,12.5954,12.0028
3378,-56.7068,-11.8389,0.6506,0.7,0.7,3.9741,18.8667,11.8333,12.5981,12.0037
3379,-57.6396,-11.8908,0.6505,0.7,0.6875,3.9648,18.8713,11.8333,12.6,12.0037
3380,-57.5756,-11.9892,0.6506,0.7,0.5139,4.0111,18.8759,11.8333,12.6028,12.0037
3381,-58.1306,-12.0794,0.6506,0.7,0.3917,4.075,18.8806,11.8333,12.6046,12.0037
3382,-58.9072,-12.1025,0.6506,0.7,0.4167,4.0481,18.8852,11.8333,12.6074,12.0037
3383,-59.3492,-12.1731,0.6506,0.7,0.1917,4.037,18.8889,11.8333,12.6093,12.0037
3384,-59.6,-12.1749,0.6507,0.7,0.2056,4.0778,18.8935,11.8333,12.612,12.0037
3385,-60.3727,-12.305,0.6507,0.7,0.1403,4.0074,18.8981,11.8333,12.6139,12.0037
3386,-61.0151,-12.2923,0.6507,0.7,0.125,4.0056,18.9028,11.8361,12.6167,12.0065
3387,-61.0876,-12.2748,0.6508,0.7,0.1194,4.0454,18.9074,11.8361,12.6185,12.0065
3388,-61.3895,-12.335,0.6508,0.7,0.1236,4.0204,18.912,11.8361,12.6213,12.0065
3389,-61.6758,-12.3179,0.6508,0.7,0.0556,4.0111,18.9167,11.837,12.6231,12.0074
3390,-62.0515,-12.3517,0.6509,0.7,0.0819,4.0481,18.9213,11.838,12.6259,12.0083
3391,-62.3165,-12.3311,0.6509,0.7,0.0597,4.0306,18.9259,11.838,12.6278,12.0083
3392,-62.4792,-12.3417,0.6509,0.7,0.0583,4.0259,18.9306,11.838,12.6306,12.0093
3393,-62.7998,-12.3336,0.651,0.7,0.0736,3.9778,18.9352,11.838,12.6324,12.0093
3394,-63.2052,-12.3404,0.651,0.7,0.0597,4.0102,18.9398,11.838,12.6352,12.0093
3395,-63.3808,-12.2899,0.651,0.7,0.025,3.962,18.9444,11.838,12.637,12.0093
3396,-63.4251,-12.3048,0.651,0.7,0.0431,3.9963,18.9491,11.838,12.6398,12.0093
3397,-63.8534,-12.2676,0.651,0.7,0.0625,3.9352,18.9537,11.8389,12.6417,12.0093
3398,-63.9809,-12.203,0.6511,0.7,0.0556,3.9722,18.9583,11.8398,12.6444,12.0093
3399,-63.9717,-12.2166,0.6511,0.7,0.0403,3.9759,18.963,11.8407,12.6463,12.0102
3400,-64.2715,-12.1925,0.6512,0.7,0.0667,3.9963,18.9676,11.8407,12.6491,12.0102
3401,-64.5077,-12.1439,0.6512,0.7,0.0778,4.0444,18.9722,11.8407,12.6509,12.0102
3402,-64.7413,-12.094,0.6512,0.7,0.0736,3.9907,18.9759,11.8407,12.6537,12.0102
3403,-65.0027,-12.0766,0.6513,0.7,0.0417,3.9769,18.9806,11.8417,12.6556,12.0111
3404,-64.9334,-11.9983,0.6513,0.7,0.1236,3.9463,18.9852,11.8435,12.6583,12.012
3405,-64.9806,-11.9538,0.6514,0.7,0.1181,4.0444,18.9898,11.8435,12.6602,12.012
3406,-65.3593,-11.9327,0.6513,0.7,0.0694,4.0731,18.9944,11.8463,12.663,12.0139
3407,-65.4457,-11.7853,0.6514,0.7,0.1194,4.0009,18.9991,11.8463,12.6648,12.0139
3408,-65.6532,-11.6925,0.6514,0.7,0.0972,3.9806,19.0037,11.8463,12.6667,12.0139
3409,-65.8053,-11.5861,0.6514,0.7,0.1069,3.9769,19.0083,11.8463,12.6694,12.0139
3410,-65.6541,-11.5502,0.6514,0.7,0.1653,3.9907,19.013,11.8481,12.6713,12.0148
3411,-65.9523,-11.4138,0.6515,0.7,0.2056,4.0343,19.0176,11.8481,12.6741,12.0148
3412,-65.7651,-11.3018,0.6516,0.7,0.2167,3.9972,19.0222,11.8491,12.6759,12.0157
3413,-65.6396,-11.2469,0.6516,0.7,0.1819,3.9852,19.0269,11.85,12.6787,12.0167
3414,-65.8781,-11.1207,0.6516,0.7,0.2917,4.0019,19.0315,11.85,12.6806,12.0167
3415,-65.7375,-11.0353,0.6516,0.7,0.2986,3.9963,19.0361,11.85,12.6833,12.0167
3416,-65.2031,-10.8754,0.6516,0.7,0.2431,4.0074,19.0407,11.8519,12.6852,12.0185
3417,-64.9527,-10.7443,0.6516,0.7,0.3208,3.9917,19.0454,11.8528,12.688,12.0194
3418,-64.7168,-10.625,0.6516,0.7,0.5889,4.0157,19.05,11.8528,12.6898,12.0194
3419,-63.9348,-10.4829,0.6516,0.7,0.9931,4.012,19.0546,11.8528,12.6926,12.0194
3420,-63.4218,-10.4053,0.6516,0.7,1.2806,3.9778,19.0593,11.8546,12.6944,12.0213
3421,-62.6235,-10.2832,0.6516,0.7,2.1861,4.0296,19.0639,11.8546,12.6972,12.0222
3422,-61.6959,-10.2085,0.6515,0.7,2.5333,3.9898,19.0685,11.8556,12.6991,12.0231
3423,-60.6564,-10.2061,0.6515,0.7,2.8014,4.0046,19.0731,11.8574,12.7019,12.0259
3424,-58.9315,-10.2765,0.6513,0.7,2.8056,3.9685,19.0778,11.8574,12.7037,12.0259
3425,-59.1603,-10.2879,0.6513,0.7,2.7181,3.9556,19.0824,11.8583,12.7065,12.0269
3426,-57.7048,-10.3301,0.6512,0.7,2.5444,3.988,19.087,11.8583,12.7083,12.0269
3427,-57.1358,-10.407,0.6511,0.7,2.55,3.9704,19.0917,11.8583,12.7111,12.0269
3428,-56.2205,-10.6375,0.6509,0.7,2.1125,4.0796,19.0954,11.8593,12.713,12.0278
3429,-56.0271,-10.7036,0.6509,0.7,2.0111,4.0565,19.1,11.8611,12.7157,12.0306
3430,-56.5747,-10.8914,0.6508,0.7,1.6778,3.9898,19.1046,11.8611,12.7176,12.0324
3431,-55.2772,-11.1195,0.6507,0.7,1.5653,4.0019,19.1093,11.863,12.7204,12.0343
3432,-55.1632,-11.4443,0.6505,0.7,1.0514,3.9833,19.1139,11.8639,12.7222,12.0352
3433,-55.2099,-11.3741,0.6506,0.7,1.0583,4.0287,19.1185,11.8639,12.725,12.038
3434,-56.2458,-11.6028,0.6505,0.7,0.8819,3.9787,19.1231,11.8648,12.7269,12.0389
3435,-56.2045,-11.5718,0.6506,0.7,0.925,3.9602,19.1278,11.8676,12.7296,12.0407
3436,-56.7182,-11.7834,0.6506,0.7,0.7833,4.0074,19.1324,11.8676,12.7315,12.0417
3437,-57.0802,-11.9071,0.6506,0.7,0.5597,4.0111,19.137,11.8685,12.7343,12.0417
3438,-58.3159,-11.979,0.6506,0.7,0.4514,4.0231,19.1417,11.8694,12.7361,12.0417
3439,-58.5811,-12.1086,0.6505,0.7,0.2944,4.0509,19.1463,11.8704,12.7389,12.0426
3440,-59.1355,-12.1092,0.6505,0.7,0.3319,3.9602,19.1509,11.8722,12.7407,12.0454
3441,-59.703,-12.241,0.6505,0.7,0.2167,3.9852,19.1556,11.8741,12.7435,12.0463
3442,-60.5128,-12.2952,0.6504,0.7,0.1306,4.012,19.1602,11.8741,12.7454,12.0472
3443,-60.7893,-12.3053,0.6504,0.7,0.1208,3.9639,19.1648,11.8741,12.7481,12.0491
3444,-61.4236,-12.324,0.6505,0.7,0.0736,4.0435,19.1694,11.875,12.75,12.0491
3445,-61.631,-12.353,0.6504,0.7,0.0903,3.9389,19.1741,11.8778,12.7528,12.0519
3446,-61.6699,-12.3366,0.6505,0.7,0.0931,4.0231,19.1787,11.8815,12.7546,12.0556
3447,-62.2759,-12.3554,0.6505,0.7,0.0792,3.988,19.1833,11.8833,12.7574,12.0574
3448,-62.6001,-12.3421,0.6505,0.7,0.0389,4.0028,19.188,11.8852,12.7593,12.0602
3449,-62.5923,-12.3645,0.6505,0.7,0.0611,4.0583,19.1926,11.887,12.762,12.062
3450,-62.9806,-12.3781,0.6505,0.7,0.0125,3.987,19.1972,11.8926,12.7639,12.0676
3451,-63.1176,-12.3314,0.6506,0.7,0.0639,3.9806,19.2019,11.8935,12.7667,12.0676
3452,-63.4022,-12.3332,0.6506,0.7,0.0361,3.9796,19.2065,11.8935,12.7685,12.0676
3453,-63.5237,-12.3136,0.6506,0.7,0.0444,3.9861,19.2111,11.8963,12.7713,12.0694
3454,-63.5946,-12.296,0.6506,0.7,0.0361,3.9509,19.2157,11.8972,12.7731,12.0741
3455,-63.5572,-12.2935,0.6507,0.7,0.0486,3.9843,19.2204,11.8981,12.7759,12.0741
3456,-63.8014,-12.2555,0.6507,0.7,0.0333,4.0537,19.225,11.9009,12.7778,12.0759
3457,-64.1105,-12.2381,0.6508,0.7,0.0611,3.9861,19.2296,11.9028,12.7806,12.0778
3458,-64.3509,-12.1756,0.6508,0.7,0.0486,3.9972,19.2343,11.9056,12.7824,12.0787
3459,-64.4835,-12.1701,0.6508,0.7,0.0375,4.0269,19.2389,11.9083,12.7852,12.0824
3460,-64.4138,-12.1175,0.6509,0.7,0.0569,3.9324,19.2435,11.9083,12.787,12.0824
3461,-64.6682,-12.0863,0.6509,0.7,0.125,4.0315,19.2481,11.9102,12.7898,12.0843
3462,-65.1601,-12.0321,0.651,0.7,0.0486,4.0009,19.2528,11.912,12.7917,12.0861
3463,-64.9038,-11.894,0.6511,0.7,0.0472,4.012,19.2574,11.9148,12.7944,12.0889
3464,-65.2325,-11.8568,0.6512,0.7,0.1,4.0306,19.262,11.9157,12.7963,12.0907
3465,-65.6611,-11.7713,0.6513,0.7,0.0972,3.9954,19.2667,11.9167,12.7991,12.0926
3466,-65.6667,-11.6302,0.6512,0.7,0.1181,4.0,19.2713,11.9176,12.8009,12.0935
3467,-65.7517,-11.5508,0.6512,0.7,0.1472,3.9787,19.2759,11.9213,12.8037,12.0972
3468,-65.6399,-11.4672,0.6513,0.7,0.2264,4.0019,19.2806,11.925,12.8056,12.0991
3469,-65.7421,-11.4668,0.6514,0.7,0.1625,4.0528,19.2852,11.9269,12.8083,12.1019
3470,-65.7764,-11.4028,0.6514,0.7,0.2361,4.0407,19.2898,11.9287,12.8102,12.1037
3471,-66.0331,-11.3034,0.6515,0.7,0.2097,3.9889,19.2944,11.9287,12.813,12.1056
3472,-65.6277,-11.2579,0.6515,0.7,0.1986,3.9852,19.2981,11.9306,12.8148,12.1083
3473,-65.1834,-11.0427,0.6516,0.7,0.2444,4.0315,19.3028,11.9333,12.8176,12.113
3474,-65.5151,-10.9569,0.6517,0.7,0.2861,3.9944,19.3074,11.9343,12.8194,12.1148
3475,-64.8209,-10.7314,0.6517,0.7,0.2528,3.9407,19.312,11.9398,12.8222,12.1185
3476,-64.1017,-10.6608,0.6518,0.7,0.4972,4.0287,19.3167,11.9435,12.8241,12.1222
3477,-63.4633,-10.5716,0.6519,0.7,0.7708,4.0287,19.3213,11.9454,12.8269,12.1259
3478,-63.5618,-10.4234,0.652,0.7,1.4625,4.0046,19.3259,11.9519,12.8287,12.1315
3479,-62.1493,-10.2882,0.652,0.7,2.1097,4.0407,19.3306,11.9565,12.8315,12.137
3480,-62.3044,-10.2616,0.6521,0.7,2.3708,4.0204,19.3352,11.963,12.8333,12.1435
3481,-62.2637,-10.191,0.6522,0.7,2.225,3.9861,19.3398,11.9648,12.8361,12.1463
3482,-61.5191,-10.2587,0.6522,0.7,2.3792,4.0389,19.3444,11.9667,12.838,12.1491
3483,-58.773,-10.2905,0.6521,0.7,2.6986,4.0074,19.3491,11.9741,12.8407,12.1574
3484,-57.5782,-10.3956,0.6521,0.7,2.6014,3.9722,19.3537,11.9769,12.8426,12.1602
3485,-56.3732,-10.6356,0.6519,0.7,2.0056,4.0148,19.3583,11.9815,12.8454,12.1639
3486,-54.8432,-10.8689,0.6517,0.7,1.9458,3.9861,19.362,11.987,12.8472,12.1694
3487,-55.3371,-11.0847,0.6517,0.7,1.4319,3.9787,19.3667,11.9898,12.85,12.1713
3488,-55.7857,-11.2033,0.6517,0.7,1.5042,4.0148,19.3713,11.9917,12.8519,12.1759
3489,-56.098,-11.3866,0.6517,0.7,0.9972,4.0056,19.3759,11.9954,12.8537,12.1806
3490,-56.4565,-11.4988,0.6517,0.7,1.1069,4.0176,19.3806,11.9981,12.8565,12.1824
3491,-56.5831,-11.7025,0.6517,0.7,1.0111,4.0222,19.3852,12.0028,12.8583,12.1898
3492,-57.3305,-11.8495,0.6517,0.7,0.6889,3.9667,19.3898,12.0074,12.8611,12.1963
3493,-57.4392,-11.9208,0.6517,0.7,0.4764,3.9917,19.3944,12.012,12.863,12.2
3494,-58.6413,-12.051,0.6517,0.7,0.3667,4.0111,19.3981,12.0139,12.8657,12.2037
3495,-59.6838,-12.1472,0.6518,0.7,0.3222,3.9657,19.4028,12.0167,12.8676,12.2083
3496,-60.0333,-12.2023,0.6519,0.7,0.2389,4.0315,19.4074,12.0194,12.8694,12.212
3497,-60.3745,-12.2152,0.6519,0.7,0.1819,4.0333,19.412,12.0241,12.8722,12.2148
3498,-60.9706,-12.258,0.652,0.7,0.1986,4.012,19.4167,12.025,12.8741,12.2176
3499,-61.4227,-12.3146,0.6521,0.7,0.1403,3.9806,19.4213,12.0315,12.8769,12.2213
3500,-61.5491,-12.3109,0.6521,0.7,0.1181,4.0083,19.425,12.0333,12.8787,12.2241
3501,-62.1951,-12.3678,0.6521,0.7,0.0931,3.9741,19.4296,12.0389,12.8815,12.2259
3502,-62.5437,-12.3676,0.6522,0.7,0.0403,4.0139,19.4343,12.0407,12.8833,12.2269
3503,-62.7272,-12.3174,0.6523,0.7,0.0458,3.9602,19.4389,12.0417,12.8852,12.2287
3504,-62.9812,-12.3605,0.6523,0.7,0.0431,3.9713,19.4435,12.0435,12.888,12.2315
3505,-62.9923,-12.324,0.6523,0.7,0.0236,4.0019,19.4481,12.0509,12.8898,12.2361
3506,-63.3817,-12.3354,0.6524,0.7,0.0444,4.0019,19.4519,12.0556,12.8926,12.2407
3507,-63.3128,-12.2652,0.6525,0.7,0.0444,3.9713,19.4565,12.062,12.8944,12.2463
3508,-63.7731,-12.2594,0.6525,0.7,0.0472,4.0074,19.4611,12.0676,12.8963,12.2491
3509,-64.1611,-12.1927,0.6526,0.7,0.0472,4.0111,19.4657,12.0759,12.8991,12.2565
3510,-64.5454,-12.1596,0.6526,0.7,0.0347,4.0176,19.4704,12.0815,12.9009,12.262
3511,-64.7905,-12.0841,0.6527,0.7,0.0583,4.0472,19.4741,12.0833,12.9037,12.2657
3512,-64.7199,-12.082,0.6527,0.7,0.0583,4.0241,19.4787,12.087,12.9056,12.2694
3513,-64.7558,-12.0663,0.6527,0.7,0.0458,3.975,19.4833,12.0889,12.9083,12.275
3514,-64.8729,-11.9704,0.6527,0.7,0.1125,4.0028,19.488,12.0954,12.9102,12.2806
3515,-65.1791,-11.9118,0.6528,0.7,0.0556,3.9528,19.4926,12.1019,12.912,12.288
3516,-65.0266,-11.8686,0.6529,0.7,0.1097,4.0333,19.4963,12.1046,12.9148,12.2907
3517,-65.4402,-11.8462,0.6529,0.7,0.0931,3.9972,19.5009,12.1111,12.9167,12.2972
3518,-65.6423,-11.7414,0.6531,0.7,0.1556,3.9778,19.5056,12.1194,12.9194,12.3056
3519,-65.7079,-11.6323,0.6531,0.7,0.1181,3.9528,19.5102,12.1278,12.9213,12.3157
3520,-65.5537,-11.5676,0.6533,0.7,0.2444,3.9981,19.5148,12.1324,12.9231,12.3213
3521,-65.9429,-11.4949,0.6533,0.7,0.1528,4.0009,19.5185,12.1352,12.9259,12.3241
3522,-65.8184,-11.4015,0.6534,0.7,0.1653,4.0315,19.5231,12.1417,12.9278,12.3343
3523,-65.7147,-11.2814,0.6534,0.7,0.3389,4.0204,19.5278,12.1491,12.9306,12.3435
3524,-65.5894,-11.1737,0.6535,0.7,0.1611,4.0046,19.5324,12.1509,12.9324,12.3454
3525,-65.3448,-10.9931,0.6537,0.7,0.2958,4.0685,19.5361,12.1556,12.9343,12.35
3526,-64.2784,-10.7867,0.6538,0.7,0.3361,4.025,19.5407,12.1583,12.937,12.3546
3527,-64.0907,-10.6235,0.6538,0.7,0.5139,4.0639,19.5454,12.1611,12.9389,12.3593
3528,-63.6881,-10.4827,0.6539,0.7,1.0944,3.9333,19.55,12.1667,12.9417,12.3639
3529,-63.3806,-10.4022,0.654,0.7,1.5528,3.9991,19.5537,12.175,12.9435,12.3704
3530,-62.9193,-10.2891,0.6541,0.7,2.0736,3.9972,19.5583,12.1778,12.9454,12.3722
3531,-61.7707,-10.303,0.6542,0.7,2.3208,3.9667,19.563,12.1824,12.9481,12.3759
3532,-59.6364,-10.2869,0.6541,0.7,2.7347,4.0361,19.5676,12.188,12.95,12.3806
3533,-57.9426,-10.3497,0.654,0.7,2.6083,3.9935,19.5713,12.1917,12.9519,12.3843
3534,-56.9232,-10.499,0.6539,0.7,2.3542,4.0324,19.5759,12.1954,12.9546,12.3889
3535,-55.4465,-10.7822,0.6538,0.7,2.2208,4.0361,19.5806,12.2009,12.9565,12.3926
3536,-55.515,-10.999,0.6538,0.7,1.6806,3.9454,19.5843,12.2065,12.9583,12.3963
3537,-55.0211,-11.3064,0.6537,0.7,1.3431,3.9611,19.5889,12.2102,12.9611,12.4009
3538,-55.9434,-11.404,0.6538,0.7,1.2181,3.9167,19.5935,12.2157,12.963,12.4065
3539,-56.5084,-11.731,0.6536,0.7,0.8153,4.0231,19.5972,12.2194,12.9648,12.4111
3540,-56.7641,-11.7724,0.6536,0.7,0.6694,4.0176,19.6019,12.2231,12.9676,12.4139
3541,-57.9606,-11.8789,0.6537,0.7,0.5903,3.9907,19.6065,12.2269,12.9694,12.4176
3542,-58.2812,-11.9496,0.6537,0.7,0.5722,3.9694,19.6102,12.2324,12.9713,12.4231
3543,-58.3577,-11.9741,0.6538,0.7,0.3903,4.0167,19.6148,12.238,12.9741,12.4296
3544,-58.9873,-12.1069,0.6538,0.7,0.3431,4.0056,19.6194,12.2463,12.9759,12.4417
3545,-60.0533,-12.2224,0.6539,0.7,0.2264,4.0093,19.6231,12.2528,12.9778,12.45
3546,-60.6899,-12.2832,0.6539,0.7,0.1875,3.9815,19.6278,12.2583,12.9806,12.4537
3547,-61.062,-12.3525,0.6539,0.7,0.0917,4.0,19.6324,12.262,12.9824,12.4593
3548,-61.5359,-12.3506,0.6539,0.7,0.0681,4.0185,19.6361,12.2667,12.9843,12.4648
3549,-61.9922,-12.3077,0.654,0.7,0.0583,3.975,19.6407,12.275,12.987,12.4731
3550,-62.2685,-12.3584,0.6541,0.7,0.0556,3.987,19.6454,12.2815,12.9889,12.4806
3551,-62.4002,-12.3208,0.6542,0.7,0.0847,3.9685,19.6491,12.2944,12.9907,12.487
3552,-62.6289,-12.3295,0.6543,0.7,0.0444,4.0148,19.6537,12.3,12.9935,12.4926
3553,-63.0558,-12.3271,0.6544,0.7,0.0486,4.0093,19.6574,12.3046,12.9954,12.4972
3554,-63.3357,-12.3023,0.6544,0.7,0.0347,4.0194,19.662,12.3102,12.9972,12.4981
3555,-63.6797,-12.2874,0.6545,0.7,0.0125,4.0296,19.6667,12.3176,13.0,12.5056
3556,-63.8471,-12.2547,0.6546,0.7,0.0819,3.9519,19.6704,12.3231,13.0019,12.513
3557,-64.2031,-12.2115,0.6547,0.7,0.0528,4.013,19.675,12.3278,13.0037,12.5204
3558,-64.4954,-12.1694,0.6548,0.7,0.0389,3.9694,19.6787,12.3352,13.0065,12.5278
3559,-64.7118,-12.0903,0.6549,0.7,0.0764,3.9556,19.6833,12.3426,13.0083,12.5343
3560,-64.9153,-12.0417,0.655,0.7,0.1167,4.0167,19.688,12.3519,13.0102,12.5417
3561,-64.7258,-11.9603,0.6551,0.7,0.1097,3.9769,19.6917,12.3611,13.012,12.55
3562,-64.9353,-11.9135,0.6553,0.7,0.1292,3.987,19.6963,12.3694,13.0148,12.5565
3563,-65.0414,-11.8481,0.6554,0.7,0.0903,3.9639,19.7,12.3741,13.0167,12.5602
3564,-65.3843,-11.7044,0.6555,0.7,0.1944,4.0009,19.7046,12.3796,13.0185,12.5676
3565,-65.6128,-11.6834,0.6557,0.7,0.1417,3.9833,19.7083,12.3861,13.0213,12.5731
3566,-65.2707,-11.5844,0.6558,0.7,0.2014,4.0167,19.713,12.3889,13.0231,12.5741
3567,-65.5602,-11.4826,0.6559,0.7,0.2208,4.0157,19.7176,12.3935,13.025,12.5769
3568,-65.714,-11.3652,0.6561,0.7,0.2069,3.9602,19.7213,12.3963,13.0269,12.5796
3569,-65.4566,-11.1973,0.6561,0.7,0.2431,3.9963,19.7259,12.3991,13.0296,12.5843
3570,-65.558,-11.0764,0.6563,0.7,0.1722,4.0472,19.7296,12.4046,13.0315,12.5889
3571,-65.2992,-10.9483,0.6564,0.7,0.3069,4.0,19.7343,12.4093,13.0333,12.5935
3572,-64.857,-10.8104,0.6564,0.7,0.3486,4.0204,19.738,12.4167,13.0352,12.6019
3573,-64.4992,-10.589,0.6565,0.7,0.5194,4.0167,19.7426,12.4231,13.038,12.6083
3574,-63.8337,-10.497,0.6566,0.7,0.9917,3.975,19.7463,12.4296,13.0398,12.6111
3575,-62.8347,-10.3186,0.6566,0.7,1.8319,3.9972,19.75,12.4352,13.0417,12.6185
3576,-61.7873,-10.1976,0.6566,0.7,2.4458,4.0111,19.7546,12.4361,13.0435,12.6222
3577,-60.7755,-10.2085,0.6566,0.7,2.5181,4.0065,19.7583,12.4417,13.0463,12.6278
3578,-59.315,-10.2759,0.6566,0.7,2.7347,4.0056,19.763,12.4435,13.0481,12.6324
3579,-57.2555,-10.4168,0.6564,0.7,2.4333,4.0185,19.7667,12.4472,13.05,12.6389
3580,-55.3719,-10.7673,0.6561,0.7,2.0431,4.0019,19.7713,12.4491,13.0519,12.6417
3581,-54.4428,-11.0045,0.6561,0.7,1.7014,3.9426,19.775,12.4546,13.0546,12.6472
3582,-54.1101,-11.1181,0.6561,0.7,1.6069,3.9861,19.7796,12.4611,13.0565,12.6528
3583,-55.226,-11.302,0.6561,0.7,1.3306,4.037,19.7833,12.4676,13.0583,12.662
3584,-55.6616,-11.4855,0.656,0.7,1.1722,4.0093,19.788,12.4731,13.0602,12.6704
3585,-55.2047,-11.6444,0.656,0.7,0.7944,3.9685,19.7917,12.4778,13.062,12.6741
3586,-57.7294,-11.8704,0.656,0.7,0.5667,4.0139,19.7954,12.4796,13.0648,12.6778
3587,-58.592,-12.0645,0.656,0.7,0.3375,3.925,19.8,12.4815,13.0667,12.6824
3588,-59.1296,-12.0854,0.656,0.7,0.4056,3.9843,19.8037,12.4843,13.0685,12.6852
3589,-59.2761,-12.1073,0.6562,0.7,0.3306,3.9796,19.8083,12.4889,13.0704,12.6898
3590,-60.5408,-12.2486,0.6562,0.7,0.1306,3.9991,19.812,12.4954,13.0731,12.6972
3591,-61.0039,-12.318,0.6563,0.7,0.1056,4.037,19.8167,12.5019,13.075,12.7046
3592,-61.5934,-12.3032,0.6564,0.7,0.1292,3.975,19.8204,12.5046,13.0769,12.7083
3593,-61.7705,-12.3183,0.6564,0.7,0.1056,3.9546,19.8241,12.5083,13.0787,12.7148
3594,-62.6487,-12.3517,0.6565,0.7,0.0319,3.9639,19.8287,12.5102,13.0806,12.7185
3595,-62.8472,-12.333,0.6566,0.7,0.0667,3.9944,19.8324,12.5176,13.0833,12.7241
3596,-63.1016,-12.2946,0.6567,0.7,0.0681,3.9648,19.837,12.5194,13.0852,12.7269
3597,-63.4137,-12.3272,0.6567,0.7,0.0431,4.013,19.8407,12.5278,13.087,12.7287
3598,-63.499,-12.2465,0.6568,0.7,0.0694,4.0028,19.8444,12.5306,13.0889,12.7343
3599,-63.7594,-12.2227,0.6569,0.7,0.0569,4.0333,19.8491,12.5361,13.0907,12.7417
3600,-63.9389,-12.2046,0.657,0.7,0.0542,4.075,19.8528,12.537,13.0926,12.7463
3601,-64.6274,-12.0831,0.6571,0.7,0.0708,3.9787,19.8565,12.5398,13.0954,12.75
3602,-65.004,-12.0347,0.6572,0.7,0.0639,4.0093,19.8611,12.5463,13.0972,12.7574
3603,-64.9901,-11.9704,0.6573,0.7,0.0694,4.013,19.8648,12.5519,13.0991,12.7593
3604,-65.1035,-11.8976,0.6574,0.7,0.1889,4.0046,19.8694,12.5565,13.1009,12.7648
3605,-65.1177,-11.8207,0.6575,0.7,0.1111,4.013,19.8731,12.563,13.1028,12.7713
3606,-65.5039,-11.6855,0.6576,0.7,0.1083,3.9565,19.8769,12.5657,13.1056,12.7778
3607,-65.259,-11.5978,0.6577,0.7,0.1625,3.9963,19.8815,12.5713,13.1074,12.7833
3608,-65.815,-11.566,0.6578,0.7,0.1556,3.975,19.8852,12.5722,13.1093,12.7843
3609,-65.5685,-11.3057,0.6579,0.7,0.2708,4.0065,19.8889,12.5769,13.1111,12.7907
3610,-65.6461,-11.2552,0.658,0.7,0.2542,4.1009,19.8935,12.5787,13.113,12.7926
3611,-65.5961,-11.0574,0.6581,0.7,0.2417,3.9778,19.8972,12.5824,13.1148,12.7963
3612,-65.2881,-10.8909,0.6581,0.7,0.2542,4.0176,19.9009,12.588,13.1176,12.8009
3613,-65.11,-10.763,0.6582,0.7,0.2431,3.9954,19.9046,12.5907,13.1194,12.8074
3614,-64.1895,-10.6207,0.6583,0.7,0.3569,4.0602,19.9093,12.5926,13.1213,12.8093
3615,-64.0348,-10.5554,0.6584,0.7,0.6375,4.0222,19.913,12.5944,13.1231,12.8111
3616,-63.274,-10.3499,0.6585,0.7,1.4611,3.9583,19.9167,12.5963,13.125,12.8139
3617,-62.6203,-10.3177,0.6585,0.7,2.0667,3.9778,19.9213,12.5972,13.1269,12.8139
3618,-61.5801,-10.2398,0.6585,0.7,2.625,4.0176,19.925,12.6019,13.1287,12.8167
3619,-59.2428,-10.2361,0.6585,0.7,2.9056,3.9954,19.9287,12.6056,13.1315,12.8185
3620,-57.1959,-10.438,0.6584,0.7,2.7069,4.0074,19.9333,12.6111,13.1333,12.8259
3621,-55.5772,-10.7618,0.6582,0.7,2.0014,4.05,19.937,12.6185,13.1352,12.8315
3622,-54.89,-11.0708,0.658,0.7,1.6278,3.9843,19.9407,12.6222,13.137,12.8343
3623,-54.9987,-11.3862,0.6579,0.7,1.1931,4.0444,19.9444,12.6278,13.1389,12.8398
3624,-55.7144,-11.5219,0.6578,0.7,1.1625,4.0056,19.9491,12.6306,13.1407,12.8426
3625,-56.532,-11.652,0.6578,0.7,0.85,3.9583,19.9528,12.6324,13.1426,12.8444
3626,-57.2751,-11.8704,0.6578,0.7,0.6389,4.0231,19.9565,12.6352,13.1444,12.8472
3627,-57.6773,-11.918,0.6578,0.7,0.5875,3.962,19.9602,12.637,13.1472,12.8491
3628,-57.9124,-11.983,0.6579,0.7,0.4736,3.9981,19.9648,12.6417,13.1491,12.8574
3629,-59.1703,-12.1026,0.6579,0.7,0.325,4.0398,19.9685,12.6435,13.1509,12.8574
3630,-59.6058,-12.2078,0.6581,0.7,0.2514,3.9917,19.9722,12.6481,13.1528,12.8648
3631,-60.7914,-12.2338,0.6582,0.7,0.1861,4.025,19.9759,12.6509,13.1546,12.8657
3632,-61.0744,-12.2948,0.6583,0.7,0.0944,3.9231,19.9796,12.6556,13.1565,12.8722
3633,-61.8632,-12.317,0.6584,0.7,0.0472,3.9574,19.9843,12.6583,13.1583,12.875
3634,-62.1659,-12.3168,0.6585,0.7,0.0583,3.9917,19.988,12.6583,13.1602,12.8759
3635,-62.4284,-12.3042,0.6587,0.7,0.0681,3.962,19.9917,12.6639,13.162,12.8769
3636,-63.1543,-12.3132,0.6587,0.7,0.0194,4.0259,19.9954,12.6685,13.1648,12.8806
3637,-63.5956,-12.3042,0.6588,0.7,0.0125,3.9935,19.9991,12.6704,13.1667,12.8824
3638,-63.8404,-12.2409,0.6589,0.7,0.0486,3.9435,20.0037,12.6731,13.1685,12.8861
3639,-64.1453,-12.168,0.659,0.7,0.1264,4.0444,20.0074,12.6741,13.1704,12.888
3640,-64.2279,-12.1856,0.659,0.7,0.0319,3.9944,20.0111,12.6759,13.1722,12.8917
3641,-64.4344,-12.1052,0.6592,0.7,0.0875,3.9648,20.0148,12.6769,13.1741,12.8935
3642,-64.6858,-12.0391,0.6593,0.7,0.1056,3.9796,20.0185,12.6787,13.1759,12.8954
3643,-65.104,-11.9891,0.6594,0.7,0.0667,4.0213,20.0222,12.6796,13.1778,12.8963
3644,-65.1289,-11.91,0.6594,0.7,0.1042,4.0315,20.0269,12.6796,13.1796,12.8972
3645,-65.4547,-11.8266,0.6595,0.7,0.0556,3.962,20.0306,12.6824,13.1815,12.8991
3646,-65.6292,-11.7211,0.6596,0.7,0.0917,4.012,20.0343,12.6824,13.1833,12.8991
3647,-65.5747,-11.6301,0.6596,0.7,0.175,3.9787,20.038,12.6824,13.1852,12.8991
3648,-65.7437,-11.4983,0.6597,0.7,0.1875,3.9759,20.0417,12.6843,13.187,12.9
3649,-65.801,-11.2904,0.6597,0.7,0.2597,4.0204,20.0454,12.687,13.1898,12.9037
3650,-65.586,-11.2169,0.6598,0.7,0.275,3.9824,20.0491,12.6889,13.1917,12.9056
3651,-65.5212,-11.1421,0.6598,0.7,0.175,4.0167,20.0537,12.6907,13.1935,12.9065
3652,-65.3983,-10.9203,0.6599,0.7,0.2736,4.0009,20.0574,12.6954,13.1954,12.912
3653,-65.0531,-10.8556,0.66,0.7,0.2597,4.0259,20.0611,12.6963,13.1972,12.9139
3654,-64.4061,-10.707,0.6601,0.7,0.2722,3.9843,20.0648,12.6991,13.1991,12.9167
3655,-63.8036,-10.5753,0.6601,0.7,0.6125,4.012,20.0685,12.7,13.2009,12.9176
3656,-62.893,-10.3787,0.6602,0.7,1.4569,4.0157,20.0722,12.7009,13.2028,12.9185
3657,-61.7231,-10.2198,0.6602,0.7,2.5139,4.0,20.0759,12.7046,13.2046,12.9222
3658,-61.8836,-10.1696,0.6603,0.7,2.5875,4.0204,20.0796,12.7065,13.2065,12.9241
3659,-60.1547,-10.2341,0.6602,0.7,2.8625,3.9704,20.0833,12.7074,13.2083,12.925
3660,-58.0246,-10.3421,0.6602,0.7,2.6639,3.9917,20.088,12.7093,13.2102,12.9269
3661,-56.757,-10.4413,0.6601,0.7,2.7194,3.9241,20.0917,12.7093,13.212,12.9269
3662,-56.2667,-10.6276,0.6601,0.7,2.0806,4.0111,20.0954,12.7102,13.2139,12.9278
3663,-55.6454,-10.8364,0.66,0.7,2.1153,4.0028,20.0991,12.713,13.2157,12.9296
3664,-55.0106,-11.3229,0.6599,0.7,1.3431,3.9806,20.1028,12.7139,13.2176,12.9306
3665,-55.3215,-11.4817,0.6599,0.7,1.1361,3.9907,20.1065,12.7139,13.2194,12.9306
3666,-56.2907,-11.7099,0.6599,0.7,0.8597,3.9759,20.1102,12.7139,13.2213,12.9315
3667,-56.9543,-11.9119,0.6598,0.7,0.5931,3.9843,20.1139,12.7167,13.2231,12.9352
3668,-57.7491,-11.9254,0.66,0.7,0.5306,4.0083,20.1176,12.7194,13.225,12.938
3669,-58.4264,-11.9958,0.6601,0.7,0.4069,4.0065,20.1213,12.7213,13.2269,12.9398
3670,-59.4492,-12.1373,0.6601,0.7,0.2847,3.9981,20.125,12.7231,13.2287,12.9426
3671,-60.1066,-12.2273,0.6602,0.7,0.1944,4.0213,20.1287,12.725,13.2306,12.9435
3672,-60.6369,-12.2521,0.6603,0.7,0.1389,4.0093,20.1324,12.7269,13.2324,12.9454
3673,-61.3191,-12.2829,0.6604,0.7,0.1417,4.0315,20.1361,12.7296,13.2343,12.9472
3674,-61.7254,-12.3055,0.6605,0.7,0.1139,4.0139,20.1398,12.7306,13.2361,12.9481
3675,-61.8328,-12.2825,0.6606,0.7,0.0736,3.9694,20.1435,12.7315,13.238,12.9481
3676,-62.2065,-12.3325,0.6607,0.7,0.05,3.9898,20.1472,12.7343,13.2398,12.9509
3677,-62.6691,-12.3147,0.6608,0.7,0.0486,3.9583,20.1509,12.7343,13.2417,12.9509
3678,-63.2508,-12.2945,0.6609,0.7,0.0319,3.9713,20.1546,12.7352,13.2435,12.9537
3679,-63.5956,-12.2658,0.661,0.7,0.0403,3.9926,20.1583,12.7352,13.2454,12.9537
3680,-64.1098,-12.2336,0.661,0.7,0.0514,4.0074,20.162,12.7361,13.2472,12.9537
3681,-64.2005,-12.1685,0.6611,0.7,0.05,3.963,20.1657,12.7361,13.2491,12.9537
3682,-64.6064,-12.0999,0.6612,0.7,0.0319,4.0157,20.1694,12.7361,13.2509,12.9546
3683,-64.8768,-12.0457,0.6612,0.7,0.0639,3.9667,20.1731,12.7361,13.2528,12.9546
3684,-65.059,-11.9129,0.6613,0.7,0.0986,3.9713,20.1769,12.7361,13.2546,12.9556
3685,-65.6452,-11.7507,0.6614,0.7,0.1083,4.0194,20.1806,12.738,13.2565,12.9556
3686,-65.6314,-11.702,0.6615,0.7,0.1556,3.9852,20.1843,12.7398,13.2583,12.9574
3687,-65.2832,-11.6027,0.6615,0.7,0.1639,3.9741,20.188,12.7407,13.2602,12.9574
3688,-65.7521,-11.4955,0.6616,0.7,0.1889,3.9639,20.1917,12.7417,13.262,12.9593
3689,-65.7089,-11.2791,0.6617,0.7,0.2861,3.988,20.1954,12.7417,13.2639,12.9593
3690,-65.5656,-11.1218,0.6618,0.7,0.325,3.9694,20.1991,12.7417,13.2657,12.9593
3691,-65.4928,-11.0109,0.6619,0.7,0.4333,3.9333,20.2019,12.7426,13.2676,12.9602
3692,-64.885,-10.8958,0.6619,0.7,0.2833,4.0046,20.2056,12.7444,13.2694,12.962
3693,-64.4578,-10.719,0.662,0.7,0.3194,3.963,20.2093,12.7454,13.2713,12.963
3694,-63.7137,-10.4814,0.662,0.7,0.7444,4.0009,20.213,12.7463,13.2731,12.963
3695,-63.2425,-10.3883,0.6621,0.7,1.2736,3.9963,20.2167,12.7472,13.275,12.9639
3696,-61.0804,-10.2152,0.6621,0.7,2.6458,4.0306,20.2204,12.7491,13.2769,12.9657
3697,-61.3921,-10.1925,0.6621,0.7,2.6764,4.0389,20.2241,12.75,13.2787,12.9667
3698,-57.4736,-10.3502,0.6619,0.7,2.9417,3.9778,20.2278,12.75,13.2806,12.9667
3699,-56.3818,-10.4517,0.6618,0.7,2.7458,4.0148,20.2315,12.7509,13.2824,12.9685
3700,-55.8307,-10.7495,0.6617,0.7,1.9556,3.9713,20.2352,12.7509,13.2843,12.9685
3701,-55.3025,-11.1148,0.6615,0.7,1.5917,4.0287,20.2389,12.7519,13.2861,12.9694
3702,-55.2465,-11.3546,0.6614,0.7,1.0625,3.9704,20.2426,12.7528,13.288,12.9704
3703,-55.6254,-11.5688,0.6614,0.7,1.1056,3.987,20.2463,12.7528,13.2889,12.9704
3704,-56.8418,-11.6828,0.6614,0.7,0.8597,4.0083,20.2491,12.7528,13.2907,12.9704
3705,-57.7363,-11.861,0.6614,0.7,0.6361,4.0056,20.2528,12.7528,13.2926,12.9704
3706,-58.4789,-12.0254,0.6613,0.7,0.5222,3.9389,20.2565,12.7537,13.2944,12.9713
3707,-58.6341,-12.0983,0.6613,0.7,0.2875,3.9602,20.2602,12.7546,13.2963,12.9722
3708,-59.7602,-12.192,0.6614,0.7,0.1847,3.9463,20.2639,12.7546,13.2981,12.9722
3709,-61.0314,-12.2955,0.6614,0.7,0.1792,3.9454,20.2676,12.7546,13.3,12.9731
3710,-61.2794,-12.2808,0.6614,0.7,0.1528,3.9231,20.2713,12.7565,13.3019,12.9741
3711,-61.6251,-12.3072,0.6615,0.7,0.0958,3.9694,20.275,12.7565,13.3037,12.9741
3712,-61.8127,-12.2862,0.6616,0.7,0.0708,3.9231,20.2778,12.7583,13.3056,12.975
3713,-62.4279,-12.334,0.6617,0.7,0.0583,3.9889,20.2815,12.7583,13.3074,12.975
3714,-62.7026,-12.3207,0.6618,0.7,0.0611,3.9796,20.2852,12.7583,13.3093,12.975
3715,-63.4352,-12.303,0.6619,0.7,0.0486,4.0074,20.2889,12.7593,13.3111,12.9759
3716,-63.4539,-12.2811,0.6619,0.7,0.0333,4.0444,20.2926,12.7593,13.313,12.9759
3717,-63.768,-12.2374,0.6619,0.7,0.0444,4.0222,20.2963,12.7593,13.3148,12.9769
3718,-63.9299,-12.211,0.662,0.7,0.0347,4.0454,20.3,12.7593,13.3157,12.9769
3719,-64.3675,-12.139,0.6621,0.7,0.05,3.9759,20.3037,12.7602,13.3176,12.9769
3720,-64.1653,-12.1279,0.6622,0.7,0.0528,3.9852,20.3065,12.7611,13.3194,12.9778
3721,-64.7837,-12.0422,0.6623,0.7,0.0444,4.0111,20.3102,12.7611,13.3213,12.9778
3722,-65.0726,-11.9324,0.6624,0.7,0.0694,4.0019,20.3139,12.763,13.3231,12.9787
3723,-65.3092,-11.8198,0.6625,0.7,0.1222,4.0111,20.3176,12.763,13.325,12.9787
3724,-65.4799,-11.7347,0.6626,0.7,0.1181,3.975,20.3213,12.7639,13.3269,12.9796
3725,-65.3302,-11.6263,0.6627,0.7,0.175,4.013,20.325,12.7639,13.3287,12.9796
3726,-65.5879,-11.5387,0.6628,0.7,0.1833,3.9778,20.3278,12.7648,13.3306,12.9796
3727,-65.5209,-11.464,0.6628,0.7,0.2236,4.0083,20.3315,12.7648,13.3324,12.9796
3728,-65.7143,-11.3913,0.663,0.7,0.2139,4.0167,20.3352,12.7657,13.3343,12.9806
3729,-65.9168,-11.2614,0.6631,0.7,0.3278,3.9315,20.3389,12.7657,13.3361,12.9815
3730,-65.5401,-11.0601,0.6632,0.7,0.2181,3.9824,20.3426,12.7657,13.337,12.9815
3731,-65.3321,-10.8939,0.6633,0.7,0.2736,4.0065,20.3463,12.7657,13.3389,12.9824
3732,-64.8949,-10.84,0.6633,0.7,0.3014,3.9972,20.3491,12.7657,13.3407,12.9824
3733,-63.5659,-10.5465,0.6633,0.7,0.6236,4.0398,20.3528,12.7657,13.3426,12.9824
3734,-63.6361,-10.3836,0.6633,0.7,1.3583,3.9407,20.3565,12.7657,13.3444,12.9824
3735,-62.4748,-10.239,0.6633,0.7,2.275,3.9806,20.3602,12.7657,13.3463,12.9824
3736,-61.2819,-10.0944,0.6632,0.7,3.2083,4.0287,20.3639,12.7657,13.3481,12.9824
3737,-60.4421,-10.2021,0.6631,0.7,3.1069,3.9694,20.3667,12.7667,13.35,12.9824
3738,-55.47,-10.5636,0.6628,0.7,2.6333,4.0454,20.3704,12.7685,13.3519,12.9833
3739,-54.8794,-10.7803,0.6626,0.7,1.8264,4.0269,20.3741,12.7685,13.3537,12.9833
3740,-54.6103,-11.0005,0.6625,0.7,1.7458,4.0352,20.3778,12.7694,13.3546,12.9833
3741,-54.9381,-11.1902,0.6624,0.7,1.4639,3.9444,20.3815,12.7704,13.3565,12.9833
3742,-56.117,-11.4234,0.6623,0.7,1.2236,4.0537,20.3843,12.7704,13.3583,12.9833
3743,-56.3685,-11.7373,0.6622,0.7,0.8403,4.0269,20.388,12.7713,13.3602,12.9833
3744,-56.6074,-11.7536,0.6623,0.7,0.8806,3.9889,20.3917,12.7713,13.362,12.9833
3745,-57.4358,-11.8729,0.6622,0.7,0.5083,3.9981,20.3954,12.7713,13.3639,12.9833
3746,-58.2241,-12.002,0.6622,0.7,0.5528,3.963,20.3991,12.7713,13.3657,12.9843
3747,-59.0441,-12.1017,0.6622,0.7,0.4306,4.0046,20.4019,12.7722,13.3676,12.9843
3748,-59.5438,-12.1576,0.6623,0.7,0.3417,3.9694,20.4056,12.7722,13.3694,12.9843
3749,-59.8902,-12.2182,0.6623,0.7,0.1639,4.0815,20.4093,12.7731,13.3704,12.9843
3750,-60.7761,-12.2438,0.6624,0.7,0.1361,3.9815,20.413,12.7731,13.3722,12.9843
3751,-60.9181,-12.2912,0.6624,0.7,0.1625,3.962,20.4167,12.7731,13.3741,12.9843
3752,-61.6991,-12.3037,0.6625,0.7,0.1014,3.988,20.4194,12.7741,13.3759,12.9852
3753,-62.2791,-12.3507,0.6625,0.7,0.1292,3.9537,20.4231,12.7741,13.3778,12.9852
3754,-62.6362,-12.3365,0.6626,0.7,0.0736,4.0481,20.4269,12.7741,13.3796,12.9852
3755,-62.8824,-12.3434,0.6626,0.7,0.0361,4.0,20.4306,12.7741,13.3815,12.9852
3756,-63.3421,-12.2765,0.6627,0.7,0.0569,4.025,20.4333,12.7741,13.3833,12.9852
3757,-63.8983,-12.2611,0.6628,0.7,0.0417,3.963,20.437,12.7741,13.3852,12.9861
3758,-64.2459,-12.2002,0.6628,0.7,0.0153,3.9972,20.4407,12.7741,13.3861,12.9861
3759,-64.4177,-12.1155,0.6629,0.7,0.0514,4.0287,20.4444,12.7741,13.388,12.9861
3760,-64.8099,-12.1047,0.6629,0.7,0.0528,4.0176,20.4481,12.775,13.3898,12.9861
3761,-64.8095,-12.0516,0.663,0.7,0.0806,3.987,20.4509,12.775,13.3917,12.9861
3762,-65.1158,-11.9243,0.6631,0.7,0.0736,4.0037,20.4546,12.775,13.3935,12.9861
3763,-65.3014,-11.8394,0.6632,0.7,0.0917,3.9278,20.4583,12.7769,13.3954,12.988
3764,-65.2721,-11.8181,0.6633,0.7,0.0986,4.0046,20.462,12.7769,13.3972,12.988
3765,-65.1091,-11.7533,0.6635,0.7,0.1292,3.9954,20.4648,12.7769,13.3991,12.988
3766,-65.304,-11.6191,0.6636,0.7,0.1667,4.0056,20.4685,12.7769,13.4,12.988
3767,-65.1351,-11.538,0.6637,0.7,0.2222,3.9991,20.4722,12.7778,13.4019,12.9889
3768,-65.6283,-11.4172,0.6639,0.7,0.2389,4.0176,20.4759,12.7778,13.4037,12.9889
3769,-65.7376,-11.2467,0.664,0.7,0.2694,3.9787,20.4787,12.7787,13.4056,12.9898
3770,-65.4607,-11.1329,0.6641,0.7,0.2875,3.9972,20.4824,12.7787,13.4074,12.9898
3771,-65.0032,-10.9251,0.6642,0.7,0.1806,3.9509,20.4861,12.7796,13.4093,12.9907
3772,-64.4645,-10.7925,0.6642,0.7,0.3681,4.0287,20.4889,12.7796,13.4111,12.9907
3773,-63.9326,-10.613,0.6643,0.7,0.4611,3.988,20.4926,12.7796,13.412,12.9907
3774,-62.7254,-10.3845,0.6643,0.7,1.4111,4.0657,20.4963,12.7796,13.4139,12.9907
3775,-62.158,-10.226,0.6643,0.7,2.2708,4.0139,20.5,12.7796,13.4157,12.9907
3776,-60.0875,-10.1658,0.6643,0.7,3.1819,3.9389,20.5028,12.7796,13.4176,12.9907
3777,-55.9071,-10.3472,0.664,0.7,2.9986,4.0074,20.5065,12.7806,13.4194,12.9917
3778,-54.4699,-10.63,0.6637,0.7,2.4917,4.0194,20.5102,12.7806,13.4213,12.9917
3779,-55.8065,-10.7322,0.6636,0.7,2.2931,3.9352,20.513,12.7806,13.4231,12.9917
3780,-54.6609,-10.9056,0.6636,0.7,1.8028,4.0389,20.5167,12.7815,13.4241,12.9917
3781,-55.5018,-11.249,0.6635,0.7,1.3819,4.012,20.5204,12.7815,13.4259,12.9917
3782,-55.1187,-11.4005,0.6634,0.7,1.0139,4.0019,20.5241,12.7815,13.4278,12.9917
3783,-55.8195,-11.6514,0.6633,0.7,0.8208,4.0074,20.5269,12.7815,13.4296,12.9926
3784,-57.0612,-11.8265,0.6632,0.7,0.55,4.0046,20.5306,12.7815,13.4315,12.9926
3785,-57.6691,-11.9917,0.6633,0.7,0.4931,4.0315,20.5343,12.7815,13.4333,12.9926
3786,-58.5393,-11.9854,0.6634,0.7,0.3875,4.0065,20.537,12.7815,13.4343,12.9926
3787,-59.2309,-12.0973,0.6635,0.7,0.35,4.0046,20.5407,12.7815,13.4361,12.9926
3788,-59.9713,-12.1356,0.6636,0.7,0.3125,4.0065,20.5444,12.7815,13.438,12.9935
3789,-60.0121,-12.158,0.6637,0.7,0.2375,3.9685,20.5472,12.7815,13.4398,12.9935
3790,-60.3857,-12.2498,0.6638,0.7,0.1125,4.0269,20.5509,12.7815,13.4417,12.9935
3791,-61.326,-12.2562,0.664,0.7,0.1347,3.975,20.5546,12.7815,13.4435,12.9935
3792,-61.8042,-12.2644,0.6642,0.7,0.1917,4.0222,20.5574,12.7815,13.4444,12.9935
3793,-62.4329,-12.3164,0.6643,0.7,0.0458,3.9315,20.5611,12.7815,13.4463,12.9935
3794,-62.8308,-12.3317,0.6644,0.7,0.0694,3.9454,20.5639,12.7815,13.4481,12.9935
3795,-62.8984,-12.2898,0.6644,0.7,0.1222,3.9648,20.5676,12.7815,13.45,12.9935
3796,-63.1624,-12.2768,0.6645,0.7,0.0486,3.9611,20.5713,12.7815,13.4519,12.9935
3797,-63.5275,-12.2446,0.6646,0.7,0.0917,4.0157,20.5741,12.7815,13.4528,12.9935
3798,-64.2145,-12.1823,0.6648,0.7,0.0556,3.9685,20.5778,12.7815,13.4546,12.9935
3799,-64.3184,-12.1385,0.6648,0.7,0.0542,3.9704,20.5806,12.7815,13.4565,12.9935
3800,-64.625,-12.0507,0.6649,0.7,0.0972,4.0056,20.5843,12.7824,13.4583,12.9944
3801,-64.746,-11.998,0.665,0.7,0.0833,4.0241,20.588,12.7833,13.4593,12.9963
3802,-64.8309,-11.9452,0.665,0.7,0.1278,4.025,20.5907,12.7843,13.4611,12.9972
3803,-65.3001,-11.7913,0.6651,0.7,0.1069,4.0398,20.5944,12.7843,13.463,12.9972
3804,-65.4784,-11.7126,0.6652,0.7,0.15,3.9778,20.5972,12.7843,13.4648,12.9972
3805,-65.6061,-11.5771,0.6652,0.7,0.1208,4.0111,20.6009,12.7843,13.4667,12.9972
3806,-65.6079,-11.3935,0.6652,0.7,0.2042,4.0028,20.6037,12.7843,13.4676,12.9972
3807,-65.4771,-11.2752,0.6653,0.7,0.1819,4.0657,20.6074,12.7843,13.4694,12.9972
3808,-65.2314,-11.1048,0.6653,0.7,0.3056,4.0056,20.6111,12.7843,13.4713,12.9972
3809,-65.5406,-10.9082,0.6653,0.7,0.2736,4.0231,20.6139,12.7843,13.4731,12.9972
3810,-65.1842,-10.7939,0.6653,0.7,0.2486,4.0157,20.6176,12.7843,13.475,12.9972
3811,-64.0015,-10.6733,0.6653,0.7,0.2736,4.0389,20.6204,12.7852,13.4759,12.9972
3812,-63.3931,-10.5586,0.6654,0.7,0.7375,3.9519,20.6241,12.7852,13.4778,12.9972
3813,-63.1342,-10.4743,0.6655,0.7,1.1458,3.9824,20.6278,12.7852,13.4796,12.9972
3814,-62.1592,-10.1847,0.6655,0.7,2.3042,4.0083,20.6306,12.7852,13.4815,12.9972
3815,-60.511,-10.1856,0.6654,0.7,2.9278,4.0028,20.6343,12.7852,13.4824,12.9972
3816,-58.4417,-10.2816,0.6653,0.7,2.9639,4.0056,20.637,12.7852,13.4843,12.9972
3817,-55.3322,-10.4776,0.6651,0.7,2.6917,3.9269,20.6407,12.7852,13.4861,12.9972
3818,-55.6351,-10.6332,0.665,0.7,2.2028,4.0028,20.6435,12.7852,13.488,12.9972
3819,-55.9265,-11.0311,0.6648,0.7,1.4764,4.0556,20.6472,12.7861,13.4898,12.9981
3820,-54.9583,-11.0781,0.6649,0.7,1.625,3.9787,20.6509,12.7861,13.4907,12.9981
3821,-55.8388,-11.53,0.6646,0.7,0.9347,3.9685,20.6537,12.7861,13.4926,12.9981
3822,-56.6584,-11.7395,0.6645,0.7,0.8819,4.0,20.6574,12.7861,13.4944,12.9981
3823,-57.9366,-11.8564,0.6644,0.7,0.5375,3.9417,20.6602,12.7861,13.4963,12.9981
3824,-58.3787,-12.0649,0.6644,0.7,0.4458,4.0213,20.6639,12.7861,13.4972,12.9981
3825,-58.8538,-12.115,0.6644,0.7,0.2806,3.9926,20.6667,12.787,13.4991,12.9981
3826,-59.1653,-12.1345,0.6644,0.7,0.2847,4.0306,20.6704,12.787,13.5009,12.9981
3827,-60.4438,-12.2125,0.6644,0.7,0.2264,4.0287,20.6741,12.787,13.5028,12.9981
3828,-61.0844,-12.3004,0.6644,0.7,0.1208,4.0435,20.6769,12.787,13.5046,12.9981
3829,-61.6366,-12.2837,0.6644,0.7,0.0542,4.0194,20.6806,12.787,13.5056,12.9981
3830,-61.9966,-12.3254,0.6644,0.7,0.0958,3.9204,20.6833,12.787,13.5074,12.9981
3831,-62.4085,-12.338,0.6645,0.7,0.0264,4.0037,20.687,12.787,13.5093,12.9981
3832,-63.1415,-12.3124,0.6645,0.7,0.0708,4.0269,20.6907,12.787,13.5111,12.9981
3833,-63.5491,-12.2883,0.6645,0.7,0.0458,4.0343,20.6935,12.787,13.513,12.9981
3834,-63.4517,-12.2759,0.6645,0.7,0.0625,4.0444,20.6972,12.787,13.5139,12.9981
3835,-63.7341,-12.2437,0.6646,0.7,0.0444,3.9907,20.7,12.788,13.5157,12.9981
3836,-64.0868,-12.2129,0.6647,0.7,0.0472,4.0037,20.7037,12.788,13.5176,12.9981
3837,-64.2864,-12.1548,0.6647,0.7,0.0375,4.0231,20.7065,12.788,13.5194,12.9981
3838,-64.603,-12.087,0.6648,0.7,0.0514,4.0361,20.7102,12.788,13.5204,12.9981
3839,-64.7428,-12.0307,0.6649,0.7,0.1069,3.9454,20.7139,12.788,13.5222,12.9981
3840,-65.0036,-11.9604,0.6649,0.7,0.0569,4.0426,20.7167,12.788,13.5241,12.9981
3841,-65.152,-11.8618,0.665,0.7,0.1458,4.0176,20.7204,12.788,13.5259,12.9981
3842,-65.4408,-11.6902,0.665,0.7,0.2042,4.0185,20.7231,12.788,13.5278,12.9981
3843,-65.4512,-11.606,0.6651,0.7,0.1264,3.9889,20.7269,12.788,13.5287,12.9981
3844,-65.6893,-11.3904,0.6651,0.7,0.2361,3.9481,20.7306,12.788,13.5306,12.9991
3845,-65.4826,-11.3016,0.6651,0.7,0.3014,3.9704,20.7333,12.788,13.5324,12.9991
3846,-65.3358,-11.1019,0.6651,0.7,0.2111,3.9657,20.737,12.788,13.5343,13.0
3847,-65.2371,-11.0457,0.6652,0.7,0.3222,3.9981,20.7398,12.788,13.5361,13.0
3848,-65.3692,-10.8939,0.6652,0.7,0.3292,3.9667,20.7435,12.7889,13.537,13.0
3849,-64.7983,-10.7619,0.6652,0.7,0.2139,3.9944,20.7472,12.7898,13.5389,13.0
3850,-64.1664,-10.6252,0.6653,0.7,0.3944,4.0259,20.75,12.7898,13.5407,13.0
3851,-63.3619,-10.4929,0.6653,0.7,0.9514,3.9926,20.7537,12.7898,13.5426,13.0009
3852,-62.783,-10.3295,0.6653,0.7,1.8819,4.0593,20.7565,12.7898,13.5444,13.0009
3853,-62.188,-10.1754,0.6654,0.7,2.55,4.0093,20.7602,12.7898,13.5454,13.0009
3854,-59.8971,-10.2391,0.6654,0.7,2.8069,4.0204,20.7639,12.7898,13.5472,13.0009
3855,-56.8026,-10.3738,0.6653,0.7,2.7806,3.9463,20.7667,12.7898,13.5491,13.0009
3856,-56.1148,-10.591,0.6652,0.7,2.2778,3.9769,20.7704,12.7898,13.5509,13.0009
3857,-55.6244,-10.7992,0.665,0.7,2.1917,4.0009,20.7731,12.7898,13.5519,13.0009
3858,-55.2232,-11.0993,0.6648,0.7,1.7889,4.0102,20.7769,12.7907,13.5537,13.0019
3859,-54.6612,-11.3667,0.6647,0.7,1.2958,3.9898,20.7796,12.7907,13.5556,13.0019
3860,-56.2017,-11.6017,0.6646,0.7,0.8194,4.0306,20.7833,12.7907,13.5574,13.0019
3861,-56.8072,-11.7793,0.6645,0.7,0.7097,4.0231,20.787,12.7907,13.5593,13.0019
3862,-57.8877,-11.9047,0.6645,0.7,0.5014,3.9824,20.7898,12.7907,13.5602,13.0019
3863,-58.2878,-11.969,0.6645,0.7,0.4833,4.0574,20.7935,12.7907,13.562,13.0019
3864,-59.4768,-12.1193,0.6645,0.7,0.2458,3.9778,20.7963,12.7907,13.5639,13.0019
3865,-59.8236,-12.2033,0.6645,0.7,0.2375,4.0269,20.8,12.7917,13.5657,13.0028
3866,-60.3696,-12.275,0.6645,0.7,0.15,4.0444,20.8028,12.7917,13.5667,13.0028
3867,-61.1991,-12.2713,0.6645,0.7,0.1722,3.9676,20.8065,12.7917,13.5685,13.0028
3868,-61.5007,-12.2974,0.6646,0.7,0.0958,4.0426,20.8102,12.7917,13.5704,13.0028
3869,-61.693,-12.2742,0.6647,0.7,0.0958,4.0435,20.813,12.7926,13.5722,13.0037
3870,-62.3379,-12.2984,0.6649,0.7,0.0681,3.9685,20.8167,12.7926,13.5741,13.0037
3871,-62.6468,-12.2989,0.6649,0.7,0.1097,3.9722,20.8194,12.7926,13.575,13.0037
3872,-62.986,-12.2993,0.665,0.7,0.0819,4.0176,20.8231,12.7926,13.5769,13.0037
3873,-63.1898,-12.2776,0.665,0.7,0.0208,3.9944,20.8259,12.7926,13.5787,13.0037
3874,-63.5193,-12.2624,0.6652,0.7,0.025,4.0037,20.8296,12.7926,13.5806,13.0037
3875,-63.6114,-12.224,0.6652,0.7,0.0389,4.0185,20.8324,12.7926,13.5815,13.0037
3876,-64.1043,-12.1932,0.6654,0.7,0.0417,4.0148,20.8361,12.7926,13.5833,13.0037
3877,-64.5953,-12.1259,0.6654,0.7,0.0236,3.9917,20.8389,12.7926,13.5852,13.0037
3878,-64.5648,-12.0737,0.6654,0.7,0.0833,4.0546,20.8426,12.7935,13.587,13.0037
3879,-64.5774,-12.0024,0.6656,0.7,0.0708,4.0269,20.8454,12.7944,13.588,13.0037
3880,-65.1693,-11.93,0.6656,0.7,0.0875,3.975,20.8491,12.7944,13.5898,13.0037
3881,-65.1447,-11.8064,0.6657,0.7,0.1306,3.9796,20.8528,12.7944,13.5917,13.0037
3882,-65.7535,-11.705,0.6658,0.7,0.1194,4.0352,20.8556,12.7944,13.5935,13.0037
3883,-65.282,-11.5002,0.6658,0.7,0.2194,3.9991,20.8593,12.7944,13.5944,13.0037
3884,-65.6132,-11.3924,0.666,0.7,0.2486,4.0074,20.862,12.7944,13.5963,13.0037
3885,-65.318,-11.2756,0.666,0.7,0.2819,4.0102,20.8657,12.7954,13.5981,13.0046
3886,-65.4301,-11.1713,0.6661,0.7,0.2514,4.0037,20.8685,12.7954,13.6,13.0046
3887,-65.3619,-10.9659,0.6663,0.7,0.4069,3.9843,20.8722,12.7954,13.6009,13.0046
3888,-64.5707,-10.8613,0.6663,0.7,0.2722,3.9972,20.875,12.7954,13.6028,13.0046
3889,-64.089,-10.6052,0.6663,0.7,0.4264,3.987,20.8787,12.7954,13.6046,13.0046
3890,-63.5424,-10.5336,0.6663,0.7,0.7222,3.9806,20.8815,12.7954,13.6065,13.0056
3891,-62.3368,-10.237,0.6663,0.7,2.1194,4.0389,20.8852,12.7954,13.6074,13.0056
3892,-61.0517,-10.1968,0.6662,0.7,2.8125,4.0852,20.888,12.7963,13.6093,13.0065
3893,-60.3089,-10.2298,0.6662,0.7,2.8458,4.0454,20.8917,12.7963,13.6111,13.0065
3894,-59.3119,-10.3116,0.6661,0.7,2.7528,4.0093,20.8944,12.7963,13.613,13.0065
3895,-56.7156,-10.6044,0.6658,0.7,2.3889,4.0111,20.8981,12.7963,13.6139,13.0065
3896,-55.2327,-10.9219,0.6655,0.7,1.7153,3.9454,20.9009,12.7963,13.6157,13.0065
3897,-54.7473,-11.1132,0.6655,0.7,1.6583,4.0259,20.9046,12.7963,13.6176,13.0074
3898,-55.1915,-11.4549,0.6653,0.7,1.2486,4.0407,20.9074,12.7963,13.6194,13.0074
3899,-56.3023,-11.5287,0.6653,0.7,1.0847,3.9667,20.9111,12.7963,13.6204,13.0074
3900,-56.589,-11.7226,0.6652,0.7,0.8167,4.0435,20.9139,12.7963,13.6222,13.0074
3901,-58.1841,-12.0195,0.6651,0.7,0.4917,3.9546,20.9176,12.7963,13.6241,13.0074
3902,-59.0204,-12.1267,0.665,0.7,0.3903,4.0435,20.9204,12.7963,13.625,13.0074
3903,-59.8829,-12.2184,0.665,0.7,0.2278,3.9731,20.9241,12.7972,13.6269,13.0074
3904,-60.5693,-12.2341,0.665,0.7,0.1792,3.9935,20.9269,12.7972,13.6287,13.0074
3905,-60.6713,-12.232,0.6651,0.7,0.1431,4.0343,20.9306,12.7981,13.6306,13.0083
3906,-61.3015,-12.2917,0.6652,0.7,0.0917,4.0139,20.9333,12.7981,13.6315,13.0083
3907,-61.4625,-12.2848,0.6653,0.7,0.1278,4.0019,20.937,12.7981,13.6333,13.0083
3908,-62.5178,-12.336,0.6654,0.7,0.0361,3.9806,20.9398,12.7981,13.6352,13.0083
3909,-63.0109,-12.3313,0.6654,0.7,0.0458,4.0148,20.9435,12.8,13.637,13.0093
3910,-63.0383,-12.3073,0.6654,0.7,0.0833,3.9602,20.9463,12.8,13.638,13.0093
3911,-63.479,-12.2627,0.6654,0.7,0.0472,4.0148,20.95,12.8,13.6398,13.0093
3912,-63.5176,-12.2191,0.6655,0.7,0.0278,4.0352,20.9528,12.8,13.6417,13.0093
3913,-63.714,-12.2056,0.6656,0.7,0.0917,4.0352,20.9565,12.8,13.6435,13.0102
3914,-64.2306,-12.1275,0.6658,0.7,0.0708,4.0602,20.9593,12.8,13.6444,13.0111
3915,-64.5508,-12.1356,0.6659,0.7,0.0875,4.0287,20.963,12.8009,13.6463,13.0111
3916,-64.572,-12.0261,0.666,0.7,0.1028,3.9704,20.9657,12.8009,13.6481,13.012
3917,-65.0629,-11.9801,0.666,0.7,0.0681,3.9907,20.9694,12.8009,13.65,13.012
3918,-65.0921,-11.901,0.666,0.7,0.1431,4.0074,20.9722,12.8009,13.6509,13.012
3919,-65.4256,-11.7492,0.6662,0.7,0.0681,4.0769,20.975,12.8009,13.6528,13.012
3920,-65.4611,-11.6902,0.6662,0.7,0.1958,3.9574,20.9787,12.8009,13.6546,13.012
3921,-65.7309,-11.5995,0.6662,0.7,0.1819,4.0176,20.9815,12.8019,13.6565,13.012
3922,-65.3722,-11.44,0.6662,0.7,0.2806,3.9722,20.9852,12.8028,13.6574,13.013
3923,-65.3105,-11.2759,0.6664,0.7,0.2833,3.9769,20.988,12.8028,13.6593,13.013
3924,-65.486,-11.1475,0.6665,0.7,0.2569,4.0306,20.9917,12.8037,13.6611,13.0139
3925,-65.5176,-10.9533,0.6666,0.7,0.3417,3.9972,20.9944,12.8037,13.662,13.0139
3926,-65.0562,-10.8015,0.6665,0.7,0.2458,4.0194,20.9981,12.8037,13.6639,13.0148
3927,-64.1539,-10.6071,0.6665,0.7,0.3681,4.0037,21.0009,12.8037,13.6657,13.0148
3928,-63.1546,-10.4702,0.6665,0.7,1.0444,4.0222,21.0046,12.8037,13.6676,13.0148
3929,-62.4487,-10.306,0.6665,0.7,1.9958,3.9972,21.0074,12.8037,13.6685,13.0148
3930,-62.1501,-10.2159,0.6666,0.7,2.7028,3.9231,21.0111,12.8037,13.6704,13.0148
3931,-60.9954,-10.2123,0.6666,0.7,2.7417,3.9861,21.0139,12.8037,13.6722,13.0148
3932,-58.7075,-10.3271,0.6665,0.7,2.7958,4.037,21.0176,12.8065,13.6741,13.0157
3933,-56.6159,-10.4891,0.6663,0.7,2.6125,3.962,21.0204,12.8065,13.675,13.0157
3934,-54.9229,-10.8412,0.666,0.7,1.8292,4.0324,21.0241,12.8065,13.6769,13.0176
3935,-55.2872,-11.0822,0.6659,0.7,1.6306,4.0204,21.0269,12.8065,13.6787,13.0176
3936,-55.5803,-11.4198,0.6658,0.7,1.2389,4.0222,21.0296,12.8065,13.6796,13.0176
3937,-56.3155,-11.7146,0.6656,0.7,0.825,4.05,21.0333,12.8065,13.6815,13.0176
3938,-57.7253,-11.9062,0.6654,0.7,0.6097,4.0,21.0361,12.8065,13.6833,13.0176
3939,-58.3932,-12.0615,0.6653,0.7,0.3306,3.9676,21.0398,12.8065,13.6852,13.0176
3940,-58.7785,-12.1036,0.6653,0.7,0.3861,3.9954,21.0426,12.8074,13.6861,13.0185
3941,-59.9,-12.2137,0.6653,0.7,0.1764,4.0269,21.0463,12.8083,13.688,13.0185
3942,-60.8336,-12.2407,0.6654,0.7,0.1819,3.9713,21.0491,12.8093,13.6898,13.0204
3943,-60.8007,-12.2718,0.6654,0.7,0.1472,3.9657,21.0528,12.8093,13.6917,13.0204
3944,-61.2727,-12.2931,0.6654,0.7,0.1153,3.9944,21.0556,12.8093,13.6926,13.0204
3945,-62.1075,-12.3275,0.6654,0.7,0.0583,4.0148,21.0593,12.8093,13.6944,13.0213
3946,-62.3111,-12.3445,0.6654,0.7,0.0625,4.0287,21.062,12.8102,13.6963,13.0222
3947,-62.64,-12.3306,0.6654,0.7,0.0597,4.0019,21.0657,12.8102,13.6972,13.025
3948,-63.1089,-12.3392,0.6654,0.7,0.0236,3.9926,21.0685,12.812,13.6991,13.0259
3949,-63.3581,-12.3037,0.6655,0.7,0.0736,4.0019,21.0722,12.813,13.7009,13.0269
3950,-63.6742,-12.2799,0.6655,0.7,0.0417,4.0019,21.075,12.813,13.7028,13.0269
3951,-64.1824,-12.1991,0.6655,0.7,0.0611,4.0204,21.0787,12.8157,13.7037,13.0287
3952,-64.605,-12.1466,0.6655,0.7,0.0542,3.988,21.0815,12.8157,13.7056,13.0287
3953,-64.7896,-12.0363,0.6655,0.7,0.0847,3.9685,21.0852,12.8167,13.7074,13.0296
3954,-65.3257,-11.9567,0.6655,0.7,0.0931,3.9519,21.088,12.8176,13.7093,13.0306
3955,-65.3519,-11.8985,0.6655,0.7,0.1167,3.9889,21.0917,12.8176,13.7102,13.0306
3956,-65.4683,-11.7714,0.6656,0.7,0.1403,3.9769,21.0944,12.8176,13.712,13.0306
3957,-65.6602,-11.6419,0.6655,0.7,0.1819,3.987,21.0981,12.8176,13.7139,13.0306
3958,-65.8265,-11.548,0.6655,0.7,0.1319,3.9778,21.1009,12.8176,13.7157,13.0315
3959,-65.7262,-11.3983,0.6655,0.7,0.1528,4.012,21.1046,12.8176,13.7167,13.0315
3960,-65.5176,-11.3723,0.6655,0.7,0.2542,4.0417,21.1074,12.8176,13.7185,13.0315
3961,-65.453,-11.2225,0.6656,0.7,0.2792,3.9935,21.1111,12.8176,13.7204,13.0315
3962,-65.1245,-10.9921,0.6656,0.7,0.2833,3.9454,21.1139,12.8185,13.7222,13.0324
3963,-64.9432,-10.8324,0.6657,0.7,0.2639,4.025,21.1176,12.8185,13.7241,13.0324
3964,-64.6125,-10.709,0.6657,0.7,0.2694,3.9722,21.1213,12.8185,13.725,13.0324
3965,-64.1546,-10.5718,0.6657,0.7,0.5986,3.9926,21.1241,12.8185,13.7269,13.0333
3966,-63.2444,-10.415,0.6657,0.7,1.4111,3.9972,21.1278,12.8185,13.7287,13.0333
3967,-62.3321,-10.2371,0.6657,0.7,2.4139,3.9815,21.1306,12.8194,13.7306,13.0343
3968,-61.3904,-10.1529,0.6657,0.7,2.9792,4.0417,21.1343,12.8204,13.7315,13.0361
3969,-58.2629,-10.2713,0.6655,0.7,2.8125,3.9954,21.137,12.8213,13.7333,13.037
3970,-56.1108,-10.5557,0.6652,0.7,2.4111,3.9954,21.1407,12.8231,13.7352,13.038
3971,-55.0887,-10.8207,0.665,0.7,2.1333,3.9509,21.1435,12.8241,13.737,13.0389
3972,-54.4627,-11.0891,0.665,0.7,1.5972,3.9796,21.1472,12.8259,13.738,13.0398
3973,-56.1443,-11.4209,0.6648,0.7,1.3708,4.0093,21.1509,12.8296,13.7398,13.0426
3974,-57.3526,-11.7533,0.6646,0.7,0.7,4.0083,21.1537,12.8306,13.7417,13.0426
3975,-56.3853,-11.8372,0.6646,0.7,0.6639,3.9806,21.1574,12.8333,13.7435,13.0454
3976,-58.4586,-11.9414,0.6646,0.7,0.5361,4.0509,21.1602,12.8333,13.7454,13.0463
3977,-58.4788,-12.0626,0.6646,0.7,0.3653,3.9991,21.1639,12.8333,13.7463,13.0481
3978,-59.6132,-12.1283,0.6646,0.7,0.2972,4.012,21.1667,12.8361,13.7481,13.0491
3979,-60.1384,-12.198,0.6646,0.7,0.1792,3.9963,21.1704,12.838,13.75,13.05
3980,-60.6957,-12.2516,0.6646,0.7,0.1292,3.9657,21.1741,12.8389,13.7519,13.0528
3981,-60.8302,-12.2878,0.6646,0.7,0.0944,3.975,21.1769,12.8426,13.7528,13.0574
3982,-61.3202,-12.2999,0.6647,0.7,0.1417,3.9731,21.1806,12.8454,13.7546,13.0593
3983,-62.1189,-12.3109,0.6648,0.7,0.1028,3.9843,21.1833,12.8472,13.7565,13.0611
3984,-62.5796,-12.3587,0.6649,0.7,0.0514,3.9704,21.187,12.8491,13.7583,13.062
3985,-63.0284,-12.3408,0.6649,0.7,0.0181,4.0352,21.1898,12.8509,13.7593,13.0648
3986,-63.4157,-12.3291,0.665,0.7,0.0292,4.0231,21.1935,12.8537,13.7611,13.0657
3987,-63.8558,-12.2478,0.665,0.7,0.0806,3.9583,21.1963,12.8556,13.763,13.0667
3988,-63.8424,-12.2205,0.6651,0.7,0.0111,3.9861,21.2,12.8574,13.7648,13.0685
3989,-64.3032,-12.1628,0.6652,0.7,0.0472,3.9833,21.2028,12.8583,13.7667,13.0713
3990,-64.6372,-12.0795,0.6652,0.7,0.0972,4.0148,21.2065,12.8602,13.7676,13.0731
3991,-64.8869,-12.0196,0.6653,0.7,0.0806,3.9722,21.2102,12.863,13.7694,13.075
3992,-65.0362,-11.9504,0.6653,0.7,0.1,3.9917,21.213,12.863,13.7713,13.0759
3993,-65.1291,-11.9475,0.6653,0.7,0.0819,3.9944,21.2167,12.8657,13.7731,13.0787
3994,-65.2734,-11.8137,0.6654,0.7,0.15,4.013,21.2194,12.8676,13.7741,13.0833
3995,-65.6034,-11.7135,0.6654,0.7,0.1139,4.0398,21.2231,12.8694,13.7759,13.0852
3996,-65.5357,-11.5765,0.6655,0.7,0.2236,3.9759,21.2259,12.8704,13.7778,13.0861
3997,-65.5923,-11.3987,0.6655,0.7,0.2472,3.9991,21.2296,12.8731,13.7796,13.088
3998,-65.593,-11.33,0.6656,0.7,0.2306,3.9898,21.2324,12.8731,13.7806,13.088
3999,-65.186,-11.2955,0.6657,0.7,0.3306,3.9963,21.2361,12.8759,13.7824,13.0926
4000,-64.9936,-11.1874,0.6658,0.7,0.3125,4.0222,21.2398,12.8796,13.7843,13.0972
4001,-65.0067,-10.9655,0.6659,0.7,0.3292,4.0333,21.2426,12.8824,13.7861,13.0991
4002,-65.0837,-10.8547,0.666,0.7,0.3097,3.9843,21.2463,12.8852,13.788,13.1019
4003,-64.213,-10.6704,0.6661,0.7,0.3806,3.9806,21.2491,12.8861,13.7889,13.1037
4004,-63.0456,-10.4439,0.6661,0.7,0.9611,4.0185,21.2528,12.8889,13.7907,13.1056
4005,-62.6327,-10.3117,0.6662,0.7,1.9639,3.9704,21.2556,12.8907,13.7926,13.1056
4006,-61.9028,-10.1878,0.6662,0.7,2.6958,3.9787,21.2593,12.8926,13.7944,13.1065
4007,-60.743,-10.2338,0.6662,0.7,2.8403,4.0426,21.262,12.8963,13.7954,13.1093
4008,-58.2822,-10.2575,0.6661,0.7,2.7389,4.0176,21.2657,12.9,13.7972,13.112
4009,-55.8169,-10.5542,0.6659,0.7,2.5028,3.938,21.2685,12.9009,13.7991,13.112
4010,-55.3118,-10.7829,0.6659,0.7,2.0972,3.9917,21.2722,12.9028,13.8,13.112
4011,-54.7485,-11.1029,0.6658,0.7,1.7806,3.9815,21.275,12.9028,13.8019,13.112
4012,-56.0031,-11.4493,0.6655,0.7,1.1833,3.9917,21.2787,12.9056,13.8037,13.1148
4013,-56.7245,-11.6857,0.6655,0.7,0.8625,3.9713,21.2815,12.9056,13.8056,13.1148
4014,-57.7799,-11.8742,0.6654,0.7,0.5083,4.0019,21.2852,12.9083,13.8065,13.1157
4015,-58.3596,-12.06,0.6654,0.7,0.3681,4.0185,21.288,12.9111,13.8083,13.1185
4016,-59.5853,-12.1208,0.6654,0.7,0.3903,4.0222,21.2907,12.913,13.8102,13.1222
4017,-60.1432,-12.2254,0.6654,0.7,0.1944,4.0222,21.2944,12.9139,13.812,13.1231
4018,-60.9975,-12.2448,0.6656,0.7,0.1486,3.9815,21.2972,12.9157,13.813,13.1278
4019,-61.5126,-12.3046,0.6656,0.7,0.0542,4.0463,21.3009,12.9194,13.8148,13.1315
4020,-61.7085,-12.3076,0.6657,0.7,0.0889,4.0481,21.3037,12.9213,13.8167,13.1352
4021,-62.2322,-12.289,0.6658,0.7,0.0861,4.0074,21.3074,12.9222,13.8176,13.1361
4022,-62.5536,-12.2994,0.666,0.7,0.0583,3.9306,21.3102,12.925,13.8194,13.1398
4023,-62.8163,-12.3321,0.666,0.7,0.0542,4.0065,21.3139,12.9269,13.8213,13.1417
4024,-63.4233,-12.266,0.6661,0.7,0.0403,4.0296,21.3167,12.9296,13.8231,13.1454
4025,-63.2154,-12.2679,0.6662,0.7,0.0764,4.0556,21.3204,12.9352,13.8241,13.1509
4026,-63.7955,-12.1842,0.6664,0.7,0.0833,4.0157,21.3231,12.9361,13.8259,13.1537
4027,-64.3663,-12.1471,0.6665,0.7,0.0319,3.9676,21.3259,12.938,13.8278,13.1546
4028,-64.3777,-12.0748,0.6665,0.7,0.0667,4.0213,21.3296,12.9389,13.8287,13.1565
4029,-64.8661,-12.0334,0.6665,0.7,0.0514,4.0185,21.3324,12.9426,13.8306,13.1593
4030,-64.9844,-11.9458,0.6666,0.7,0.1069,4.0611,21.3361,12.9435,13.8324,13.163
4031,-65.2909,-11.8342,0.6666,0.7,0.1014,4.0009,21.3389,12.9481,13.8343,13.1657
4032,-65.5557,-11.7502,0.6667,0.7,0.0667,3.9907,21.3426,12.9509,13.8352,13.1676
4033,-65.3305,-11.5621,0.6667,0.7,0.1944,3.9972,21.3454,12.9519,13.837,13.1676
4034,-65.5514,-11.4525,0.6669,0.7,0.2208,3.9861,21.3481,12.9574,13.8389,13.1704
4035,-65.6701,-11.3445,0.6669,0.7,0.2361,3.9861,21.3519,12.9602,13.8398,13.1704
4036,-65.688,-11.1428,0.6669,0.7,0.2667,3.9176,21.3546,12.962,13.8417,13.1722
4037,-64.989,-10.9786,0.6669,0.7,0.2403,3.9306,21.3583,12.9657,13.8435,13.1759
4038,-64.6843,-10.874,0.667,0.7,0.3097,4.0231,21.3611,12.9685,13.8444,13.1778
4039,-64.3643,-10.6404,0.6671,0.7,0.5069,3.9972,21.3639,12.9694,13.8463,13.1796
4040,-62.7238,-10.4744,0.6672,0.7,1.2028,4.0111,21.3676,12.9694,13.8481,13.1806
4041,-62.1848,-10.3293,0.6673,0.7,1.9056,4.0185,21.3704,12.9731,13.85,13.1852
4042,-60.8672,-10.1598,0.6673,0.7,2.8458,4.0491,21.3741,12.9731,13.8509,13.1852
4043,-58.6299,-10.2675,0.6672,0.7,2.9722,4.0222,21.3769,12.9769,13.8528,13.187
4044,-56.8687,-10.4424,0.667,0.7,2.5875,4.012,21.3796,12.9806,13.8546,13.1926
4045,-56.6079,-10.6139,0.667,0.7,2.1653,4.0074,21.3833,12.9852,13.8556,13.1963
4046,-54.6375,-11.0227,0.6668,0.7,1.7319,4.0204,21.3861,12.988,13.8574,13.1991
4047,-55.7898,-11.3546,0.6666,0.7,1.3736,4.05,21.3898,12.9917,13.8593,13.2009
4048,-56.2915,-11.5977,0.6665,0.7,0.9264,3.9731,21.3926,12.9944,13.8602,13.2065
4049,-57.2241,-11.8633,0.6664,0.7,0.6778,4.0352,21.3954,12.9981,13.862,13.2093
4050,-58.2012,-11.9871,0.6665,0.7,0.5208,4.0222,21.3991,12.9981,13.8639,13.2111
4051,-58.2319,-11.9615,0.6666,0.7,0.4875,4.013,21.4019,13.0009,13.8648,13.212
4052,-58.4793,-12.0585,0.6667,0.7,0.4583,3.9981,21.4046,13.0046,13.8667,13.2139
4053,-59.7406,-12.197,0.6666,0.7,0.275,4.0278,21.4083,13.0056,13.8685,13.2176
4054,-60.7194,-12.2857,0.6666,0.7,0.1208,4.0259,21.4111,13.0093,13.8694,13.2204
4055,-60.8522,-12.2665,0.6667,0.7,0.1292,4.0343,21.4139,13.0148,13.8713,13.2259
4056,-61.8667,-12.3023,0.6668,0.7,0.0556,3.9694,21.4176,13.0204,13.8731,13.2315
4057,-62.2143,-12.3229,0.6668,0.7,0.0806,3.9741,21.4204,13.0269,13.8741,13.2389
4058,-62.6322,-12.2882,0.6669,0.7,0.0875,4.0093,21.4241,13.0296,13.8759,13.2417
4059,-63.1086,-12.2812,0.6671,0.7,0.0778,4.0102,21.4269,13.0343,13.8778,13.2454
4060,-63.5694,-12.3149,0.6671,0.7,0.0236,3.9685,21.4296,13.038,13.8787,13.2481
4061,-63.9319,-12.2391,0.6672,0.7,0.0236,4.0102,21.4333,13.038,13.8806,13.2491
4062,-64.2881,-12.1965,0.6672,0.7,0.0403,4.0269,21.4361,13.0407,13.8824,13.2491
4063,-64.7951,-12.1017,0.6672,0.7,0.0556,3.9694,21.4389,13.0444,13.8833,13.2537
4064,-64.9029,-12.0078,0.6673,0.7,0.0653,4.0222,21.4426,13.0481,13.8852,13.2602
4065,-65.253,-11.9031,0.6674,0.7,0.1083,4.0111,21.4454,13.05,13.887,13.2611
4066,-65.261,-11.8137,0.6674,0.7,0.1139,3.9963,21.4481,13.0519,13.888,13.263
4067,-65.347,-11.6994,0.6676,0.7,0.2042,4.0546,21.4519,13.0556,13.8898,13.2667
4068,-65.6901,-11.54,0.6676,0.7,0.25,4.025,21.4546,13.0667,13.8917,13.2731
4069,-65.5451,-11.4429,0.6677,0.7,0.1722,3.9722,21.4574,13.0704,13.8926,13.275
4070,-65.5014,-11.2926,0.6678,0.7,0.2792,3.9954,21.4611,13.0731,13.8944,13.2778
4071,-65.4042,-11.0875,0.6679,0.7,0.2986,3.9722,21.4639,13.0759,13.8963,13.2815
4072,-65.1295,-10.9124,0.6679,0.7,0.4056,3.963,21.4667,13.0796,13.8972,13.287
4073,-64.8778,-10.7691,0.6679,0.7,0.2278,3.9685,21.4704,13.0833,13.8991,13.2935
4074,-63.0114,-10.4556,0.6679,0.7,0.6111,3.9204,21.4731,13.0852,13.9009,13.2972
4075,-62.8877,-10.4209,0.6679,0.7,1.2486,4.0324,21.4759,13.0852,13.9019,13.2981
4076,-62.4869,-10.3261,0.668,0.7,1.7764,3.9861,21.4796,13.0861,13.9037,13.3
4077,-61.068,-10.2494,0.668,0.7,2.7583,3.9824,21.4824,13.0898,13.9056,13.3028
4078,-58.6365,-10.1982,0.6679,0.7,2.8792,3.9917,21.4852,13.0935,13.9065,13.3056
4079,-56.241,-10.4292,0.6678,0.7,2.8167,4.0667,21.4889,13.0981,13.9083,13.3083
4080,-54.5169,-10.673,0.6676,0.7,2.3139,3.9713,21.4917,13.1009,13.9102,13.313
4081,-54.9702,-11.0639,0.6674,0.7,1.7236,3.9815,21.4944,13.1019,13.9111,13.3157
4082,-55.2732,-11.3424,0.6673,0.7,1.5028,4.0102,21.4972,13.1046,13.913,13.3185
4083,-55.1821,-11.5424,0.6673,0.7,0.9806,4.0176,21.5009,13.1074,13.9139,13.3213
4084,-56.486,-11.754,0.6672,0.7,0.7208,4.0241,21.5037,13.1157,13.9157,13.3241
4085,-57.3836,-11.9607,0.6672,0.7,0.6653,3.9815,21.5065,13.1241,13.9176,13.3315
4086,-58.239,-12.0614,0.6673,0.7,0.4014,3.9787,21.5102,13.1278,13.9185,13.3361
4087,-59.5895,-12.1859,0.6672,0.7,0.2514,4.0389,21.513,13.1324,13.9204,13.3426
4088,-59.8635,-12.2166,0.6673,0.7,0.1972,4.0287,21.5157,13.1352,13.9222,13.3463
4089,-60.6426,-12.2612,0.6674,0.7,0.0986,4.0019,21.5185,13.1398,13.9231,13.35
4090,-61.6511,-12.2816,0.6675,0.7,0.1389,4.0,21.5222,13.1426,13.925,13.3537
4091,-61.9125,-12.3028,0.6677,0.7,0.0486,3.9861,21.525,13.1444,13.9269,13.3546
4092,-62.7643,-12.3101,0.6678,0.7,0.1042,4.0269,21.5278,13.1472,13.9278,13.362
4093,-63.139,-12.3119,0.6679,0.7,0.0722,4.025,21.5315,13.1472,13.9296,13.362
4094,-63.4697,-12.2848,0.668,0.7,0.0333,3.9722,21.5343,13.1491,13.9306,13.363
4095,-63.7719,-12.2402,0.6681,0.7,0.0333,3.9833,21.537,13.1565,13.9324,13.3704
4096,-64.1237,-12.154,0.6683,0.7,0.0389,3.9556,21.5398,13.1593,13.9343,13.375
4097,-64.6101,-12.1255,0.6684,0.7,0.0569,3.9926,21.5426,13.163,13.9352,13.3815
4098,-64.7353,-12.0323,0.6685,0.7,0.0917,4.0296,21.5463,13.1667,13.937,13.3852
4099,-65.3463,-11.911,0.6686,0.7,0.0792,4.0056,21.5491,13.1731,13.938,13.3907
4100,-65.3939,-11.7876,0.6687,0.7,0.0917,3.9731,21.5519,13.1759,13.9398,13.3926
4101,-65.532,-11.6021,0.6688,0.7,0.1958,3.9713,21.5546,13.1806,13.9417,13.3954
4102,-65.523,-11.5288,0.6689,0.7,0.2264,4.0065,21.5583,13.1824,13.9426,13.3954
4103,-65.4991,-11.4133,0.669,0.7,0.1958,4.0074,21.5611,13.187,13.9444,13.4009
4104,-65.5728,-11.2173,0.669,0.7,0.2486,4.0213,21.5639,13.1917,13.9454,13.4028
4105,-65.4085,-11.0842,0.6691,0.7,0.3292,4.0083,21.5667,13.1954,13.9472,13.4074
4106,-64.945,-11.0033,0.6691,0.7,0.4056,4.012,21.5694,13.1981,13.9491,13.4083
4107,-64.3257,-10.7399,0.6692,0.7,0.4236,4.0157,21.5731,13.2009,13.95,13.4111
4108,-64.0721,-10.6487,0.6693,0.7,0.3153,3.9935,21.5759,13.2037,13.9519,13.4167
4109,-63.6052,-10.532,0.6694,0.7,0.7389,3.9898,21.5787,13.2093,13.9528,13.4185
4110,-62.8423,-10.435,0.6695,0.7,1.5042,3.9815,21.5815,13.213,13.9546,13.4204
4111,-61.6454,-10.2326,0.6696,0.7,2.4028,4.0306,21.5843,13.2194,13.9565,13.4259
4112,-59.2759,-10.2162,0.6696,0.7,3.2333,3.9954,21.587,13.2213,13.9574,13.4306
4113,-56.2679,-10.5123,0.6694,0.7,2.6833,3.9731,21.5907,13.2241,13.9593,13.4324
4114,-55.0501,-10.745,0.6693,0.7,2.4097,4.0556,21.5935,13.2269,13.9602,13.4361
4115,-54.7272,-11.0092,0.6691,0.7,1.7417,3.9602,21.5963,13.2306,13.962,13.437
4116,-55.0773,-11.3175,0.669,0.7,1.4611,4.013,21.5991,13.238,13.963,13.4407
4117,-55.7064,-11.537,0.669,0.7,0.9472,4.025,21.6019,13.2407,13.9648,13.4435
4118,-56.5802,-11.7651,0.669,0.7,0.7806,4.0463,21.6046,13.2463,13.9657,13.4472
4119,-57.5956,-11.9645,0.669,0.7,0.5931,3.9491,21.6074,13.2509,13.9676,13.4519
4120,-58.2484,-12.0274,0.669,0.7,0.4903,4.0398,21.6111,13.2565,13.9694,13.4583
4121,-59.1247,-12.1105,0.6691,0.7,0.3,3.9861,21.6139,13.2602,13.9704,13.462
4122,-60.1683,-12.2432,0.6692,0.7,0.2347,4.0231,21.6167,13.263,13.9722,13.4648
4123,-61.3018,-12.2749,0.6693,0.7,0.2083,3.9731,21.6194,13.2685,13.9731,13.4704
4124,-62.0727,-12.3348,0.6693,0.7,0.0653,3.9796,21.6222,13.2694,13.975,13.4731
4125,-62.5655,-12.3056,0.6695,0.7,0.1139,3.9676,21.625,13.2731,13.9759,13.4769
4126,-62.5762,-12.2693,0.6696,0.7,0.0722,3.9667,21.6278,13.2759,13.9778,13.4806
4127,-62.698,-12.289,0.6697,0.7,0.0806,4.0648,21.6306,13.2769,13.9787,13.4815
4128,-62.9892,-12.2696,0.6699,0.7,0.0778,3.9722,21.6333,13.2824,13.9806,13.4861
4129,-64.0324,-12.2481,0.6701,0.7,0.0542,3.9296,21.6361,13.2861,13.9815,13.488
4130,-64.1754,-12.1391,0.6701,0.7,0.1014,3.9417,21.6389,13.288,13.9833,13.4907
4131,-64.6924,-12.1143,0.6702,0.7,0.0694,3.9352,21.6417,13.2898,13.9843,13.4944
4132,-64.897,-11.9999,0.6702,0.7,0.0861,3.9907,21.6444,13.2917,13.9861,13.4944
4133,-64.9203,-11.9048,0.6703,0.7,0.1847,4.012,21.6472,13.2954,13.987,13.4981
4134,-65.3379,-11.8279,0.6704,0.7,0.0806,3.9509,21.65,13.2991,13.9889,13.5019
4135,-65.4564,-11.7581,0.6705,0.7,0.1333,3.9935,21.6528,13.3046,13.9898,13.5093
4136,-65.3933,-11.5882,0.6706,0.7,0.1847,4.0593,21.6556,13.3065,13.9917,13.5111
4137,-65.2483,-11.4376,0.6707,0.7,0.2361,4.0046,21.6593,13.312,13.9926,13.5157
4138,-65.2741,-11.2802,0.6709,0.7,0.3625,3.9546,21.662,13.3139,13.9944,13.5194
4139,-65.2754,-11.095,0.671,0.7,0.4431,3.975,21.6648,13.3185,13.9954,13.5231
4140,-65.0913,-10.9291,0.6711,0.7,0.3153,4.0324,21.6676,13.3213,13.9972,13.525
4141,-64.6919,-10.7361,0.6712,0.7,0.3472,4.012,21.6704,13.3222,13.9981,13.5259
4142,-63.521,-10.548,0.6713,0.7,0.4792,4.0435,21.6731,13.325,14.0,13.5296
4143,-62.8102,-10.4547,0.6713,0.7,1.1403,4.0009,21.6759,13.3278,14.0009,13.5333
4144,-62.0631,-10.2298,0.6714,0.7,2.3222,3.9694,21.6787,13.3324,14.0028,13.538
4145,-58.8191,-10.2067,0.6713,0.7,3.3972,4.0176,21.6815,13.337,14.0037,13.5444
4146,-57.0965,-10.3585,0.6712,0.7,3.1458,3.9657,21.6833,13.3389,14.0056,13.5472
4147,-56.3838,-10.5104,0.6712,0.7,2.4736,3.9954,21.6861,13.3454,14.0065,13.5509
4148,-56.3319,-10.6991,0.6711,0.7,2.1861,4.0407,21.6889,13.3528,14.0083,13.5583
4149,-54.618,-11.2814,0.6708,0.7,1.3125,4.012,21.6917,13.3546,14.0093,13.5611
4150,-56.4869,-11.6922,0.6706,0.7,0.8667,3.988,21.6944,13.3574,14.0111,13.5648
4151,-57.7509,-11.9019,0.6707,0.7,0.4986,3.9787,21.6972,13.3602,14.012,13.5667
4152,-58.6374,-12.0334,0.6708,0.7,0.5028,3.9843,21.7,13.363,14.0139,13.5685
4153,-59.639,-12.2146,0.6708,0.7,0.2722,3.9648,21.7028,13.3657,14.0148,13.5731
4154,-59.9957,-12.2409,0.6709,0.7,0.1361,4.0139,21.7056,13.3667,14.0167,13.575
4155,-61.3736,-12.2665,0.6711,0.7,0.1667,3.9944,21.7083,13.3694,14.0176,13.5796
4156,-61.787,-12.2789,0.6713,0.7,0.15,3.9667,21.7111,13.3704,14.0185,13.5815
4157,-62.4719,-12.2947,0.6714,0.7,0.0611,3.987,21.7139,13.3769,14.0204,13.5852
4158,-63.1107,-12.3139,0.6715,0.7,0.0097,3.988,21.7167,13.3815,14.0213,13.587
4159,-63.2308,-12.2549,0.6716,0.7,0.0528,3.9713,21.7194,13.3843,14.0231,13.5889
4160,-63.6517,-12.2623,0.6716,0.7,0.0875,3.9537,21.7213,13.388,14.0241,13.5926
4161,-63.7148,-12.1574,0.6718,0.7,0.0681,4.0194,21.7241,13.3898,14.0259,13.5963
4162,-64.4132,-12.1235,0.6719,0.7,0.0639,3.9769,21.7269,13.3926,14.0269,13.5981
4163,-64.6398,-12.0088,0.672,0.7,0.1194,3.9731,21.7296,13.3954,14.0278,13.6009
4164,-64.9435,-11.8889,0.6723,0.7,0.1111,4.0241,21.7324,13.4,14.0296,13.6046
4165,-65.2384,-11.7302,0.6724,0.7,0.1056,3.9435,21.7352,13.4037,14.0306,13.6093
4166,-65.1719,-11.6402,0.6726,0.7,0.2708,3.9741,21.738,13.4065,14.0324,13.6148
4167,-65.3213,-11.5756,0.6727,0.7,0.2194,3.9833,21.7398,13.4093,14.0333,13.6185
4168,-65.6585,-11.3332,0.6728,0.7,0.2597,4.0056,21.7426,13.4102,14.0343,13.6222
4169,-65.1604,-11.0853,0.6729,0.7,0.3014,4.0056,21.7454,13.4139,14.0361,13.6296
4170,-65.0318,-10.9467,0.6729,0.7,0.4306,3.9343,21.7481,13.4148,14.037,13.6333
4171,-64.6515,-10.8218,0.673,0.7,0.4014,4.0093,21.7509,13.4213,14.0389,13.638
4172,-63.7108,-10.6437,0.6732,0.7,0.4861,3.9731,21.7528,13.425,14.0398,13.6407
4173,-63.2208,-10.4536,0.6733,0.7,0.8514,3.9556,21.7556,13.4259,14.0407,13.6417
4174,-61.9764,-10.3339,0.6733,0.7,2.0181,4.0037,21.7583,13.4278,14.0426,13.6435
4175,-61.713,-10.1761,0.6734,0.7,2.6278,4.0231,21.7611,13.4306,14.0435,13.6491
4176,-60.7076,-10.1049,0.6734,0.7,2.9167,4.0259,21.7639,13.4315,14.0454,13.65
4177,-57.345,-10.3388,0.6733,0.7,2.9361,3.9833,21.7657,13.4333,14.0463,13.6537
4178,-56.0755,-10.5781,0.6732,0.7,2.6056,3.9944,21.7685,13.4389,14.0472,13.6583
4179,-54.9308,-11.0553,0.6729,0.7,1.8889,4.0417,21.7713,13.4407,14.0491,13.6602
4180,-55.3829,-11.2829,0.6729,0.7,1.5736,4.0157,21.7741,13.4444,14.05,13.6639
4181,-55.8639,-11.6239,0.6727,0.7,1.0125,3.9722,21.7759,13.4509,14.0509,13.6685
4182,-56.7538,-11.7442,0.6727,0.7,0.7292,4.0231,21.7787,13.4537,14.0528,13.6694
4183,-57.8248,-11.9825,0.6728,0.7,0.5819,3.9574,21.7815,13.4565,14.0537,13.6722
4184,-59.0719,-12.1241,0.6728,0.7,0.4458,3.9963,21.7833,13.4593,14.0556,13.6769
4185,-60.5619,-12.2819,0.6728,0.7,0.2111,3.975,21.7861,13.4639,14.0565,13.6824
4186,-61.0372,-12.2539,0.6729,0.7,0.0986,3.9981,21.7889,13.4657,14.0574,13.6852
4187,-61.5397,-12.301,0.6731,0.7,0.0972,4.012,21.7917,13.4667,14.0593,13.687
4188,-61.9679,-12.3303,0.6732,0.7,0.0875,4.0796,21.7935,13.4722,14.0602,13.6926
4189,-61.812,-12.3131,0.6733,0.7,0.0722,3.9704,21.7963,13.4778,14.0611,13.6981
4190,-62.7225,-12.3037,0.6733,0.7,0.0417,3.9352,21.7991,13.4787,14.063,13.6991
4191,-63.3766,-12.2845,0.6734,0.7,0.0597,4.0269,21.8009,13.4806,14.0639,13.7019
4192,-63.4363,-12.281,0.6734,0.7,0.0639,3.9287,21.8037,13.4833,14.0648,13.7028
4193,-63.7832,-12.2208,0.6734,0.7,0.1083,4.0204,21.8065,13.4852,14.0667,13.7046
4194,-63.5729,-12.1643,0.6736,0.7,0.0583,4.025,21.8083,13.4907,14.0676,13.7102
4195,-64.076,-12.1221,0.6738,0.7,0.0681,4.0417,21.8111,13.4954,14.0685,13.7139
4196,-64.1853,-12.0861,0.674,0.7,0.0764,4.0157,21.8139,13.5,14.0704,13.7194
4197,-64.3549,-12.0612,0.6741,0.7,0.1292,3.9843,21.8157,13.5028,14.0713,13.7222
4198,-64.7985,-11.9168,0.6743,0.7,0.1069,3.9787,21.8185,13.5046,14.0722,13.7241
4199,-64.7344,-11.9222,0.6745,0.7,0.1389,3.963,21.8213,13.5093,14.0741,13.7278
4200,-64.8178,-11.8605,0.6747,0.7,0.0972,3.988,21.8231,13.5157,14.075,13.7315
4201,-65.1445,-11.7276,0.675,0.7,0.1639,4.0028,21.8259,13.5157,14.0759,13.7324
4202,-65.3506,-11.7027,0.6751,0.7,0.1208,3.9519,21.8287,13.5194,14.0769,13.7389
4203,-65.1316,-11.5622,0.6753,0.7,0.3014,3.9713,21.8306,13.5194,14.0787,13.7389
4204,-65.3456,-11.4636,0.6755,0.7,0.1708,3.9435,21.8333,13.5204,14.0796,13.7407
4205,-65.3951,-11.2767,0.6756,0.7,0.3181,4.0333,21.8352,13.5231,14.0806,13.7444
4206,-64.5736,-11.0796,0.6757,0.7,0.3931,4.038,21.838,13.5287,14.0815,13.7454
4207,-64.7351,-10.9494,0.6759,0.7,0.3972,3.988,21.8398,13.5306,14.0833,13.7491
4208,-64.195,-10.7263,0.676,0.7,0.5069,3.9657,21.8426,13.5324,14.0843,13.7528
4209,-63.0166,-10.5228,0.676,0.7,0.5958,3.9981,21.8444,13.5333,14.0852,13.7546
4210,-61.8972,-10.2859,0.6762,0.7,1.9847,3.9981,21.8472,13.5352,14.0861,13.7565
4211,-60.5576,-10.1173,0.6762,0.7,2.9611,4.0139,21.8491,13.5389,14.088,13.7574
4212,-58.1324,-10.2132,0.676,0.7,3.1639,3.9852,21.8519,13.5398,14.0889,13.7611
4213,-56.6103,-10.3629,0.676,0.7,3.0167,3.9898,21.8537,13.5407,14.0898,13.762
4214,-53.9153,-10.8063,0.6757,0.7,1.9931,4.0037,21.8565,13.5435,14.0907,13.7648
4215,-54.816,-11.0887,0.6756,0.7,1.6389,4.0111,21.8583,13.5472,14.0926,13.7694
4216,-55.7497,-11.4347,0.6755,0.7,1.2319,4.0509,21.8611,13.5491,14.0935,13.7722
4217,-56.5726,-11.609,0.6755,0.7,0.9347,3.9685,21.863,13.55,14.0944,13.7741
4218,-57.4817,-11.788,0.6756,0.7,0.6556,4.0139,21.8648,13.5509,14.0954,13.775
4219,-58.1442,-12.0037,0.6757,0.7,0.4875,4.0324,21.8676,13.5528,14.0963,13.7769
4220,-59.4127,-12.0778,0.6758,0.7,0.4292,3.9435,21.8694,13.5556,14.0981,13.7778
4221,-60.2829,-12.2145,0.6759,0.7,0.2375,4.0139,21.8722,13.5583,14.0991,13.7787
4222,-60.9791,-12.2613,0.676,0.7,0.175,3.9556,21.8741,13.5593,14.1,13.7796
4223,-61.7313,-12.2839,0.6761,0.7,0.0986,4.0324,21.8769,13.5639,14.1009,13.7843
4224,-62.5301,-12.2875,0.6762,0.7,0.0708,3.9324,21.8787,13.5667,14.1019,13.7852
4225,-62.7394,-12.295,0.6764,0.7,0.05,3.9833,21.8806,13.5685,14.1037,13.7861
4226,-63.0525,-12.2662,0.6765,0.7,0.0861,4.0426,21.8833,13.5694,14.1046,13.7861
4227,-63.5243,-12.2264,0.6766,0.7,0.0444,4.0324,21.8852,13.5704,14.1056,13.788
4228,-63.9578,-12.189,0.6768,0.7,0.0458,3.9704,21.887,13.5731,14.1065,13.7917
4229,-64.4655,-12.0882,0.6769,0.7,0.0667,3.9454,21.8898,13.575,14.1074,13.7944
4230,-64.7517,-11.9995,0.677,0.7,0.1306,4.0593,21.8917,13.5796,14.1083,13.7963
4231,-65.1166,-11.8693,0.6771,0.7,0.1514,3.9444,21.8944,13.5806,14.1102,13.7972
4232,-65.2254,-11.7726,0.6771,0.7,0.0958,4.0,21.8963,13.5806,14.1111,13.8
4233,-65.5058,-11.6773,0.6772,0.7,0.1861,3.9852,21.8981,13.5806,14.112,13.8019
4234,-65.2069,-11.534,0.6773,0.7,0.2542,4.0083,21.9009,13.5824,14.113,13.8037
4235,-65.4215,-11.3879,0.6774,0.7,0.2236,3.9519,21.9028,13.5824,14.1139,13.8037
4236,-65.2474,-11.2031,0.6775,0.7,0.3278,3.9741,21.9046,13.5824,14.1148,13.8046
4237,-65.4903,-11.0077,0.6777,0.7,0.4,4.0343,21.9074,13.5852,14.1167,13.8083
4238,-65.0051,-10.9781,0.6778,0.7,0.3208,4.0065,21.9093,13.5861,14.1176,13.8093
4239,-64.8194,-10.8004,0.6779,0.7,0.3083,3.9833,21.9111,13.587,14.1185,13.8093
4240,-64.2219,-10.6822,0.6781,0.7,0.5667,3.9435,21.9139,13.5889,14.1194,13.8102
4241,-63.6976,-10.5133,0.6783,0.7,0.7236,4.0,21.9157,13.5926,14.1204,13.813
4242,-61.9885,-10.3224,0.6783,0.7,1.7125,4.0407,21.9176,13.5963,14.1213,13.8176
4243,-60.7629,-10.2228,0.6784,0.7,2.7708,4.0435,21.9194,13.5991,14.1222,13.8204
4244,-57.6921,-10.3158,0.6782,0.7,3.1639,3.9815,21.9222,13.6009,14.1241,13.8222
4245,-56.2273,-10.4803,0.6781,0.7,2.7236,3.9796,21.9241,13.6019,14.125,13.8231
4246,-55.1215,-10.7918,0.6779,0.7,1.9653,3.9833,21.9259,13.6019,14.1259,13.8231
4247,-53.9298,-11.0367,0.6778,0.7,1.6708,4.0593,21.9278,13.6028,14.1269,13.8259
4248,-55.6919,-11.2975,0.6778,0.7,1.3306,3.9491,21.9306,13.6037,14.1278,13.8259
4249,-57.0177,-11.6051,0.6777,0.7,0.8167,4.0435,21.9324,13.6046,14.1287,13.8278
4250,-57.2117,-11.8624,0.6777,0.7,0.5861,4.0241,21.9343,13.6083,14.1296,13.8306
4251,-59.0821,-12.1156,0.6777,0.7,0.2833,4.0231,21.9361,13.6093,14.1306,13.8315
4252,-60.1492,-12.1185,0.6779,0.7,0.3292,3.9593,21.9389,13.612,14.1324,13.8343
4253,-60.3362,-12.2236,0.678,0.7,0.1583,4.0426,21.9407,13.6139,14.1333,13.8352
4254,-60.874,-12.2567,0.6781,0.7,0.1417,4.038,21.9426,13.6167,14.1343,13.837
4255,-61.3402,-12.2478,0.6782,0.7,0.1472,4.0231,21.9444,13.6185,14.1352,13.838
4256,-62.4176,-12.3231,0.6783,0.7,0.0264,4.0167,21.9463,13.6213,14.1361,13.8407
4257,-62.701,-12.263,0.6784,0.7,0.05,4.0435,21.9481,13.6231,14.137,13.8426
4258,-62.9131,-12.2677,0.6785,0.7,0.075,4.0537,21.9509,13.6259,14.138,13.8444
4259,-63.8662,-12.1973,0.6786,0.7,0.0889,3.9648,21.9528,13.6306,14.1389,13.8491
4260,-63.7168,-12.1722,0.6787,0.7,0.1097,4.0417,21.9546,13.6324,14.1398,13.8509
4261,-64.1753,-12.1034,0.6789,0.7,0.0833,4.0046,21.9565,13.6352,14.1407,13.8519
4262,-64.3744,-12.0346,0.6791,0.7,0.0333,4.0148,21.9583,13.6389,14.1417,13.8546
4263,-64.6082,-11.9376,0.6792,0.7,0.1347,3.988,21.9602,13.6389,14.1426,13.8565
4264,-64.7733,-11.8498,0.6794,0.7,0.1542,3.9852,21.963,13.6417,14.1435,13.8583
4265,-65.0471,-11.7904,0.6796,0.7,0.1736,4.025,21.9648,13.6435,14.1444,13.8593
4266,-65.2371,-11.6313,0.6797,0.7,0.1958,3.9694,21.9667,13.6444,14.1463,13.8593
4267,-65.3203,-11.414,0.6799,0.7,0.2611,3.9954,21.9685,13.6444,14.1472,13.8593
4268,-65.3687,-11.3233,0.68,0.7,0.3181,4.0315,21.9704,13.6481,14.1481,13.8593
4269,-65.2555,-11.2316,0.6801,0.7,0.2917,3.9833,21.9722,13.6519,14.1491,13.863
4270,-65.108,-10.9842,0.6803,0.7,0.5889,4.0472,21.9741,13.6528,14.15,13.8639
4271,-64.366,-10.8373,0.6804,0.7,0.5194,4.0407,21.9759,13.6537,14.1509,13.8657
4272,-64.2476,-10.7203,0.6806,0.7,0.2903,4.0148,21.9778,13.6546,14.1519,13.8657
4273,-63.2771,-10.5674,0.6807,0.7,0.6194,3.95,21.9796,13.6556,14.1528,13.8667
4274,-61.5849,-10.2464,0.6808,0.7,2.2333,3.9778,21.9815,13.6574,14.1537,13.8676
4275,-59.4187,-10.1443,0.6807,0.7,3.4014,4.0,21.9833,13.6593,14.1546,13.8676
4276,-56.3618,-10.3735,0.6805,0.7,2.9875,4.013,21.9852,13.663,14.1556,13.8704
4277,-55.3836,-10.6763,0.6804,0.7,2.4167,3.9824,21.987,13.663,14.1565,13.8713
4278,-54.5525,-10.8986,0.6802,0.7,2.1028,4.0435,21.9889,13.663,14.1574,13.8731
4279,-54.8653,-11.1925,0.6801,0.7,1.5958,4.0056,21.9907,13.6648,14.1583,13.875
4280,-56.5176,-11.4819,0.6799,0.7,1.0292,3.9843,21.9926,13.6648,14.1593,13.875
4281,-56.0651,-11.7555,0.6799,0.7,0.9306,4.0296,21.9944,13.6667,14.1602,13.875
4282,-57.6817,-11.8996,0.6799,0.7,0.6583,4.0093,21.9963,13.6676,14.1611,13.8759
4283,-58.7579,-12.0464,0.68,0.7,0.4958,3.9972,21.9981,13.6676,14.162,13.8759
4284,-59.578,-12.1551,0.6801,0.7,0.3194,4.0611,22.0,13.6676,14.163,13.8769
4285,-60.571,-12.2242,0.6801,0.7,0.2042,3.9306,22.0019,13.6676,14.1639,13.8769
4286,-61.3041,-12.2417,0.6802,0.7,0.1708,3.9972,22.0037,13.6694,14.1648,13.8787
4287,-61.9969,-12.311,0.6803,0.7,0.0528,4.0222,22.0056,13.6694,14.1657,13.8787
4288,-62.277,-12.2497,0.6804,0.7,0.0931,3.9759,22.0074,13.6694,14.1667,13.8806
4289,-62.8131,-12.2973,0.6805,0.7,0.0708,3.9852,22.0093,13.6694,14.1676,13.8824
4290,-63.1002,-12.1991,0.6806,0.7,0.0931,3.9954,22.0111,13.6704,14.1685,13.8843
4291,-63.7012,-12.236,0.6807,0.7,0.0306,4.0102,22.013,13.6713,14.1685,13.8852
4292,-63.8784,-12.1764,0.6808,0.7,0.1083,4.0111,22.0148,13.675,14.1694,13.8889
4293,-64.4294,-12.0444,0.681,0.7,0.0931,4.0176,22.0167,13.6759,14.1704,13.8917
4294,-64.4583,-11.9855,0.6811,0.7,0.1319,4.0,22.0185,13.6759,14.1713,13.8917
4295,-64.404,-11.8963,0.6812,0.7,0.1278,4.0259,22.0204,13.6778,14.1722,13.8926
4296,-64.8537,-11.8506,0.6814,0.7,0.1194,4.0269,22.0222,13.6806,14.1731,13.8972
4297,-65.0705,-11.7858,0.6816,0.7,0.1569,4.0185,22.0241,13.6815,14.1741,13.8981
4298,-65.0125,-11.7061,0.6817,0.7,0.1931,4.0444,22.025,13.6824,14.175,13.8991
4299,-64.9877,-11.5893,0.6818,0.7,0.1917,4.0287,22.0269,13.6833,14.1759,13.8991
4300,-65.3538,-11.5149,0.682,0.7,0.1653,3.9944,22.0287,13.6843,14.1769,13.9009
4301,-65.1023,-11.3111,0.6821,0.7,0.3722,3.9389,22.0306,13.6843,14.1778,13.9009
4302,-65.2862,-11.133,0.6824,0.7,0.3569,4.0352,22.0324,13.6852,14.1787,13.9019
4303,-64.9523,-10.9766,0.6825,0.7,0.3486,3.9491,22.0343,13.6861,14.1796,13.9028
4304,-64.7322,-10.8431,0.6826,0.7,0.3111,3.9722,22.0361,13.6861,14.1806,13.9028
4305,-63.9939,-10.6588,0.6827,0.7,0.4542,3.9648,22.037,13.6861,14.1815,13.9028
4306,-63.3811,-10.5545,0.6829,0.7,0.6708,3.975,22.0389,13.687,14.1824,13.9037
4307,-62.2797,-10.3278,0.6829,0.7,1.8042,4.0019,22.0407,13.687,14.1824,13.9037
4308,-61.3153,-10.2096,0.683,0.7,2.6222,3.9537,22.0426,13.687,14.1833,13.9037
4309,-60.6193,-10.1728,0.6832,0.7,3.0125,3.9611,22.0444,13.6889,14.1843,13.9065
4310,-59.6397,-10.232,0.6832,0.7,2.9694,4.0417,22.0454,13.6898,14.1852,13.9065
4311,-56.1816,-10.426,0.683,0.7,2.9222,3.9861,22.0472,13.6917,14.1861,13.9074
4312,-54.4451,-10.7116,0.6828,0.7,2.3278,3.9741,22.0491,13.6917,14.187,13.9074
4313,-54.9504,-11.184,0.6825,0.7,1.8236,3.9778,22.0509,13.6926,14.188,13.9083
4314,-55.2744,-11.3199,0.6825,0.7,1.4361,4.0352,22.0519,13.6954,14.1889,13.9111
4315,-55.5664,-11.4556,0.6825,0.7,1.0458,4.0648,22.0537,13.6972,14.1889,13.912
4316,-57.0719,-11.5887,0.6825,0.7,0.9861,4.0028,22.0556,13.6991,14.1898,13.9148
4317,-57.3366,-11.6665,0.6826,0.7,0.8556,4.0065,22.0574,13.6991,14.1907,13.9157
4318,-57.7856,-11.9133,0.6826,0.7,0.4889,4.0306,22.0583,13.7,14.1917,13.9167
4319,-58.8828,-11.9976,0.6826,0.7,0.4097,4.0083,22.0602,13.7,14.1926,13.9167
4320,-59.3939,-12.1135,0.6826,0.7,0.4167,3.9398,22.062,13.7,14.1935,13.9167
4321,-59.1297,-12.0913,0.6827,0.7,0.375,4.0509,22.0639,13.7009,14.1944,13.9167
4322,-59.8696,-12.0818,0.6829,0.7,0.2903,3.9806,22.0648,13.7009,14.1944,13.9167
4323,-60.4672,-12.1806,0.6831,0.7,0.2583,4.0444,22.0667,13.7009,14.1954,13.9185
4324,-61.5414,-12.2454,0.6832,0.7,0.1556,3.9602,22.0685,13.7019,14.1963,13.9194
4325,-61.4579,-12.2104,0.6833,0.7,0.1583,4.0065,22.0694,13.7028,14.1972,13.9213
4326,-62.2823,-12.267,0.6834,0.7,0.0958,3.9306,22.0713,13.7028,14.1981,13.9213
4327,-62.6854,-12.2591,0.6835,0.7,0.0264,4.037,22.0731,13.7037,14.1991,13.9222
4328,-62.9308,-12.2527,0.6835,0.7,0.0556,3.9324,22.0741,13.7056,14.1991,13.9241
4329,-63.5418,-12.2539,0.6836,0.7,0.0722,3.9528,22.0759,13.7074,14.2,13.9259
4330,-63.502,-12.1773,0.6837,0.7,0.0972,3.9898,22.0778,13.7093,14.2009,13.9278
4331,-63.5701,-12.1845,0.6838,0.7,0.0806,4.0157,22.0787,13.7093,14.2019,13.9278
4332,-64.217,-12.088,0.6839,0.7,0.0653,3.9528,22.0806,13.7102,14.2028,13.9287
4333,-64.3649,-12.0496,0.684,0.7,0.0611,3.9833,22.0815,13.7111,14.2028,13.9287
4334,-64.4906,-11.9799,0.6842,0.7,0.0625,4.0111,22.0833,13.7111,14.2037,13.9287
4335,-64.769,-11.8094,0.6843,0.7,0.2097,3.9741,22.0852,13.7111,14.2046,13.9287
4336,-64.9811,-11.7766,0.6844,0.7,0.1611,4.0093,22.0861,13.712,14.2056,13.9296
4337,-65.0636,-11.6684,0.6845,0.7,0.1278,3.9676,22.088,13.712,14.2065,13.9296
4338,-65.198,-11.5984,0.6846,0.7,0.2458,3.937,22.0889,13.712,14.2065,13.9306
4339,-65.2248,-11.4115,0.6847,0.7,0.2653,4.0102,22.0907,13.713,14.2074,13.9324
4340,-65.5385,-11.2242,0.6848,0.7,0.4472,3.9907,22.0926,13.713,14.2083,13.9324
4341,-64.8614,-11.0706,0.6849,0.7,0.35,4.0259,22.0935,13.713,14.2093,13.9343
4342,-64.5972,-10.8414,0.685,0.7,0.4083,3.9972,22.0954,13.713,14.2102,13.9343
4343,-63.9922,-10.7217,0.685,0.7,0.4694,4.0111,22.0963,13.713,14.2102,13.9343
4344,-63.2801,-10.5794,0.6851,0.7,0.4083,3.9898,22.0981,13.713,14.2111,13.9343
4345,-63.0568,-10.5374,0.6852,0.7,0.9597,4.0167,22.1,13.713,14.212,13.9343
4346,-62.1997,-10.4298,0.6853,0.7,1.6083,3.9611,22.1009,13.713,14.213,13.9343
4347,-61.4737,-10.3517,0.6854,0.7,2.1958,4.0722,22.1028,13.7139,14.213,13.937
4348,-60.3621,-10.2465,0.6855,0.7,3.0986,4.0074,22.1037,13.7139,14.2139,13.937
4349,-57.2475,-10.3132,0.6853,0.7,2.9847,4.0389,22.1056,13.7148,14.2148,13.9389
4350,-56.5262,-10.4814,0.6852,0.7,2.7583,4.0019,22.1065,13.7157,14.2157,13.9398
4351,-54.2862,-10.8643,0.6849,0.7,2.0333,3.9991,22.1083,13.7167,14.2167,13.9398
4352,-54.8181,-11.3903,0.6846,0.7,1.2611,4.037,22.1093,13.7176,14.2167,13.9398
4353,-55.8069,-11.6787,0.6844,0.7,1.0125,4.0648,22.1111,13.7176,14.2176,13.9398
4354,-57.141,-11.7307,0.6845,0.7,0.9986,3.988,22.112,13.7176,14.2185,13.9398
4355,-57.8134,-11.8637,0.6846,0.7,0.7556,4.0194,22.1139,13.7185,14.2194,13.9407
4356,-58.6767,-12.0186,0.6846,0.7,0.4778,3.9907,22.1148,13.7194,14.2194,13.9407
4357,-59.8094,-12.1479,0.6846,0.7,0.2,3.9796,22.1167,13.7204,14.2204,13.9407
4358,-59.9754,-12.1171,0.6848,0.7,0.2347,4.0,22.1176,13.7204,14.2213,13.9407
4359,-60.8096,-12.2021,0.6849,0.7,0.2153,3.9778,22.1194,13.7204,14.2222,13.9407
4360,-61.821,-12.3196,0.6849,0.7,0.0778,3.9741,22.1204,13.7204,14.2222,13.9417
4361,-62.091,-12.282,0.685,0.7,0.0653,4.063,22.1222,13.7213,14.2231,13.9426
4362,-62.3865,-12.2403,0.6851,0.7,0.1375,4.0315,22.1231,13.7213,14.2241,13.9435
4363,-62.6032,-12.2141,0.6853,0.7,0.1389,3.9769,22.125,13.7231,14.2241,13.9454
4364,-63.3937,-12.2617,0.6853,0.7,0.0708,4.0343,22.1259,13.7241,14.225,13.9454
4365,-63.6187,-12.2275,0.6853,0.7,0.0319,3.9685,22.1278,13.7241,14.2259,13.9454
4366,-64.3005,-12.1141,0.6854,0.7,0.1264,3.962,22.1287,13.7241,14.2269,13.9454
4367,-64.3359,-12.0381,0.6856,0.7,0.0639,4.0185,22.1306,13.7241,14.2269,13.9454
4368,-64.6519,-11.9725,0.6857,0.7,0.15,4.0278,22.1315,13.7241,14.2278,13.9454
4369,-64.9292,-11.9011,0.6858,0.7,0.1444,3.9769,22.1333,13.7241,14.2287,13.9454
4370,-65.2061,-11.8024,0.6859,0.7,0.0847,3.9889,22.1343,13.725,14.2296,13.9463
4371,-65.6236,-11.6351,0.686,0.7,0.1778,4.0028,22.1361,13.7259,14.2296,13.9472
4372,-65.3818,-11.5576,0.686,0.7,0.1111,4.0602,22.137,13.7259,14.2306,13.9472
4373,-65.4707,-11.4484,0.686,0.7,0.2917,4.0139,22.138,13.7259,14.2315,13.9472
4374,-65.2647,-11.2392,0.686,0.7,0.3167,4.0333,22.1398,13.7269,14.2315,13.9481
4375,-65.1886,-11.1295,0.6861,0.7,0.4556,3.9806,22.1407,13.7269,14.2324,13.9481
4376,-64.7554,-10.9725,0.6862,0.7,0.4694,3.9639,22.1426,13.7296,14.2333,13.9509
4377,-64.228,-10.7628,0.6862,0.7,0.325,4.013,22.1435,13.7296,14.2343,13.9509
4378,-63.872,-10.5936,0.6863,0.7,0.4847,3.9704,22.1454,13.7296,14.2343,13.9509
4379,-63.3657,-10.5543,0.6863,0.7,0.6375,3.9611,22.1463,13.7296,14.2352,13.9509
4380,-62.2417,-10.326,0.6863,0.7,1.5292,4.0454,22.1481,13.7296,14.2361,13.9509
4381,-61.7042,-10.2662,0.6863,0.7,2.5667,4.0028,22.1491,13.7306,14.237,13.9519
4382,-61.0955,-10.2016,0.6864,0.7,2.7958,3.9991,22.1509,13.7306,14.237,13.9519
4383,-59.2088,-10.2197,0.6864,0.7,3.175,3.9556,22.1519,13.7306,14.238,13.9519
4384,-55.3709,-10.4341,0.6862,0.7,2.8486,3.9398,22.1528,13.7315,14.2389,13.9519
4385,-55.5565,-10.6673,0.686,0.7,2.1708,4.0074,22.1546,13.7315,14.2389,13.9528
4386,-55.0864,-11.093,0.6859,0.7,1.5111,4.0111,22.1556,13.7315,14.2398,13.9528
4387,-56.1815,-11.3758,0.6858,0.7,1.2806,3.9111,22.1574,13.7315,14.2407,13.9528
4388,-56.8989,-11.4168,0.6858,0.7,1.0736,3.9981,22.1583,13.7315,14.2407,13.9528
4389,-56.7368,-11.5887,0.6859,0.7,1.0722,4.0287,22.1593,13.7315,14.2417,13.9528
4390,-57.6492,-11.8066,0.6859,0.7,0.6639,3.9954,22.1611,13.7324,14.2426,13.9528
4391,-58.5446,-12.0072,0.6859,0.7,0.4556,3.9898,22.162,13.7324,14.2435,13.9528
4392,-59.422,-12.132,0.6859,0.7,0.3681,3.9815,22.1639,13.7333,14.2435,13.9528
4393,-59.467,-12.1826,0.6859,0.7,0.2903,4.0,22.1648,13.7333,14.2444,13.9528
4394,-60.338,-12.1674,0.686,0.7,0.2319,4.0148,22.1657,13.7343,14.2454,13.9537
4395,-60.9905,-12.1891,0.6861,0.7,0.2556,3.9519,22.1676,13.7361,14.2454,13.9556
4396,-61.522,-12.2324,0.6862,0.7,0.1222,3.987,22.1685,13.7361,14.2463,13.9556
4397,-61.5702,-12.2807,0.6863,0.7,0.1403,4.0009,22.1694,13.7361,14.2472,13.9556
4398,-62.2228,-12.232,0.6864,0.7,0.1,4.0148,22.1713,13.7361,14.2472,13.9556
4399,-63.0551,-12.2675,0.6865,0.7,0.0528,4.0019,22.1722,13.7361,14.2481,13.9556
4400,-63.1389,-12.2492,0.6865,0.7,0.0583,3.9667,22.1741,13.7361,14.2491,13.9556
4401,-63.4074,-12.1788,0.6866,0.7,0.0514,4.0037,22.175,13.7361,14.2491,13.9556
4402,-63.513,-12.1525,0.6868,0.7,0.1542,3.9861,22.1759,13.7361,14.25,13.9556
4403,-64.1342,-12.0955,0.6869,0.7,0.1194,3.9806,22.1778,13.737,14.2509,13.9565
4404,-64.4774,-12.0194,0.687,0.7,0.1556,3.9954,22.1787,13.737,14.2509,13.9565
4405,-64.7726,-11.9577,0.6871,0.7,0.1194,4.0426,22.1796,13.737,14.2519,13.9565
4406,-65.07,-11.8515,0.6872,0.7,0.1014,4.0333,22.1806,13.737,14.2528,13.9565
4407,-65.214,-11.738,0.6872,0.7,0.1625,3.987,22.1824,13.737,14.2528,13.9565
4408,-65.3241,-11.5486,0.6873,0.7,0.1972,4.0722,22.1833,13.737,14.2537,13.9565
4409,-65.2035,-11.4273,0.6872,0.7,0.2472,4.0509,22.1843,13.738,14.2546,13.9565
4410,-65.2367,-11.3357,0.6873,0.7,0.3625,3.9833,22.1861,13.738,14.2546,13.9565
4411,-65.1538,-11.2396,0.6873,0.7,0.3389,4.0306,22.187,13.738,14.2556,13.9574
4412,-65.152,-11.0484,0.6874,0.7,0.2667,3.9722,22.188,13.738,14.2565,13.9574
4413,-64.975,-10.9295,0.6874,0.7,0.4986,3.9963,22.1898,13.738,14.2565,13.9574
4414,-64.1316,-10.8412,0.6876,0.7,0.4931,4.0444,22.1907,13.738,14.2574,13.9574
4415,-64.0928,-10.7162,0.6876,0.7,0.3944,3.9852,22.1917,13.7398,14.2583,13.9583
4416,-62.9081,-10.5511,0.6876,0.7,0.775,3.9778,22.1935,13.7407,14.2583,13.9583
4417,-62.0042,-10.2876,0.6877,0.7,1.8806,4.0009,22.1944,13.7407,14.2593,13.9593
4418,-61.0823,-10.1384,0.6877,0.7,2.8611,4.0185,22.1954,13.7407,14.2593,13.9593
4419,-57.6171,-10.1924,0.6875,0.7,3.4736,4.0287,22.1972,13.7407,14.2602,13.9593
4420,-57.6685,-10.3864,0.6874,0.7,3.0917,4.0204,22.1981,13.7417,14.2611,13.9593
4421,-55.8462,-10.7718,0.687,0.7,2.3833,3.9972,22.1991,13.7417,14.2611,13.9593
4422,-54.4731,-11.1241,0.6868,0.7,1.6653,4.025,22.2009,13.7417,14.262,13.9593
4423,-55.0709,-11.3798,0.6867,0.7,1.1722,4.0278,22.2019,13.7426,14.263,13.9602
4424,-55.7876,-11.6723,0.6864,0.7,0.8292,3.988,22.2028,13.7426,14.263,13.962
4425,-56.5996,-11.5832,0.6865,0.7,0.9611,3.9981,22.2046,13.7426,14.2639,13.962
4426,-58.0306,-11.8003,0.6865,0.7,0.6417,4.0139,22.2056,13.7426,14.2648,13.962
4427,-58.6327,-12.0208,0.6865,0.7,0.4542,4.0037,22.2065,13.7426,14.2648,13.962
4428,-59.1168,-12.0982,0.6865,0.7,0.3347,3.9694,22.2074,13.7435,14.2657,13.962
4429,-60.129,-12.1417,0.6865,0.7,0.3264,4.0139,22.2093,13.7435,14.2667,13.962
4430,-60.994,-12.2448,0.6865,0.7,0.1931,4.013,22.2102,13.7435,14.2667,13.962
4431,-61.2255,-12.2392,0.6865,0.7,0.1694,4.0019,22.2111,13.7435,14.2676,13.962
4432,-61.5423,-12.2722,0.6865,0.7,0.0958,4.0019,22.213,13.7435,14.2685,13.962
4433,-62.0589,-12.2819,0.6866,0.7,0.075,4.0148,22.2139,13.7435,14.2685,13.962
4434,-62.7826,-12.2331,0.6867,0.7,0.1111,4.0204,22.2148,13.7435,14.2694,13.962
4435,-63.4902,-12.2495,0.6868,0.7,0.0875,3.9769,22.2167,13.7435,14.2704,13.962
4436,-63.8717,-12.2292,0.6868,0.7,0.0542,4.0333,22.2176,13.7435,14.2704,13.962
4437,-64.019,-12.1329,0.6869,0.7,0.1208,3.9546,22.2185,13.7435,14.2713,13.962
4438,-64.502,-12.0296,0.687,0.7,0.1,3.9759,22.2204,13.7444,14.2722,13.963
4439,-64.7786,-11.9124,0.6871,0.7,0.1264,3.987,22.2213,13.7444,14.2722,13.963
4440,-65.1286,-11.8264,0.6872,0.7,0.0861,4.0102,22.2222,13.7444,14.2731,13.963
4441,-65.0771,-11.7493,0.6872,0.7,0.1389,3.9833,22.2241,13.7454,14.2741,13.963
4442,-65.2222,-11.6347,0.6872,0.7,0.1611,3.987,22.225,13.7463,14.2741,13.9639
4443,-65.5007,-11.4196,0.6873,0.7,0.3097,4.013,22.2259,13.7481,14.275,13.9657
4444,-65.1581,-11.3329,0.6873,0.7,0.2972,4.0139,22.2278,13.7491,14.275,13.9667
4445,-65.3023,-11.2563,0.6874,0.7,0.3597,3.9815,22.2287,13.7491,14.2759,13.9667
4446,-65.0152,-11.0252,0.6873,0.7,0.4347,4.0306,22.2296,13.7491,14.2769,13.9667
4447,-64.7541,-10.7857,0.6874,0.7,0.3958,4.0287,22.2315,13.7491,14.2769,13.9667
4448,-63.8006,-10.6419,0.6873,0.7,0.4514,3.9574,22.2324,13.7491,14.2778,13.9667
4449,-63.6508,-10.5707,0.6874,0.7,0.55,4.0056,22.2333,13.7491,14.2787,13.9667
4450,-62.6435,-10.4428,0.6875,0.7,1.0111,4.0269,22.2352,13.7491,14.2787,13.9667
4451,-61.4019,-10.2845,0.6876,0.7,2.3653,3.9944,22.2361,13.7491,14.2796,13.9667
4452,-60.7192,-10.1726,0.6877,0.7,3.0958,3.9935,22.237,13.75,14.2806,13.9676
4453,-57.3855,-10.3416,0.6875,0.7,2.8944,4.0,22.238,13.7509,14.2806,13.9685
4454,-56.205,-10.5341,0.6875,0.7,2.6792,3.9806,22.2398,13.7509,14.2815,13.9685
4455,-55.0536,-10.8622,0.6872,0.7,2.1861,3.9907,22.2407,13.7509,14.2824,13.9694
4456,-55.1183,-11.0304,0.6872,0.7,1.8417,4.013,22.2417,13.7519,14.2824,13.9704
4457,-55.513,-11.4399,0.687,0.7,1.1069,3.9713,22.2435,13.7519,14.2833,13.9704
4458,-56.9761,-11.7816,0.6868,0.7,0.7361,3.9769,22.2444,13.7519,14.2843,13.9704
4459,-58.8968,-11.8918,0.6868,0.7,0.5486,3.95,22.2454,13.7519,14.2843,13.9704
4460,-58.251,-12.0729,0.6867,0.7,0.4611,4.0407,22.2472,13.7519,14.2852,13.9704
4461,-59.246,-12.196,0.6867,0.7,0.2514,3.9991,22.2481,13.7528,14.2861,13.9713
4462,-60.0908,-12.1827,0.6867,0.7,0.2056,3.9843,22.2491,13.7528,14.2861,13.9713
4463,-61.1389,-12.2172,0.6868,0.7,0.2306,4.0296,22.25,13.7528,14.287,13.9722
4464,-61.06,-12.1632,0.6869,0.7,0.2139,3.987,22.2519,13.7528,14.287,13.9722
4465,-61.6969,-12.2417,0.687,0.7,0.1153,4.0102,22.2528,13.7528,14.288,13.9722
4466,-61.7014,-12.257,0.6872,0.7,0.1153,4.0306,22.2537,13.7537,14.2889,13.9731
4467,-62.2701,-12.2407,0.6873,0.7,0.1097,3.9824,22.2546,13.7537,14.2889,13.9731
4468,-62.9085,-12.2458,0.6873,0.7,0.1222,4.0148,22.2565,13.7537,14.2898,13.9731
4469,-63.3727,-12.2154,0.6874,0.7,0.0944,4.0111,22.2574,13.7537,14.2907,13.9731
4470,-63.6915,-12.166,0.6875,0.7,0.0597,4.0194,22.2583,13.7537,14.2907,13.9731
4471,-64.0388,-12.1354,0.6876,0.7,0.0486,3.9806,22.2602,13.7537,14.2917,13.9731
4472,-64.1282,-12.0093,0.6877,0.7,0.1347,3.9944,22.2611,13.7537,14.2917,13.9731
4473,-64.7379,-11.9316,0.6878,0.7,0.0944,3.9907,22.262,13.7546,14.2926,13.9741
4474,-64.7655,-11.922,0.688,0.7,0.1056,3.9963,22.263,13.7546,14.2935,13.9741
4475,-64.9524,-11.78,0.6881,0.7,0.175,3.9741,22.2639,13.7546,14.2935,13.9741
4476,-65.0239,-11.6923,0.6881,0.7,0.1319,3.9954,22.2657,13.7556,14.2944,13.975
4477,-65.3163,-11.5737,0.6882,0.7,0.1861,3.9935,22.2667,13.7556,14.2954,13.975
4478,-65.3143,-11.3853,0.6883,0.7,0.2944,4.0065,22.2676,13.7556,14.2954,13.975
4479,-65.2199,-11.1479,0.6883,0.7,0.3833,4.0,22.2685,13.7556,14.2963,13.975
4480,-65.1462,-11.0565,0.6883,0.7,0.4111,4.0176,22.2704,13.7556,14.2963,13.975
4481,-64.6597,-10.985,0.6884,0.7,0.4403,3.9917,22.2713,13.7556,14.2972,13.975
4482,-64.2092,-10.7263,0.6885,0.7,0.4917,4.0083,22.2722,13.7556,14.2981,13.975
4483,-63.6406,-10.5206,0.6885,0.7,0.4181,4.0157,22.2731,13.7556,14.2981,13.975
4484,-62.2262,-10.3473,0.6885,0.7,1.4653,4.0269,22.275,13.7556,14.2991,13.975
4485,-61.5246,-10.1899,0.6885,0.7,2.4125,3.9861,22.2759,13.7556,14.2991,13.975
4486,-58.8294,-10.2591,0.6885,0.7,2.9069,3.9463,22.2769,13.7565,14.3,13.975
4487,-57.6409,-10.3094,0.6883,0.7,3.1028,3.988,22.2778,13.7565,14.3009,13.975
4488,-55.7472,-10.5917,0.6881,0.7,2.3056,3.937,22.2787,13.7583,14.3009,13.9759
4489,-55.601,-10.9085,0.688,0.7,2.0389,4.013,22.2806,13.7583,14.3019,13.9759
4490,-55.6748,-11.1528,0.6878,0.7,1.4431,3.9963,22.2815,13.7583,14.3019,13.9759
4491,-55.3052,-11.5665,0.6877,0.7,1.0389,4.0139,22.2824,13.7583,14.3028,13.9759
4492,-56.8811,-11.8779,0.6875,0.7,0.8181,4.0333,22.2833,13.7583,14.3037,13.9759
4493,-57.6344,-12.0244,0.6874,0.7,0.3986,3.9991,22.2843,13.7583,14.3037,13.9759
4494,-58.8616,-12.036,0.6875,0.7,0.3639,4.0148,22.2861,13.7583,14.3046,13.9769
4495,-60.1639,-12.1822,0.6875,0.7,0.275,4.0241,22.287,13.7583,14.3046,13.9769
4496,-60.8428,-12.2387,0.6875,0.7,0.2014,3.9528,22.288,13.7583,14.3056,13.9769
4497,-61.1409,-12.2499,0.6876,0.7,0.1306,3.9898,22.2889,13.7583,14.3065,13.9778
4498,-61.9989,-12.2802,0.6877,0.7,0.1333,4.0389,22.2907,13.7583,14.3065,13.9778
4499,-62.4991,-12.272,0.6878,0.7,0.0889,4.0065,22.2917,13.7583,14.3074,13.9778
4500,-63.0583,-12.2498,0.6878,0.7,0.0958,3.9806,22.2926,13.7583,14.3074,13.9778
4501,-62.9627,-12.2315,0.6879,0.7,0.1181,4.0157,22.2935,13.7583,14.3083,13.9787
4502,-63.7266,-12.1773,0.688,0.7,0.0806,3.9463,22.2944,13.7583,14.3093,13.9787
4503,-63.8452,-12.1607,0.688,0.7,0.1194,3.9741,22.2963,13.7593,14.3093,13.9796
4504,-64.0716,-12.1159,0.6881,0.7,0.0542,3.9657,22.2972,13.7593,14.3102,13.9796
4505,-64.3815,-12.0484,0.6881,0.7,0.0903,3.9694,22.2981,13.7593,14.3102,13.9796
4506,-64.6578,-12.0191,0.6881,0.7,0.1167,3.9491,22.2991,13.7593,14.3111,13.9796
4507,-64.5855,-11.9166,0.6882,0.7,0.1111,3.962,22.3,13.7593,14.312,13.9796
4508,-64.8469,-11.8376,0.6884,0.7,0.1625,3.9528,22.3019,13.7593,14.312,13.9796
4509,-64.9008,-11.7257,0.6885,0.7,0.15,4.0019,22.3028,13.7602,14.313,13.9806
4510,-65.3185,-11.6029,0.6887,0.7,0.2306,4.0194,22.3037,13.7602,14.313,13.9806
4511,-64.9874,-11.4947,0.6888,0.7,0.1472,4.087,22.3046,13.7602,14.3139,13.9806
4512,-65.0354,-11.2713,0.6889,0.7,0.3833,4.0222,22.3056,13.7611,14.3148,13.9815
4513,-64.9117,-11.1775,0.689,0.7,0.3139,3.9602,22.3065,13.7611,14.3148,13.9815
4514,-65.182,-10.9898,0.6891,0.7,0.4611,3.938,22.3083,13.7611,14.3157,13.9824
4515,-64.6197,-10.8326,0.6891,0.7,0.4042,3.9972,22.3093,13.7611,14.3157,13.9824
4516,-63.6965,-10.7462,0.6891,0.7,0.4667,3.9398,22.3102,13.7611,14.3167,13.9824
4517,-63.3134,-10.6494,0.6893,0.7,0.5917,3.9435,22.3111,13.7611,14.3167,13.9824
4518,-62.9122,-10.4898,0.6894,0.7,0.9694,4.0463,22.312,13.7611,14.3176,13.9824
4519,-61.8438,-10.2633,0.6896,0.7,2.1556,4.0056,22.313,13.7611,14.3185,13.9824
4520,-61.3056,-10.1882,0.6896,0.7,2.7389,3.9491,22.3139,13.7611,14.3185,13.9824
4521,-60.1996,-10.2012,0.6896,0.7,3.2764,4.0389,22.3157,13.7611,14.3194,13.9824
4522,-57.4295,-10.3906,0.6894,0.7,2.8222,3.9981,22.3167,13.7611,14.3194,13.9824
4523,-56.3348,-10.5451,0.6894,0.7,2.6611,3.9889,22.3176,13.7611,14.3204,13.9824
4524,-55.6674,-10.8228,0.6892,0.7,1.9736,3.9759,22.3185,13.7611,14.3204,13.9824
4525,-54.8892,-11.128,0.6891,0.7,1.6458,3.9843,22.3194,13.7611,14.3213,13.9824
4526,-54.9826,-11.4125,0.6889,0.7,1.2319,4.0639,22.3204,13.7611,14.3213,13.9824
4527,-55.5298,-11.5872,0.6889,0.7,0.8819,4.025,22.3213,13.7611,14.3222,13.9824
4528,-57.1863,-11.6523,0.689,0.7,0.8472,4.012,22.3222,13.7611,14.3231,13.9824
4529,-58.1181,-11.8041,0.6889,0.7,0.8125,3.9972,22.3231,13.7611,14.3231,13.9824
4530,-58.3726,-11.9402,0.6889,0.7,0.4778,3.9806,22.3241,13.7611,14.3241,13.9824
4531,-59.3354,-12.1009,0.6888,0.7,0.3347,3.9972,22.325,13.762,14.3241,13.9833
4532,-59.8893,-12.1046,0.6888,0.7,0.3583,4.0398,22.3269,13.762,14.325,13.9843
4533,-59.9396,-12.1657,0.6889,0.7,0.2319,3.9444,22.3278,13.762,14.325,13.9843
4534,-60.8718,-12.2327,0.6889,0.7,0.1194,4.0037,22.3287,13.762,14.3259,13.9843
4535,-61.5567,-12.2704,0.689,0.7,0.1028,3.9898,22.3296,13.762,14.3259,13.9843
4536,-62.4018,-12.2966,0.6891,0.7,0.0458,4.0324,22.3306,13.762,14.3269,13.9843
4537,-63.07,-12.3061,0.6891,0.7,0.05,3.9778,22.3315,13.762,14.3269,13.9843
4538,-63.1584,-12.2234,0.6891,0.7,0.0611,4.0278,22.3324,13.762,14.3278,13.9852
4539,-63.4629,-12.2402,0.6891,0.7,0.0486,3.9898,22.3333,13.762,14.3278,13.9852
4540,-63.661,-12.1729,0.6892,0.7,0.1,4.062,22.3343,13.762,14.3287,13.9852
4541,-63.7406,-12.1427,0.6892,0.7,0.0875,4.0231,22.3352,13.762,14.3287,13.9852
4542,-64.3547,-12.0745,0.6893,0.7,0.0972,4.0157,22.3361,13.762,14.3296,13.9852
4543,-64.4941,-11.9822,0.6894,0.7,0.1417,4.0,22.337,13.762,14.3306,13.9852
4544,-64.7696,-11.9417,0.6894,0.7,0.1014,3.9843,22.338,13.763,14.3306,13.9852
4545,-64.4793,-11.8733,0.6896,0.7,0.1375,3.9926,22.3398,13.7657,14.3315,13.987
4546,-64.7941,-11.7701,0.6897,0.7,0.1528,3.9917,22.3407,13.7657,14.3315,13.987
4547,-65.3443,-11.6251,0.6898,0.7,0.2611,4.0037,22.3417,13.7657,14.3324,13.987
4548,-65.1737,-11.4401,0.6898,0.7,0.2736,4.0509,22.3426,13.7657,14.3324,13.987
4549,-64.9387,-11.2243,0.6899,0.7,0.35,4.0324,22.3435,13.7657,14.3333,13.987
4550,-64.9768,-11.144,0.69,0.7,0.4097,3.9343,22.3444,13.7657,14.3333,13.987
4551,-64.8607,-10.9827,0.6901,0.7,0.3736,3.962,22.3454,13.7657,14.3343,13.987
4552,-64.79,-10.7686,0.6901,0.7,0.5125,3.9907,22.3463,13.7657,14.3343,13.987
4553,-63.9299,-10.6946,0.69,0.7,0.5014,3.9574,22.3472,13.7657,14.3352,13.987
4554,-62.7908,-10.4735,0.69,0.7,1.0194,4.0074,22.3481,13.7657,14.3352,13.987
4555,-61.4129,-10.1859,0.6901,0.7,2.5375,3.9722,22.3491,13.7657,14.3361,13.987
4556,-60.1973,-10.1421,0.6899,0.7,3.2667,3.9981,22.35,13.7657,14.3361,13.987
4557,-55.613,-10.4803,0.6895,0.7,2.7889,3.9509,22.3509,13.7657,14.337,13.987
4558,-55.0211,-10.8004,0.6892,0.7,2.0833,3.987,22.3519,13.7657,14.337,13.987
4559,-54.0576,-11.2035,0.6889,0.7,1.5472,4.0361,22.3528,13.7657,14.338,13.987
4560,-55.6733,-11.5324,0.6887,0.7,1.0972,4.0093,22.3546,13.7657,14.3389,13.987
4561,-56.4731,-11.7087,0.6887,0.7,0.8264,4.0028,22.3556,13.7657,14.3389,13.987
4562,-57.231,-11.8292,0.6887,0.7,0.5236,3.975,22.3565,13.7657,14.3398,13.987
4563,-58.7775,-12.0478,0.6886,0.7,0.3792,4.0222,22.3574,13.7657,14.3398,13.987
4564,-60.3474,-12.1737,0.6887,0.7,0.3042,3.975,22.3583,13.7657,14.3407,13.987
4565,-61.0241,-12.2687,0.6887,0.7,0.1194,4.0806,22.3593,13.7657,14.3407,13.987
4566,-61.5175,-12.273,0.6888,0.7,0.1861,4.0231,22.3602,13.7657,14.3417,13.987
4567,-62.3717,-12.308,0.6888,0.7,0.0681,4.0565,22.3611,13.7657,14.3417,13.987
4568,-62.7106,-12.2591,0.6888,0.7,0.0958,4.0241,22.362,13.7657,14.3426,13.987
4569,-62.9343,-12.2601,0.6889,0.7,0.0792,4.0389,22.363,13.7657,14.3426,13.987
4570,-63.3471,-12.2272,0.6889,0.7,0.0875,3.9296,22.3648,13.7657,14.3435,13.987
4571,-63.5771,-12.1655,0.689,0.7,0.05,4.0278,22.3657,13.7657,14.3444,13.987
4572,-64.2295,-12.0936,0.689,0.7,0.0611,4.0009,22.3667,13.7657,14.3444,13.987
4573,-64.475,-12.0611,0.6891,0.7,0.0722,4.0435,22.3676,13.7657,14.3454,13.987
4574,-64.5553,-11.9601,0.6891,0.7,0.1083,3.9806,22.3685,13.7657,14.3454,13.987
4575,-65.2598,-11.7604,0.6891,0.7,0.1681,4.0491,22.3694,13.7657,14.3463,13.987
4576,-65.0828,-11.6583,0.6891,0.7,0.1694,4.0417,22.3704,13.7667,14.3463,13.988
4577,-65.4361,-11.5442,0.6891,0.7,0.1472,4.0509,22.3713,13.7667,14.3472,13.988
4578,-65.4433,-11.3881,0.6892,0.7,0.2208,3.9667,22.3722,13.7667,14.3472,13.988
4579,-65.4397,-11.1292,0.6892,0.7,0.3306,4.0148,22.3741,13.7667,14.3481,13.988
4580,-65.0513,-10.9052,0.6892,0.7,0.3347,3.988,22.375,13.7667,14.3491,13.988
4581,-64.6934,-10.7756,0.6891,0.7,0.4111,4.0204,22.3759,13.7667,14.3491,13.988
4582,-63.845,-10.7145,0.6891,0.7,0.4125,3.9935,22.3769,13.7676,14.35,13.9889
4583,-63.2049,-10.5565,0.6892,0.7,0.5097,4.0037,22.3778,13.7676,14.35,13.9889
4584,-61.6847,-10.1626,0.6892,0.7,2.45,4.0611,22.3787,13.7676,14.3509,13.9889
4585,-60.4857,-10.1205,0.6891,0.7,3.2819,3.9787,22.3796,13.7676,14.3509,13.9889
4586,-58.4542,-10.1973,0.689,0.7,3.2722,3.9898,22.3815,13.7676,14.3519,13.9889
4587,-57.4902,-10.3303,0.6889,0.7,3.0597,3.9741,22.3824,13.7676,14.3528,13.9889
4588,-55.1145,-10.7244,0.6886,0.7,2.2417,3.9843,22.3833,13.7676,14.3528,13.9889
4589,-54.817,-11.06,0.6884,0.7,1.8347,3.988,22.3843,13.7676,14.3537,13.9889
4590,-55.1353,-11.5138,0.6881,0.7,1.1583,4.0509,22.3852,13.7676,14.3537,13.9889
4591,-56.2036,-11.7406,0.688,0.7,0.9042,3.9907,22.3861,13.7676,14.3546,13.9889
4592,-57.8271,-11.8924,0.688,0.7,0.5681,3.9648,22.388,13.7676,14.3546,13.9889
4593,-58.6824,-12.0358,0.688,0.7,0.425,3.9981,22.3889,13.7676,14.3556,13.9889
4594,-60.2062,-12.1351,0.6881,0.7,0.3236,3.9861,22.3898,13.7676,14.3565,13.9889
4595,-60.5619,-12.18,0.6882,0.7,0.2722,4.0167,22.3907,13.7685,14.3565,13.9898
4596,-61.0414,-12.2503,0.6882,0.7,0.1694,3.9796,22.3917,13.7694,14.3574,13.9907
4597,-61.6648,-12.272,0.6883,0.7,0.0667,3.9861,22.3926,13.7694,14.3574,13.9907
4598,-62.2297,-12.2566,0.6884,0.7,0.0847,3.9972,22.3935,13.7694,14.3583,13.9907
4599,-62.796,-12.2305,0.6885,0.7,0.0764,3.9778,22.3954,13.7694,14.3583,13.9907
4600,-63.4239,-12.2257,0.6886,0.7,0.1167,3.9852,22.3963,13.7694,14.3593,13.9907
4601,-63.8321,-12.1553,0.6887,0.7,0.0625,4.0111,22.3972,13.7694,14.3602,13.9907
4602,-64.0797,-12.1062,0.6887,0.7,0.0667,3.987,22.3981,13.7694,14.3602,13.9907
4603,-64.1438,-12.0472,0.6888,0.7,0.0792,3.9954,22.3991,13.7694,14.3611,13.9907
4604,-64.563,-11.9434,0.689,0.7,0.0875,4.0093,22.4,13.7694,14.3611,13.9907
4605,-64.7738,-11.8506,0.6891,0.7,0.1833,4.0046,22.4009,13.7694,14.362,13.9907
4606,-65.1818,-11.7253,0.6892,0.7,0.175,3.9667,22.4028,13.7694,14.362,13.9907
4607,-65.1763,-11.6079,0.6893,0.7,0.1736,3.9917,22.4037,13.7694,14.363,13.9907
4608,-65.2062,-11.3989,0.6893,0.7,0.2444,4.0065,22.4046,13.7694,14.363,13.9907
4609,-64.8171,-11.2737,0.6894,0.7,0.3583,3.9944,22.4056,13.7694,14.3639,13.9907
4610,-64.8343,-11.0158,0.6896,0.7,0.4889,3.9991,22.4065,13.7694,14.3648,13.9907
4611,-64.4926,-10.7976,0.6896,0.7,0.3903,4.0,22.4074,13.7694,14.3648,13.9907
4612,-63.5014,-10.6191,0.6896,0.7,0.4278,3.9667,22.4083,13.7694,14.3657,13.9907
4613,-62.8955,-10.4669,0.6896,0.7,0.6333,4.0185,22.4093,13.7694,14.3657,13.9907
4614,-61.9425,-10.2258,0.6896,0.7,2.3597,3.9889,22.4102,13.7704,14.3667,13.9917
4615,-60.2382,-10.1069,0.6895,0.7,3.1903,3.9852,22.412,13.7704,14.3667,13.9917
4616,-57.3181,-10.2701,0.6893,0.7,3.2986,4.0176,22.413,13.7704,14.3676,13.9917
4617,-54.6654,-10.7011,0.6889,0.7,2.5569,3.9583,22.4139,13.7704,14.3676,13.9917
4618,-54.5589,-11.075,0.6886,0.7,1.8694,3.9352,22.4148,13.7704,14.3685,13.9917
4619,-54.7538,-11.3822,0.6884,0.7,1.5625,4.0037,22.4157,13.7704,14.3694,13.9917
4620,-55.6773,-11.6418,0.6882,0.7,1.0292,4.012,22.4167,13.7704,14.3694,13.9917
4621,-56.9986,-11.766,0.6882,0.7,0.8653,3.9731,22.4176,13.7704,14.3704,13.9917
4622,-58.1183,-12.0593,0.688,0.7,0.5,3.9574,22.4185,13.7704,14.3704,13.9926
4623,-59.0973,-12.1124,0.688,0.7,0.4472,3.9972,22.4204,13.7704,14.3713,13.9926
4624,-59.8078,-12.1664,0.688,0.7,0.3375,3.9898,22.4213,13.7704,14.3713,13.9926
4625,-60.6949,-12.2656,0.6879,0.7,0.2111,3.9667,22.4222,13.7704,14.3722,13.9926
4626,-61.365,-12.2582,0.6879,0.7,0.1417,4.0083,22.4231,13.7704,14.3731,13.9926
4627,-62.0185,-12.278,0.6879,0.7,0.1528,4.0269,22.4241,13.7704,14.3731,13.9926
4628,-62.5786,-12.3015,0.6879,0.7,0.0569,4.063,22.425,13.7704,14.3741,13.9926
4629,-63.3338,-12.2758,0.6879,0.7,0.0778,3.9713,22.4269,13.7704,14.3741,13.9926
4630,-63.6061,-12.2501,0.6879,0.7,0.0611,4.0102,22.4278,13.7704,14.375,13.9926
4631,-63.8494,-12.206,0.6878,0.7,0.0347,3.9657,22.4287,13.7713,14.3759,13.9926
4632,-64.3135,-12.1328,0.6878,0.7,0.1,4.0083,22.4296,13.7713,14.3759,13.9926
4633,-64.393,-12.0648,0.6879,0.7,0.0722,3.9935,22.4306,13.7713,14.3769,13.9926
4634,-64.8371,-11.8921,0.6879,0.7,0.1014,4.0,22.4324,13.7713,14.3769,13.9926
4635,-65.0383,-11.861,0.6879,0.7,0.1083,4.0037,22.4333,13.7713,14.3778,13.9926
4636,-65.2695,-11.7445,0.6879,0.7,0.1236,4.0713,22.4343,13.7713,14.3787,13.9926
4637,-65.4559,-11.6354,0.6879,0.7,0.1542,3.9926,22.4352,13.7713,14.3787,13.9926
4638,-65.6713,-11.4531,0.6878,0.7,0.1639,4.0472,22.437,13.7713,14.3796,13.9926
4639,-65.317,-11.3465,0.6878,0.7,0.3,3.987,22.438,13.7713,14.3796,13.9926
4640,-65.2192,-11.2228,0.688,0.7,0.3403,4.0,22.4389,13.7713,14.3806,13.9926
4641,-65.1157,-11.0697,0.688,0.7,0.4222,3.9685,22.4398,13.7713,14.3815,13.9926
4642,-64.5459,-10.7663,0.6881,0.7,0.3847,4.0463,22.4417,13.7713,14.3815,13.9926
4643,-63.8191,-10.7122,0.6881,0.7,0.3611,3.9269,22.4426,13.7713,14.3824,13.9926
4644,-62.8749,-10.4151,0.6881,0.7,0.7389,4.0333,22.4435,13.7713,14.3833,13.9926
4645,-61.8912,-10.3379,0.6882,0.7,1.5847,3.9824,22.4454,13.7713,14.3833,13.9926
4646,-60.887,-10.18,0.6882,0.7,2.9903,3.9935,22.4463,13.7713,14.3843,13.9926
4647,-59.354,-10.1584,0.6881,0.7,3.4194,3.9648,22.4472,13.7713,14.3843,13.9926
4648,-56.3353,-10.396,0.6878,0.7,3.0069,3.9769,22.4481,13.7713,14.3852,13.9926
4649,-54.7402,-10.8237,0.6875,0.7,2.1875,4.0157,22.45,13.7713,14.3861,13.9926
4650,-54.887,-11.2773,0.6871,0.7,1.6458,4.0454,22.4509,13.7713,14.3861,13.9926
4651,-55.5635,-11.5751,0.687,0.7,1.1806,3.9472,22.4519,13.7713,14.387,13.9926
4652,-56.5996,-11.8532,0.6869,0.7,0.8264,3.9991,22.4528,13.7722,14.388,13.9935
4653,-58.214,-12.0439,0.6867,0.7,0.4861,4.0065,22.4546,13.7722,14.388,13.9935
4654,-59.2453,-12.1005,0.6866,0.7,0.3458,4.0435,22.4556,13.7722,14.3889,13.9935
4655,-59.9117,-12.166,0.6866,0.7,0.2653,3.9815,22.4565,13.7722,14.3898,13.9935
4656,-60.4618,-12.1901,0.6867,0.7,0.1708,3.9972,22.4574,13.7722,14.3898,13.9935
4657,-61.0705,-12.3144,0.6867,0.7,0.0931,4.0139,22.4593,13.7722,14.3907,13.9935
4658,-61.6783,-12.3097,0.6867,0.7,0.1069,3.9981,22.4602,13.7722,14.3907,13.9935
4659,-61.9726,-12.2703,0.6868,0.7,0.0944,4.0259,22.4611,13.7722,14.3917,13.9935
4660,-62.4863,-12.3117,0.6869,0.7,0.0556,4.0102,22.463,13.7722,14.3926,13.9935
4661,-63.1279,-12.2864,0.687,0.7,0.0778,3.9731,22.4639,13.7722,14.3926,13.9935
4662,-63.5809,-12.2667,0.687,0.7,0.0708,3.9926,22.4648,13.7722,14.3935,13.9935
4663,-63.8675,-12.1818,0.687,0.7,0.0875,4.0056,22.4667,13.7731,14.3944,13.9944
4664,-64.0466,-12.1421,0.6871,0.7,0.0764,3.9769,22.4676,13.7731,14.3944,13.9944
4665,-64.7941,-12.0759,0.6871,0.7,0.0597,3.9917,22.4685,13.7731,14.3954,13.9944
4666,-64.9284,-11.965,0.6871,0.7,0.1125,4.012,22.4694,13.7731,14.3963,13.9944
4667,-65.2316,-11.9438,0.6871,0.7,0.0722,3.9926,22.4713,13.7731,14.3963,13.9944
4668,-64.9928,-11.8621,0.6871,0.7,0.1,4.0185,22.4722,13.7731,14.3972,13.9944
4669,-65.166,-11.7856,0.6871,0.7,0.0722,4.0019,22.4731,13.7731,14.3981,13.9944
4670,-65.2782,-11.6571,0.6871,0.7,0.2389,4.0028,22.475,13.7731,14.3981,13.9944
4671,-65.4162,-11.4959,0.6871,0.7,0.2458,4.0352,22.4759,13.7731,14.3991,13.9944
4672,-65.4889,-11.3586,0.6872,0.7,0.2333,3.9741,22.4769,13.7731,14.4,13.9944
4673,-65.3998,-11.2063,0.6872,0.7,0.2514,4.0037,22.4787,13.7731,14.4,13.9944
4674,-65.3706,-11.2394,0.6871,0.7,0.3208,4.0269,22.4796,13.7731,14.4009,13.9944
4675,-65.3755,-11.1334,0.6871,0.7,0.4444,4.0269,22.4806,13.7731,14.4019,13.9944
4676,-65.1731,-11.0137,0.6871,0.7,0.3875,4.0481,22.4824,13.7731,14.4019,13.9944
4677,-64.8773,-10.8542,0.687,0.7,0.5111,3.9648,22.4833,13.7731,14.4028,13.9944
4678,-64.0256,-10.7598,0.687,0.7,0.4333,3.9963,22.4852,13.7731,14.4037,13.9944
4679,-63.8896,-10.6641,0.6871,0.7,0.3694,3.9935,22.4861,13.7731,14.4037,13.9944
4680,-63.4271,-10.5416,0.687,0.7,0.4667,4.0176,22.487,13.7731,14.4046,13.9944
4681,-63.0453,-10.3717,0.687,0.7,0.7014,3.975,22.4889,13.7731,14.4056,13.9944
4682,-62.0007,-10.2073,0.6869,0.7,2.1403,4.0296,22.4898,13.7731,14.4056,13.9944
4683,-61.2419,-10.0737,0.6868,0.7,3.1806,3.9981,22.4907,13.7731,14.4065,13.9944
4684,-59.5414,-10.0939,0.6867,0.7,3.2639,4.0315,22.4926,13.7731,14.4074,13.9944
4685,-54.523,-10.4988,0.6862,0.7,3.1014,4.0287,22.4935,13.7731,14.4074,13.9944
4686,-53.7513,-10.6884,0.686,0.7,2.9278,3.9537,22.4954,13.7731,14.4083,13.9944
4687,-53.9825,-10.9001,0.6858,0.7,2.3056,3.9861,22.4963,13.7741,14.4093,13.9944
4688,-54.1883,-11.2414,0.6855,0.7,1.9014,3.9593,22.4972,13.7741,14.4102,13.9944
4689,-55.1259,-11.4687,0.6853,0.7,1.3069,4.0093,22.4991,13.7741,14.4102,13.9944
4690,-56.4074,-11.6033,0.6852,0.7,1.2069,4.0019,22.5,13.775,14.4111,13.9944
4691,-57.3917,-11.7926,0.6851,0.7,0.7708,4.0083,22.5019,13.775,14.412,13.9944
4692,-57.9532,-11.8691,0.6851,0.7,0.6167,3.9935,22.5028,13.775,14.412,13.9944
4693,-58.6884,-12.041,0.685,0.7,0.3583,4.0417,22.5046,13.775,14.413,13.9944
4694,-59.3756,-12.1876,0.6849,0.7,0.3569,3.9685,22.5056,13.775,14.4139,13.9944
4695,-59.4884,-12.1696,0.6849,0.7,0.2653,4.0333,22.5074,13.775,14.4148,13.9944
4696,-60.6227,-12.2725,0.685,0.7,0.1833,3.9815,22.5083,13.775,14.4148,13.9944
4697,-61.117,-12.2952,0.685,0.7,0.1694,4.0241,22.5102,13.775,14.4157,13.9944
4698,-61.5534,-12.3286,0.685,0.7,0.1153,4.0324,22.5111,13.775,14.4167,13.9944
4699,-62.4154,-12.3071,0.685,0.7,0.075,3.962,22.513,13.775,14.4167,13.9944
4700,-62.7979,-12.3689,0.6849,0.7,0.0486,4.0176,22.5139,13.775,14.4176,13.9944
4701,-62.9545,-12.3219,0.6848,0.7,0.0736,3.9917,22.5157,13.7741,14.4185,13.9944
4702,-63.1211,-12.274,0.6849,0.7,0.1153,4.0194,22.5167,13.7741,14.4194,13.9944
4703,-63.5582,-12.2525,0.6849,0.7,0.0681,4.0139,22.5185,13.7741,14.4194,13.9944
4704,-64.1056,-12.1769,0.685,0.7,0.0611,3.9787,22.5194,13.7741,14.4204,13.9944
4705,-64.5179,-12.1232,0.6851,0.7,0.0514,3.9583,22.5213,13.7741,14.4213,13.9944
4706,-64.7325,-12.0486,0.685,0.7,0.1403,3.987,22.5222,13.7741,14.4222,13.9944
4707,-64.778,-11.9426,0.685,0.7,0.1264,3.9917,22.5241,13.775,14.4222,13.9944
4708,-65.0742,-11.8911,0.6851,0.7,0.0958,3.9741,22.525,13.775,14.4231,13.9944
4709,-65.2282,-11.8278,0.6851,0.7,0.1694,3.9306,22.5269,13.775,14.4241,13.9944
4710,-65.3697,-11.6887,0.6852,0.7,0.1819,3.9583,22.5278,13.775,14.425,13.9944
4711,-65.6985,-11.4698,0.6853,0.7,0.2444,3.9602,22.5296,13.775,14.4259,13.9944
4712,-65.4759,-11.312,0.6853,0.7,0.2958,4.0139,22.5306,13.775,14.4259,13.9944
4713,-65.4099,-11.134,0.6854,0.7,0.3014,4.0093,22.5324,13.775,14.4269,13.9944
4714,-65.2385,-10.9947,0.6854,0.7,0.3861,4.0083,22.5333,13.775,14.4278,13.9944
4715,-64.7231,-10.9118,0.6855,0.7,0.3944,3.9852,22.5352,13.775,14.4287,13.9944
4716,-64.3115,-10.7182,0.6855,0.7,0.5014,4.0491,22.5361,13.775,14.4287,13.9944
4717,-63.4731,-10.5797,0.6855,0.7,0.3639,4.0435,22.538,13.775,14.4296,13.9944
4718,-62.769,-10.3757,0.6855,0.7,1.1514,4.0537,22.5389,13.775,14.4306,13.9944
4719,-62.1941,-10.2268,0.6856,0.7,2.0125,3.9722,22.5407,13.775,14.4315,13.9954
4720,-60.2124,-10.1242,0.6855,0.7,3.3097,3.9815,22.5417,13.775,14.4315,13.9954
4721,-59.3418,-10.1152,0.6855,0.7,3.3931,4.0102,22.5435,13.775,14.4324,13.9954
4722,-55.2758,-10.3951,0.6851,0.7,3.1958,3.9944,22.5444,13.7759,14.4333,13.9963
4723,-53.8555,-10.69,0.6849,0.7,2.4458,3.9491,22.5463,13.7759,14.4343,13.9963
4724,-54.4801,-10.8806,0.6848,0.7,2.0681,4.0231,22.5481,13.7759,14.4343,13.9963
4725,-54.7781,-11.248,0.6846,0.7,1.6403,3.9398,22.5491,13.7759,14.4352,13.9963
4726,-54.8851,-11.4026,0.6847,0.7,1.3597,4.062,22.5509,13.7759,14.4361,13.9963
4727,-56.0877,-11.677,0.6846,0.7,0.9153,3.9954,22.5519,13.7759,14.437,13.9963
4728,-57.0167,-11.814,0.6845,0.7,0.7431,3.9954,22.5537,13.7759,14.437,13.9963
4729,-58.0849,-11.9885,0.6845,0.7,0.5389,4.0056,22.5546,13.7759,14.438,13.9963
4730,-59.1262,-12.1322,0.6845,0.7,0.3722,4.0046,22.5565,13.7759,14.4389,13.9963
4731,-60.0512,-12.2221,0.6846,0.7,0.1444,3.9491,22.5574,13.7759,14.4398,13.9963
4732,-60.9358,-12.2807,0.6846,0.7,0.0958,4.0194,22.5593,13.7759,14.4398,13.9963
4733,-61.6858,-12.3318,0.6846,0.7,0.1319,3.9491,22.5602,13.7769,14.4407,13.9972
4734,-62.0505,-12.34,0.6846,0.7,0.0514,4.0444,22.562,13.7769,14.4417,13.9972
4735,-62.4295,-12.327,0.6846,0.7,0.0764,4.0093,22.563,13.7769,14.4426,13.9972
4736,-62.4533,-12.3056,0.6846,0.7,0.0292,3.9704,22.5648,13.7769,14.4426,13.9972
4737,-63.0854,-12.2759,0.6846,0.7,0.0514,3.9574,22.5657,13.7769,14.4435,13.9972
4738,-63.1786,-12.2809,0.6846,0.7,0.0417,4.0019,22.5676,13.7769,14.4444,13.9972
4739,-63.8709,-12.2314,0.6847,0.7,0.0681,4.037,22.5685,13.7769,14.4454,13.9972
4740,-64.005,-12.1622,0.6847,0.7,0.075,3.9676,22.5704,13.7769,14.4454,13.9972
4741,-64.3147,-12.076,0.6848,0.7,0.1264,3.9926,22.5713,13.7769,14.4463,13.9972
4742,-64.6784,-12.0169,0.6849,0.7,0.1278,4.038,22.5731,13.7769,14.4472,13.9972
4743,-64.5975,-11.949,0.685,0.7,0.1278,4.0676,22.575,13.7769,14.4481,13.9972
4744,-65.1672,-11.8453,0.6851,0.7,0.1403,3.9648,22.5759,13.7769,14.4491,13.9972
4745,-65.7214,-11.6399,0.6852,0.7,0.1389,3.9963,22.5778,13.7769,14.4491,13.9972
4746,-65.4407,-11.6051,0.6851,0.7,0.1514,4.0102,22.5787,13.7769,14.45,13.9972
4747,-65.6328,-11.521,0.6852,0.7,0.1944,3.9741,22.5806,13.7778,14.4509,13.9981
4748,-65.392,-11.3424,0.6853,0.7,0.2764,3.9722,22.5815,13.7778,14.4519,13.9981
4749,-65.0895,-11.1933,0.6854,0.7,0.2903,3.9519,22.5833,13.7778,14.4519,13.9981
4750,-65.3658,-11.0389,0.6854,0.7,0.3583,3.9694,22.5843,13.7778,14.4528,13.9981
4751,-64.8213,-10.9052,0.6854,0.7,0.4514,3.9963,22.5861,13.7778,14.4537,13.9981
4752,-63.8769,-10.7026,0.6854,0.7,0.5264,3.9685,22.587,13.7787,14.4546,13.9991
4753,-63.5639,-10.5724,0.6855,0.7,0.4097,3.9824,22.5889,13.7787,14.4546,13.9991
4754,-62.7784,-10.4492,0.6855,0.7,0.8028,3.9991,22.5898,13.7787,14.4556,13.9991
4755,-61.6272,-10.2143,0.6855,0.7,2.1875,4.0463,22.5917,13.7787,14.4565,13.9991
4756,-59.6282,-10.1458,0.6855,0.7,3.2681,3.9713,22.5926,13.7787,14.4574,13.9991
4757,-57.2822,-10.2744,0.6853,0.7,3.0708,4.0324,22.5944,13.7787,14.4574,13.9991
4758,-54.813,-10.6368,0.6849,0.7,2.6458,3.9648,22.5954,13.7787,14.4583,13.9991
4759,-53.6996,-11.0614,0.6846,0.7,1.8792,4.0333,22.5972,13.7787,14.4593,13.9991
4760,-54.5944,-11.3498,0.6844,0.7,1.5042,4.0083,22.5991,13.7787,14.4602,13.9991
4761,-56.046,-11.6793,0.6842,0.7,0.9167,3.9611,22.6,13.7787,14.4602,13.9991
4762,-57.1827,-11.9194,0.6841,0.7,0.5528,3.9565,22.6019,13.7787,14.4611,13.9991
4763,-58.5846,-12.1158,0.684,0.7,0.4125,4.0176,22.6028,13.7787,14.462,13.9991
4764,-59.31,-12.1667,0.684,0.7,0.2278,3.9963,22.6046,13.7787,14.463,13.9991
4765,-60.4644,-12.2683,0.684,0.7,0.1986,3.9722,22.6056,13.7787,14.4639,13.9991
4766,-60.999,-12.2697,0.684,0.7,0.0833,4.013,22.6074,13.7787,14.4639,13.9991
4767,-61.7102,-12.3368,0.684,0.7,0.0792,4.0046,22.6083,13.7787,14.4648,13.9991
4768,-62.2166,-12.3158,0.684,0.7,0.0417,4.0296,22.6102,13.7787,14.4657,13.9991
4769,-62.695,-12.2888,0.6841,0.7,0.075,3.9944,22.612,13.7787,14.4667,13.9991
4770,-63.1255,-12.2636,0.6843,0.7,0.0861,3.9889,22.613,13.7787,14.4667,13.9991
4771,-63.4103,-12.2728,0.6843,0.7,0.0681,4.012,22.6148,13.7787,14.4676,13.9991
4772,-63.674,-12.2179,0.6844,0.7,0.0444,3.962,22.6157,13.7787,14.4685,13.9991
4773,-64.0215,-12.1513,0.6844,0.7,0.0347,3.9796,22.6176,13.7787,14.4694,13.9991
4774,-64.523,-12.0949,0.6845,0.7,0.075,3.9296,22.6185,13.7787,14.4704,13.9991
4775,-64.608,-11.9814,0.6845,0.7,0.0708,4.0065,22.6204,13.7787,14.4704,13.9991
4776,-64.8499,-11.8887,0.6846,0.7,0.1056,3.9991,22.6222,13.7787,14.4713,13.9991
4777,-64.9077,-11.8152,0.6846,0.7,0.1444,4.0315,22.6231,13.7787,14.4722,13.9991
4778,-65.2907,-11.6929,0.6847,0.7,0.1639,3.9509,22.625,13.7787,14.4731,13.9991
4779,-65.065,-11.6215,0.6847,0.7,0.1653,4.0019,22.6259,13.7787,14.4731,13.9991
4780,-65.473,-11.4873,0.6848,0.7,0.2708,3.9611,22.6278,13.7787,14.4741,13.9991
4781,-65.503,-11.3779,0.685,0.7,0.3153,4.0037,22.6287,13.7787,14.475,13.9991
4782,-65.2369,-11.311,0.685,0.7,0.35,4.0213,22.6306,13.7787,14.4759,13.9991
4783,-65.1161,-11.0428,0.6851,0.7,0.4153,3.9546,22.6324,13.7787,14.4769,13.9991
4784,-65.2234,-10.9075,0.6851,0.7,0.4153,4.0074,22.6333,13.7787,14.4769,13.9991
4785,-64.4029,-10.7997,0.6851,0.7,0.3111,3.9843,22.6352,13.7787,14.4778,13.9991
4786,-63.7926,-10.5369,0.6852,0.7,0.4778,4.0056,22.6361,13.7787,14.4787,13.9991
4787,-62.6516,-10.4137,0.6852,0.7,0.925,3.987,22.638,13.7787,14.4796,13.9991
4788,-61.9181,-10.3099,0.6853,0.7,1.9597,4.0111,22.6389,13.7787,14.4796,13.9991
4789,-61.0655,-10.1979,0.6854,0.7,2.7861,4.0065,22.6407,13.7787,14.4806,13.9991
4790,-58.5969,-10.2297,0.6853,0.7,3.4389,4.0111,22.6426,13.7787,14.4815,13.9991
4791,-56.4349,-10.4687,0.6851,0.7,2.6278,4.0176,22.6435,13.7787,14.4824,13.9991
4792,-54.5977,-10.9932,0.6848,0.7,1.9083,4.0102,22.6454,13.7787,14.4833,13.9991
4793,-54.6942,-11.2428,0.6848,0.7,1.3903,3.9833,22.6463,13.7787,14.4833,13.9991
4794,-56.3027,-11.5072,0.6846,0.7,1.0125,4.0074,22.6481,13.7787,14.4843,13.9991
4795,-57.8973,-11.8832,0.6845,0.7,0.7014,3.9981,22.6491,13.7787,14.4852,13.9991
4796,-58.9848,-12.031,0.6845,0.7,0.4597,3.975,22.6509,13.7787,14.4861,13.9991
4797,-60.1429,-12.2205,0.6844,0.7,0.2306,3.9741,22.6519,13.7796,14.4861,13.9991
4798,-60.4277,-12.2095,0.6844,0.7,0.1542,3.9417,22.6537,13.7796,14.487,14.0
4799,-61.1716,-12.2223,0.6845,0.7,0.2153,4.013,22.6546,13.7796,14.488,14.0
4800,-61.7142,-12.2744,0.6847,0.7,0.0694,3.9333,22.6565,13.7796,14.4889,14.0
4801,-62.461,-12.3041,0.6847,0.7,0.0292,3.9907,22.6574,13.7796,14.4889,14.0
4802,-62.9752,-12.2889,0.6848,0.7,0.0819,3.9667,22.6593,13.7796,14.4898,14.0
4803,-63.2931,-12.2701,0.6848,0.7,0.0819,4.0213,22.6602,13.7796,14.4907,14.0
4804,-63.7098,-12.2123,0.6849,0.7,0.0944,3.9769,22.662,13.7796,14.4917,14.0
4805,-63.821,-12.1358,0.685,0.7,0.0931,4.0093,22.663,13.7796,14.4917,14.0
4806,-64.2979,-12.0638,0.6852,0.7,0.0333,4.0222,22.6648,13.7796,14.4926,14.0
4807,-64.5957,-11.9798,0.6854,0.7,0.0944,3.9778,22.6657,13.7796,14.4935,14.0
4808,-64.6512,-11.8463,0.6855,0.7,0.1347,4.0667,22.6676,13.7796,14.4944,14.0
4809,-64.967,-11.7476,0.6856,0.7,0.1556,3.9315,22.6685,13.7796,14.4944,14.0
4810,-65.4212,-11.6343,0.6857,0.7,0.1667,4.0083,22.6704,13.7796,14.4954,14.0
4811,-65.3373,-11.4023,0.6858,0.7,0.2472,3.9972,22.6713,13.7796,14.4963,14.0
4812,-65.3223,-11.1964,0.6859,0.7,0.2847,3.9833,22.6731,13.7796,14.4972,14.0
4813,-65.0406,-11.0068,0.686,0.7,0.4167,4.0315,22.6741,13.7796,14.4972,14.0
4814,-64.4728,-10.8507,0.6861,0.7,0.45,4.0019,22.6759,13.7796,14.4981,14.0
4815,-64.4069,-10.6925,0.6861,0.7,0.3653,4.0046,22.6769,13.7796,14.4991,14.0
4816,-63.6044,-10.5195,0.6861,0.7,0.4097,4.0009,22.6787,13.7796,14.4991,14.0
4817,-62.4735,-10.3826,0.6861,0.7,1.075,4.0759,22.6796,13.7796,14.5,14.0
4818,-61.865,-10.1708,0.6861,0.7,2.3611,4.0398,22.6815,13.7796,14.5009,14.0
4819,-60.5475,-10.1369,0.6861,0.7,3.4028,3.9611,22.6824,13.7796,14.5019,14.0
4820,-57.4424,-10.2946,0.6859,0.7,3.1986,4.0259,22.6843,13.7796,14.5019,14.0
4821,-54.2995,-10.7369,0.6856,0.7,2.3528,4.0037,22.6852,13.7796,14.5028,14.0
4822,-53.5475,-11.248,0.6853,0.7,1.5403,3.9528,22.6861,13.7796,14.5037,14.0
4823,-55.1924,-11.2463,0.6854,0.7,1.5722,3.9824,22.688,13.7796,14.5046,14.0
4824,-56.3092,-11.6344,0.6853,0.7,0.8139,3.9657,22.6889,13.7796,14.5046,14.0
4825,-57.5963,-11.9248,0.6852,0.7,0.5944,3.9528,22.6907,13.7796,14.5056,14.0
4826,-58.4637,-12.0269,0.6852,0.7,0.3611,3.9954,22.6917,13.7796,14.5065,14.0
4827,-59.0423,-12.0858,0.6853,0.7,0.4389,4.0046,22.6935,13.7796,14.5065,14.0
4828,-60.1329,-12.1325,0.6855,0.7,0.2139,4.0306,22.6944,13.7796,14.5074,14.0
4829,-61.4111,-12.2726,0.6855,0.7,0.1042,4.0102,22.6963,13.7796,14.5083,14.0
4830,-62.1631,-12.261,0.6856,0.7,0.1514,3.9574,22.6972,13.7796,14.5093,14.0
4831,-62.3939,-12.2829,0.6857,0.7,0.0694,3.9602,22.6981,13.7796,14.5093,14.0
4832,-63.0563,-12.2753,0.6859,0.7,0.1069,3.9602,22.7,13.7796,14.5102,14.0
4833,-63.3629,-12.2656,0.6859,0.7,0.0569,4.0157,22.7009,13.7796,14.5111,14.0
4834,-63.9625,-12.1782,0.686,0.7,0.0833,3.9796,22.7028,13.7796,14.5111,14.0
4835,-64.473,-12.0729,0.686,0.7,0.0569,4.0241,22.7037,13.7796,14.512,14.0
4836,-64.6402,-11.9802,0.6861,0.7,0.1014,4.0315,22.7046,13.7796,14.513,14.0
4837,-65.0623,-11.8389,0.6861,0.7,0.1431,4.0222,22.7065,13.7796,14.513,14.0
4838,-64.9662,-11.7934,0.6862,0.7,0.1389,3.9843,22.7074,13.7796,14.5139,14.0
4839,-65.322,-11.5894,0.6863,0.7,0.1819,4.0148,22.7093,13.7796,14.5148,14.0
4840,-65.5348,-11.4732,0.6864,0.7,0.2292,4.0593,22.7102,13.7796,14.5157,14.0
4841,-65.328,-11.3441,0.6864,0.7,0.2653,4.0046,22.712,13.7796,14.5157,14.0
4842,-65.466,-11.2003,0.6865,0.7,0.3319,4.0333,22.713,13.7796,14.5167,14.0
4843,-64.7706,-11.0166,0.6865,0.7,0.5111,4.0074,22.7139,13.7796,14.5176,14.0
4844,-64.6336,-10.7672,0.6865,0.7,0.4306,3.9815,22.7157,13.7796,14.5176,14.0
4845,-63.6844,-10.5818,0.6866,0.7,0.4444,4.0833,22.7167,13.7796,14.5185,14.0
4846,-63.0516,-10.4669,0.6865,0.7,0.4903,3.9852,22.7185,13.7796,14.5194,14.0
4847,-62.2845,-10.2435,0.6865,0.7,1.7556,3.9926,22.7194,13.7796,14.5204,14.0
4848,-60.0917,-10.1272,0.6863,0.7,3.7056,4.0583,22.7204,13.7796,14.5204,14.0
4849,-58.7467,-10.1302,0.6862,0.7,3.6153,4.0278,22.7222,13.7796,14.5213,14.0
4850,-55.3393,-10.4596,0.6859,0.7,3.0389,3.9954,22.7231,13.7796,14.5222,14.0
4851,-53.8367,-10.7681,0.6856,0.7,2.2736,3.9704,22.725,13.7796,14.5222,14.0
4852,-54.6441,-11.0824,0.6854,0.7,1.6208,3.9815,22.7259,13.7796,14.5231,14.0
4853,-55.2927,-11.3202,0.6853,0.7,1.4278,3.9833,22.7278,13.7796,14.5241,14.0
4854,-55.7066,-11.6241,0.6851,0.7,0.8736,4.0037,22.7287,13.7796,14.525,14.0
4855,-57.363,-11.9052,0.685,0.7,0.5931,4.0463,22.7306,13.7796,14.525,14.0
4856,-58.1909,-12.0187,0.685,0.7,0.4083,3.9731,22.7315,13.7796,14.5259,14.0
4857,-59.9842,-12.2102,0.685,0.7,0.2306,4.0361,22.7333,13.7796,14.5269,14.0
4858,-60.775,-12.2612,0.685,0.7,0.1097,3.9537,22.7343,13.7796,14.5269,14.0
4859,-61.6283,-12.2925,0.685,0.7,0.1347,3.9889,22.7361,13.7806,14.5278,14.0009
4860,-62.1961,-12.32,0.685,0.7,0.0764,3.9815,22.737,13.7806,14.5287,14.0009
4861,-62.6939,-12.2979,0.6851,0.7,0.0833,4.0083,22.738,13.7806,14.5296,14.0009
4862,-63.2534,-12.2896,0.6851,0.7,0.0486,3.9778,22.7398,13.7824,14.5296,14.0019
4863,-63.6318,-12.2577,0.6852,0.7,0.0556,3.9861,22.7407,13.7824,14.5306,14.0019
4864,-63.8319,-12.2171,0.6852,0.7,0.0792,3.9898,22.7426,13.7824,14.5315,14.0019
4865,-64.4267,-12.1506,0.6852,0.7,0.0681,3.9963,22.7435,13.7824,14.5324,14.0019
4866,-64.3282,-12.0716,0.6852,0.7,0.0653,4.0009,22.7454,13.7824,14.5324,14.0019
4867,-64.9379,-11.9685,0.6852,0.7,0.1111,3.9667,22.7463,13.7824,14.5333,14.0019
4868,-64.9859,-11.856,0.6853,0.7,0.1181,3.988,22.7481,13.7824,14.5343,14.0019
4869,-65.4099,-11.7733,0.6854,0.7,0.1222,4.0065,22.7491,13.7824,14.5352,14.0019
4870,-65.4924,-11.622,0.6853,0.7,0.1958,4.0083,22.7509,13.7824,14.5352,14.0019
4871,-65.3602,-11.4295,0.6854,0.7,0.2083,4.0167,22.7519,13.7824,14.5361,14.0019
4872,-65.3826,-11.2057,0.6855,0.7,0.3986,4.0102,22.7537,13.7824,14.537,14.0019
4873,-65.3031,-11.1224,0.6855,0.7,0.2819,3.9824,22.7546,13.7824,14.538,14.0019
4874,-64.8625,-10.9548,0.6856,0.7,0.4389,4.0426,22.7565,13.7824,14.538,14.0019
4875,-64.437,-10.793,0.6856,0.7,0.4569,4.0324,22.7583,13.7824,14.5389,14.0019
4876,-63.8876,-10.6669,0.6856,0.7,0.3458,3.9806,22.7593,13.7824,14.5398,14.0019
4877,-62.758,-10.486,0.6857,0.7,0.6694,4.0194,22.7611,13.7824,14.5407,14.0019
4878,-62.5885,-10.3543,0.6857,0.7,1.3403,3.9954,22.762,13.7824,14.5407,14.0019
4879,-61.3879,-10.2474,0.6857,0.7,2.575,3.9657,22.7639,13.7824,14.5417,14.0019
4880,-60.1956,-10.1572,0.6857,0.7,3.0111,3.9435,22.7648,13.7824,14.5426,14.0019
4881,-57.5029,-10.2764,0.6855,0.7,2.8875,4.0176,22.7667,13.7824,14.5435,14.0019
4882,-55.2901,-10.5419,0.6853,0.7,2.9083,4.012,22.7676,13.7824,14.5435,14.0019
4883,-55.3985,-10.8498,0.6852,0.7,2.3403,4.0102,22.7694,13.7824,14.5444,14.0019
4884,-54.9696,-11.296,0.6849,0.7,1.2875,3.9944,22.7704,13.7824,14.5454,14.0019
4885,-56.3352,-11.5871,0.6848,0.7,0.9792,4.0426,22.7722,13.7824,14.5463,14.0019
4886,-56.9368,-11.9025,0.6847,0.7,0.7444,4.0352,22.7731,13.7824,14.5463,14.0019
4887,-58.3921,-12.0222,0.6846,0.7,0.3569,4.0028,22.775,13.7824,14.5472,14.0019
4888,-59.1119,-12.032,0.6847,0.7,0.4097,3.9667,22.7759,13.7824,14.5481,14.0019
4889,-60.0394,-12.1929,0.6846,0.7,0.1958,4.1,22.7778,13.7824,14.5491,14.0019
4890,-60.8736,-12.2763,0.6847,0.7,0.1014,4.0361,22.7787,13.7824,14.5491,14.0019
4891,-61.1784,-12.1864,0.6848,0.7,0.1722,4.0259,22.7806,13.7833,14.55,14.0028
4892,-62.0312,-12.2536,0.685,0.7,0.0764,4.0157,22.7815,13.7833,14.5509,14.0028
4893,-62.6958,-12.2907,0.6851,0.7,0.0667,4.0148,22.7833,13.7833,14.5519,14.0028
4894,-63.2775,-12.2378,0.6852,0.7,0.0875,3.9611,22.7843,13.7843,14.5519,14.0037
4895,-63.4124,-12.238,0.6852,0.7,0.05,4.0046,22.7861,13.7843,14.5528,14.0037
4896,-64.1237,-12.183,0.6852,0.7,0.0847,3.9963,22.787,13.7843,14.5537,14.0037
4897,-64.5319,-12.1006,0.6852,0.7,0.0583,3.9685,22.7889,13.7843,14.5537,14.0037
4898,-64.6015,-12.0209,0.6852,0.7,0.0792,3.9981,22.7898,13.7843,14.5546,14.0037
4899,-65.0154,-11.9444,0.6853,0.7,0.0972,3.9898,22.7917,13.7843,14.5556,14.0037
4900,-65.1147,-11.8218,0.6854,0.7,0.1292,4.0056,22.7926,13.7843,14.5565,14.0037
4901,-65.2878,-11.711,0.6854,0.7,0.1014,4.0009,22.7944,13.7843,14.5565,14.0037
4902,-65.463,-11.5462,0.6854,0.7,0.1708,4.0028,22.7954,13.7843,14.5574,14.0037
4903,-65.3257,-11.4418,0.6855,0.7,0.2806,4.025,22.7972,13.7843,14.5583,14.0046
4904,-65.409,-11.3711,0.6855,0.7,0.2472,4.0306,22.7981,13.7843,14.5593,14.0046
4905,-65.1409,-11.2293,0.6856,0.7,0.3319,4.0204,22.8,13.7843,14.5593,14.0046
4906,-65.3166,-11.0948,0.6857,0.7,0.4611,3.9898,22.8009,13.7843,14.5602,14.0046
4907,-64.8419,-10.9238,0.6857,0.7,0.3583,3.9463,22.8028,13.7843,14.5611,14.0046
4908,-64.2522,-10.6755,0.6857,0.7,0.4208,4.0222,22.8037,13.7852,14.562,14.0056
4909,-63.6806,-10.5196,0.6857,0.7,0.3611,4.0222,22.8056,13.7852,14.562,14.0056
4910,-63.1981,-10.4584,0.6857,0.7,0.7958,3.9981,22.8065,13.7852,14.563,14.0056
4911,-62.4761,-10.421,0.6858,0.7,1.2639,4.0667,22.8083,13.7852,14.5639,14.0056
4912,-61.3139,-10.2385,0.6858,0.7,2.3417,3.9685,22.8093,13.7852,14.5648,14.0056
4913,-59.7875,-10.212,0.6858,0.7,3.3486,4.0148,22.8111,13.7861,14.5648,14.0056
4914,-57.4978,-10.2648,0.6857,0.7,3.3875,3.9963,22.812,13.787,14.5657,14.0065
4915,-55.1632,-10.6085,0.6854,0.7,2.6347,4.0019,22.8139,13.787,14.5667,14.0065
4916,-54.9582,-10.6977,0.6854,0.7,2.4194,4.0065,22.8148,13.787,14.5676,14.0065
4917,-54.8863,-11.1594,0.6851,0.7,1.5069,4.0139,22.8167,13.788,14.5676,14.0065
4918,-55.6066,-11.4458,0.685,0.7,1.35,4.013,22.8176,13.788,14.5685,14.0065
4919,-56.1918,-11.6966,0.6849,0.7,0.7681,4.0157,22.8185,13.7889,14.5694,14.0065
4920,-58.3915,-11.8994,0.685,0.7,0.65,3.9454,22.8204,13.7889,14.5704,14.0074
4921,-59.224,-12.0223,0.685,0.7,0.4611,3.9907,22.8213,13.7889,14.5704,14.0074
4922,-59.066,-12.1126,0.6851,0.7,0.3333,3.9509,22.8231,13.7889,14.5713,14.0074
4923,-60.45,-12.2377,0.6851,0.7,0.2014,4.0148,22.8241,13.7889,14.5722,14.0074
4924,-61.0479,-12.2391,0.6852,0.7,0.2472,4.0574,22.8259,13.7898,14.5731,14.0083
4925,-61.4437,-12.2913,0.6852,0.7,0.0847,4.0167,22.8269,13.7898,14.5731,14.0083
4926,-62.2348,-12.3449,0.6852,0.7,0.0389,4.0537,22.8287,13.7907,14.5741,14.0093
4927,-62.5951,-12.2765,0.6853,0.7,0.1236,3.9759,22.8296,13.7907,14.575,14.0093
4928,-63.1301,-12.2283,0.6854,0.7,0.0694,4.0528,22.8315,13.7907,14.575,14.0093
4929,-63.4719,-12.2038,0.6855,0.7,0.0625,4.0056,22.8324,13.7907,14.5759,14.0093
4930,-64.0906,-12.1791,0.6856,0.7,0.0903,3.9528,22.8343,13.7907,14.5769,14.0093
4931,-64.0081,-12.0998,0.6856,0.7,0.0556,4.062,22.8352,13.7917,14.5778,14.0093
4932,-64.3699,-12.025,0.6857,0.7,0.0903,4.013,22.8361,13.7917,14.5778,14.0093
4933,-64.908,-11.9524,0.6858,0.7,0.1292,3.9991,22.838,13.7917,14.5787,14.0093
4934,-65.1594,-11.8317,0.6859,0.7,0.1111,3.9583,22.8389,13.7917,14.5796,14.0093
4935,-65.2291,-11.6758,0.6859,0.7,0.2319,4.0148,22.8407,13.7917,14.5796,14.0093
4936,-65.5854,-11.507,0.6859,0.7,0.2292,3.9574,22.8417,13.7917,14.5806,14.0093
4937,-65.4811,-11.3693,0.686,0.7,0.2097,4.0287,22.8435,13.7917,14.5815,14.0093
4938,-65.3023,-11.166,0.686,0.7,0.2986,4.0194,22.8444,13.7917,14.5824,14.0093
4939,-64.5769,-10.8901,0.6861,0.7,0.4653,3.9861,22.8463,13.7917,14.5824,14.0093
4940,-63.8809,-10.6693,0.6861,0.7,0.4194,4.0074,22.8472,13.7917,14.5833,14.0093
4941,-63.3819,-10.4403,0.6861,0.7,0.6889,4.0315,22.8491,13.7917,14.5843,14.0093
4942,-62.0437,-10.2429,0.6861,0.7,2.0014,4.013,22.85,13.7917,14.5852,14.0093
4943,-61.0377,-10.1598,0.6861,0.7,2.8319,3.9398,22.8519,13.7917,14.5852,14.0093
4944,-59.4316,-10.1166,0.686,0.7,3.5028,3.9861,22.8528,13.7917,14.5861,14.0093
4945,-54.7097,-10.4971,0.6856,0.7,3.1597,4.0259,22.8537,13.7917,14.587,14.0093
4946,-54.9525,-10.6475,0.6855,0.7,2.4333,3.9769,22.8556,13.7917,14.587,14.0093
4947,-54.1498,-11.0573,0.6853,0.7,1.9278,3.9954,22.8565,13.7917,14.588,14.0093
4948,-55.2392,-11.4038,0.6851,0.7,1.3833,3.9444,22.8583,13.7917,14.5889,14.0093
4949,-56.5299,-11.7381,0.6849,0.7,0.975,4.0185,22.8593,13.7917,14.5898,14.0093
4950,-57.1592,-11.7976,0.6849,0.7,0.8181,3.9963,22.8611,13.7917,14.5898,14.0093
4951,-58.2381,-11.9332,0.6848,0.7,0.5375,4.037,22.862,13.7917,14.5907,14.0093
4952,-58.5354,-12.0374,0.6848,0.7,0.4611,4.0185,22.8639,13.7917,14.5917,14.0093
4953,-58.9315,-12.0969,0.685,0.7,0.3097,4.0009,22.8648,13.7917,14.5926,14.0093
4954,-60.4092,-12.2129,0.685,0.7,0.2556,4.0083,22.8667,13.7917,14.5926,14.0093
4955,-60.587,-12.1755,0.685,0.7,0.2792,4.0389,22.8676,13.7917,14.5935,14.0093
4956,-61.3258,-12.2584,0.6851,0.7,0.1847,3.9185,22.8694,13.7917,14.5944,14.0093
4957,-61.5792,-12.2899,0.6852,0.7,0.1208,4.0222,22.8704,13.7917,14.5954,14.0093
4958,-62.0469,-12.2134,0.6854,0.7,0.2222,3.9907,22.8722,13.7917,14.5954,14.0093
4959,-62.3075,-12.2116,0.6855,0.7,0.0625,3.9528,22.8731,13.7917,14.5963,14.0083
4960,-62.5718,-12.2306,0.6857,0.7,0.1236,3.987,22.875,13.7917,14.5972,14.0083
4961,-63.1014,-12.1889,0.6858,0.7,0.0819,3.9722,22.8759,13.7917,14.5972,14.0083
4962,-63.582,-12.2039,0.6859,0.7,0.0653,3.9741,22.8769,13.7917,14.5981,14.0083
4963,-63.7083,-12.1341,0.686,0.7,0.0528,4.0037,22.8787,13.7917,14.5991,14.0083
4964,-64.2895,-12.0742,0.6862,0.7,0.1014,3.9898,22.8796,13.7917,14.5991,14.0083
4965,-64.8495,-11.979,0.6863,0.7,0.0958,3.9907,22.8815,13.7917,14.6,14.0083
4966,-65.1571,-11.856,0.6863,0.7,0.125,3.9481,22.8824,13.7917,14.6009,14.0083
4967,-65.0791,-11.7832,0.6864,0.7,0.1681,4.0,22.8833,13.7926,14.6019,14.0093
4968,-65.3062,-11.6163,0.6866,0.7,0.2264,4.0028,22.8852,13.7926,14.6019,14.0093
4969,-65.3002,-11.5947,0.6867,0.7,0.2292,4.0093,22.8861,13.7926,14.6028,14.0093
4970,-65.1969,-11.4607,0.687,0.7,0.2139,3.9806,22.888,13.7935,14.6037,14.0102
4971,-64.9502,-11.2851,0.6871,0.7,0.3,3.988,22.8889,13.7935,14.6037,14.0102
4972,-64.9928,-11.2026,0.6872,0.7,0.3708,3.9815,22.8898,13.7935,14.6046,14.0102
4973,-64.3767,-10.9983,0.6873,0.7,0.4847,3.9833,22.8917,13.7935,14.6056,14.0102
4974,-64.4021,-10.8415,0.6875,0.7,0.5292,3.9907,22.8926,13.7935,14.6056,14.0102
4975,-64.246,-10.7181,0.6876,0.7,0.3847,4.0315,22.8935,13.7935,14.6065,14.0102
4976,-63.3719,-10.5609,0.6877,0.7,0.6389,3.9769,22.8954,13.7935,14.6074,14.0102
4977,-62.2085,-10.4358,0.6878,0.7,1.4583,3.9778,22.8963,13.7935,14.6074,14.0102
4978,-61.5877,-10.2398,0.6879,0.7,2.8056,3.9787,22.8972,13.7935,14.6083,14.0102
4979,-59.6862,-10.1951,0.6879,0.7,3.1083,3.9898,22.8981,13.7935,14.6093,14.0111
4980,-57.512,-10.3701,0.6878,0.7,2.9333,3.9306,22.9,13.7935,14.6093,14.0111
4981,-55.6856,-10.6054,0.6877,0.7,2.6889,4.0056,22.9009,13.7935,14.6102,14.0111
4982,-54.205,-11.1171,0.6872,0.7,1.7236,3.9722,22.9019,13.7935,14.6102,14.0111
4983,-55.8768,-11.352,0.6872,0.7,1.2514,4.0343,22.9037,13.7935,14.6111,14.0111
4984,-56.4166,-11.7576,0.687,0.7,0.9167,4.0009,22.9046,13.7935,14.612,14.0111
4985,-57.8078,-11.8221,0.6871,0.7,0.7069,4.0139,22.9056,13.7944,14.612,14.012
4986,-58.225,-12.009,0.6871,0.7,0.6583,4.0343,22.9065,13.7944,14.613,14.012
4987,-59.6139,-12.0221,0.6873,0.7,0.4431,4.0167,22.9083,13.7954,14.6139,14.013
4988,-60.5889,-12.1555,0.6874,0.7,0.2722,3.9898,22.9093,13.7954,14.6139,14.0139
4989,-60.3146,-12.1939,0.6875,0.7,0.2097,3.9981,22.9102,13.7963,14.6148,14.0148
4990,-61.5729,-12.272,0.6876,0.7,0.1903,4.0056,22.9111,13.7972,14.6148,14.0148
4991,-62.1897,-12.2907,0.6876,0.7,0.0694,3.9333,22.912,13.7972,14.6157,14.0148
4992,-62.75,-12.2657,0.6877,0.7,0.0597,4.0176,22.9139,13.7972,14.6167,14.0157
4993,-63.1103,-12.2619,0.6878,0.7,0.0278,4.0139,22.9148,13.7972,14.6167,14.0157
4994,-63.8335,-12.2252,0.6878,0.7,0.0653,3.9759,22.9157,13.7972,14.6176,14.0157
4995,-64.2962,-12.1673,0.6879,0.7,0.0403,3.9519,22.9167,13.7972,14.6176,14.0157
4996,-64.486,-12.0437,0.6879,0.7,0.1069,3.9231,22.9185,13.7972,14.6185,14.0157
4997,-64.7384,-12.0067,0.688,0.7,0.0819,4.0324,22.9194,13.7972,14.6194,14.0157
4998,-64.8242,-11.9013,0.688,0.7,0.1097,3.9574,22.9204,13.7972,14.6194,14.0157
4999,-64.9034,-11.8277,0.6881,0.7,0.1347,4.0343,22.9213,13.7981,14.6204,14.0167
5000,-64.7472,-11.7843,0.6882,0.7,0.0972,4.0343,22.9222,13.7981,14.6204,14.0167
5001,-65.225,-11.6042,0.6883,0.7,0.1764,4.0583,22.9241,13.7981,14.6213,14.0176
5002,-65.5465,-11.4633,0.6883,0.7,0.3014,3.9806,22.925,13.7991,14.6222,14.0185
5003,-65.2736,-11.2436,0.6883,0.7,0.3708,3.9944,22.9259,13.7991,14.6222,14.0185
5004,-65.3294,-11.0856,0.6884,0.7,0.3514,3.9852,22.9269,13.7991,14.6231,14.0185
5005,-64.4492,-10.8934,0.6884,0.7,0.4958,4.0176,22.9287,13.7991,14.6231,14.0185
5006,-64.3048,-10.638,0.6884,0.7,0.3569,3.9889,22.9296,13.7991,14.6241,14.0185
5007,-63.2447,-10.5771,0.6884,0.7,0.4583,4.0056,22.9306,13.7991,14.625,14.0185
5008,-63.0251,-10.5224,0.6885,0.7,0.9611,4.0389,22.9315,13.7991,14.625,14.0185
5009,-61.8319,-10.286,0.6886,0.7,2.1569,4.0324,22.9324,13.8,14.6259,14.0185
5010,-60.0088,-10.1522,0.6886,0.7,3.4292,4.013,22.9343,13.8,14.6269,14.0185
5011,-58.7348,-10.2711,0.6886,0.7,2.9083,3.9824,22.9352,13.8,14.6269,14.0185
5012,-56.6415,-10.5377,0.6884,0.7,2.6611,4.0037,22.9361,13.8,14.6278,14.0185
5013,-54.4085,-10.9103,0.6881,0.7,2.0778,4.0167,22.937,13.8,14.6278,14.0185
5014,-55.6285,-11.4849,0.6878,0.7,1.2569,3.9444,22.938,13.8,14.6287,14.0185
5015,-57.3037,-11.8206,0.6877,0.7,0.7028,4.0037,22.9398,13.8,14.6296,14.0185
5016,-58.3227,-11.9203,0.6877,0.7,0.5875,3.9926,22.9407,13.8,14.6296,14.0185
5017,-57.8145,-11.9812,0.6878,0.7,0.5292,4.037,22.9417,13.8,14.6306,14.0185
5018,-59.4711,-12.0703,0.6878,0.7,0.4042,3.9759,22.9426,13.8,14.6306,14.0185
5019,-60.0132,-12.1636,0.6879,0.7,0.2931,4.0352,22.9435,13.8,14.6315,14.0185
5020,-60.7935,-12.2206,0.6879,0.7,0.1556,4.0241,22.9454,13.8,14.6315,14.0185
5021,-60.7915,-12.2013,0.688,0.7,0.1472,4.0019,22.9463,13.8,14.6324,14.0185
5022,-61.6853,-12.1987,0.6882,0.7,0.1542,4.0111,22.9472,13.8009,14.6333,14.0204
5023,-62.3018,-12.2579,0.6883,0.7,0.0875,3.9667,22.9481,13.8009,14.6333,14.0204
5024,-62.849,-12.2971,0.6883,0.7,0.0583,3.9444,22.9491,13.8009,14.6343,14.0204
5025,-63.2487,-12.2238,0.6884,0.7,0.1236,3.9926,22.95,13.8009,14.6343,14.0204
5026,-63.3728,-12.1885,0.6885,0.7,0.0875,3.9704,22.9519,13.8009,14.6352,14.0204
5027,-63.9802,-12.1822,0.6886,0.7,0.0597,3.9852,22.9528,13.8019,14.6352,14.0213
5028,-63.9707,-12.1232,0.6886,0.7,0.0694,3.988,22.9537,13.8019,14.6361,14.0213
5029,-64.5564,-11.9991,0.6887,0.7,0.0861,4.0583,22.9546,13.8019,14.637,14.0213
5030,-65.1563,-11.8363,0.6888,0.7,0.1361,3.9741,22.9556,13.8019,14.637,14.0213
5031,-65.331,-11.7282,0.6888,0.7,0.1889,4.0,22.9565,13.8019,14.638,14.0213
5032,-65.1659,-11.5326,0.6889,0.7,0.2806,3.9593,22.9574,13.8028,14.638,14.0222
5033,-65.3902,-11.4908,0.689,0.7,0.3528,4.0361,22.9593,13.8028,14.6389,14.0231
5034,-65.2233,-11.3307,0.6891,0.7,0.25,3.9926,22.9602,13.8019,14.6389,14.0231
5035,-65.3905,-11.1568,0.6891,0.7,0.3722,3.9898,22.9611,13.8019,14.6398,14.0231
5036,-64.4926,-10.9094,0.6891,0.7,0.4986,4.0139,22.962,13.8019,14.6407,14.0241
5037,-64.3432,-10.6675,0.6891,0.7,0.4681,4.0556,22.963,13.8019,14.6407,14.0241
5038,-63.2002,-10.5561,0.6891,0.7,0.5444,3.9972,22.9639,13.8019,14.6417,14.0241
5039,-62.2395,-10.2829,0.6891,0.7,1.6931,3.9963,22.9657,13.8028,14.6417,14.025
5040,-61.356,-10.1766,0.689,0.7,2.7139,3.9981,22.9667,13.8028,14.6426,14.025
5041,-59.7627,-10.1633,0.6889,0.7,3.2847,3.9509,22.9676,13.8037,14.6435,14.025
5042,-57.9536,-10.2687,0.6888,0.7,3.0792,4.0185,22.9685,13.8056,14.6435,14.0259
5043,-55.131,-10.6259,0.6886,0.7,2.5194,4.0111,22.9694,13.8056,14.6444,14.0259
5044,-53.5495,-11.1844,0.6882,0.7,1.7514,3.9778,22.9704,13.8056,14.6444,14.0259
5045,-54.6646,-11.4442,0.688,0.7,1.2528,3.9861,22.9722,13.8056,14.6454,14.0259
5046,-56.1933,-11.6359,0.6879,0.7,0.9347,3.9861,22.9731,13.8056,14.6454,14.0259
5047,-57.2699,-11.7837,0.6879,0.7,0.8542,4.0389,22.9741,13.8056,14.6463,14.0259
5048,-57.9671,-11.8656,0.6879,0.7,0.7125,4.0009,22.975,13.8056,14.6472,14.0278
5049,-58.7082,-11.9833,0.688,0.7,0.5958,4.0111,22.9759,13.8074,14.6472,14.0287
5050,-59.8904,-12.125,0.6881,0.7,0.3389,3.9713,22.9769,13.8074,14.6481,14.0287
5051,-60.4565,-12.2485,0.688,0.7,0.2486,4.1046,22.9787,13.8074,14.6481,14.0287
5052,-60.8332,-12.2122,0.6881,0.7,0.2208,3.9556,22.9796,13.8074,14.6491,14.0287
5053,-61.5685,-12.2982,0.6881,0.7,0.1681,4.0185,22.9806,13.8074,14.6491,14.0287
5054,-61.9242,-12.2891,0.6881,0.7,0.0958,3.9787,22.9815,13.8074,14.65,14.0278
5055,-62.6723,-12.3005,0.6881,0.7,0.0806,3.9833,22.9824,13.8074,14.6509,14.0278
5056,-63.1894,-12.2621,0.6882,0.7,0.075,3.925,22.9833,13.8074,14.6509,14.0278
5057,-63.3955,-12.216,0.6882,0.7,0.1,3.9917,22.9852,13.8074,14.6519,14.0278
5058,-63.5231,-12.1767,0.6883,0.7,0.0708,4.0093,22.9861,13.8074,14.6519,14.0278
5059,-63.9682,-12.1318,0.6884,0.7,0.075,3.9639,22.987,13.8074,14.6528,14.0287
5060,-64.3892,-12.078,0.6886,0.7,0.0667,4.0278,22.988,13.8074,14.6537,14.0278
5061,-64.6623,-11.984,0.6887,0.7,0.0931,3.9741,22.9889,13.8074,14.6537,14.0278
5062,-64.8209,-11.8979,0.6888,0.7,0.1194,4.0241,22.9898,13.8083,14.6546,14.0287
5063,-65.2023,-11.6966,0.6889,0.7,0.1514,4.0926,22.9907,13.8093,14.6546,14.0296
5064,-65.1915,-11.5649,0.689,0.7,0.2653,4.0083,22.9926,13.8093,14.6556,14.0296
5065,-64.9795,-11.451,0.6892,0.7,0.2542,3.9648,22.9935,13.8093,14.6556,14.0296
5066,-65.1466,-11.2696,0.6893,0.7,0.3472,3.9889,22.9944,13.8102,14.6565,14.0296
5067,-65.3617,-11.1665,0.6894,0.7,0.3611,3.9898,22.9954,13.8102,14.6574,14.0296
5068,-65.084,-11.023,0.6895,0.7,0.5917,3.987,22.9963,13.8102,14.6574,14.0296
5069,-64.6486,-10.9199,0.6896,0.7,0.5153,4.0519,22.9972,13.8102,14.6583,14.0296
5070,-63.9848,-10.7641,0.6898,0.7,0.4542,4.0417,22.9981,13.8102,14.6583,14.0296
5071,-63.2967,-10.6089,0.6898,0.7,0.5986,3.9991,22.9991,13.8102,14.6593,14.0296
5072,-61.9905,-10.3856,0.6899,0.7,1.3944,4.0204,23.0009,13.8102,14.6593,14.0296
5073,-61.2112,-10.2106,0.6899,0.7,2.8417,3.9824,23.0019,13.8111,14.6602,14.0306
5074,-59.3881,-10.2129,0.6899,0.7,3.2625,4.0315,23.0028,13.813,14.6602,14.0306
5075,-57.9082,-10.3251,0.6898,0.7,3.1347,4.0435,23.0037,13.813,14.6611,14.0315
5076,-55.3393,-10.7952,0.6895,0.7,2.2958,4.0065,23.0046,13.813,14.6611,14.0324
5077,-54.7691,-10.9703,0.6894,0.7,1.8264,3.9991,23.0056,13.813,14.662,14.0333
5078,-54.9005,-11.3934,0.6892,0.7,1.2625,4.0009,23.0065,13.813,14.662,14.0333
5079,-56.9176,-11.5452,0.6892,0.7,0.9944,3.9704,23.0074,13.813,14.663,14.0333
5080,-57.8345,-11.8962,0.689,0.7,0.6042,3.9315,23.0083,13.813,14.663,14.0333
5081,-59.0607,-12.1347,0.6889,0.7,0.3514,3.988,23.0093,13.813,14.6639,14.0333
5082,-60.0478,-12.1894,0.6889,0.7,0.1861,3.9722,23.0102,13.8139,14.6648,14.0343
5083,-60.8375,-12.2103,0.689,0.7,0.2097,3.9963,23.0111,13.8139,14.6648,14.0352
5084,-61.7501,-12.3239,0.689,0.7,0.1028,3.9463,23.012,13.8139,14.6657,14.0352
5085,-61.871,-12.3075,0.689,0.7,0.1306,4.0333,23.013,13.8139,14.6657,14.0352
5086,-62.2917,-12.2771,0.689,0.7,0.1625,3.9917,23.0139,13.8139,14.6667,14.0352
5087,-62.6353,-12.283,0.689,0.7,0.0667,4.0343,23.0157,13.8139,14.6667,14.0352
5088,-63.2798,-12.2752,0.6891,0.7,0.0708,3.9824,23.0167,13.8157,14.6676,14.0361
5089,-63.2609,-12.2076,0.6892,0.7,0.0514,4.0324,23.0176,13.8157,14.6676,14.037
5090,-63.7607,-12.1726,0.6893,0.7,0.0931,3.9898,23.0185,13.8176,14.6685,14.038
5091,-63.9932,-12.1288,0.6893,0.7,0.0792,4.0083,23.0194,13.8176,14.6685,14.038
5092,-64.2579,-12.0839,0.6894,0.7,0.0708,4.0139,23.0204,13.8176,14.6694,14.038
5093,-64.3984,-12.0021,0.6895,0.7,0.0986,3.9926,23.0213,13.8176,14.6694,14.038
5094,-64.9213,-11.8852,0.6896,0.7,0.1389,4.0157,23.0222,13.8185,14.6704,14.038
5095,-64.8573,-11.7585,0.6896,0.7,0.15,4.0657,23.0231,13.8194,14.6704,14.038
5096,-65.1907,-11.6171,0.6898,0.7,0.2208,3.9991,23.0241,13.8194,14.6713,14.0389
5097,-65.2842,-11.5501,0.6899,0.7,0.1375,4.0037,23.025,13.8194,14.6722,14.0389
5098,-65.1723,-11.4418,0.69,0.7,0.3153,4.0019,23.0259,13.8194,14.6722,14.0389
5099,-65.2893,-11.2967,0.6901,0.7,0.3389,3.9917,23.0269,13.8194,14.6731,14.0389
5100,-65.0416,-11.2472,0.6901,0.7,0.3597,4.0083,23.0278,13.8194,14.6731,14.0398
5101,-65.1623,-11.1226,0.6902,0.7,0.4306,4.0435,23.0287,13.8194,14.6741,14.0398
5102,-64.9812,-10.9459,0.6903,0.7,0.4278,4.0231,23.0306,13.8194,14.6741,14.0398
5103,-63.7136,-10.7826,0.6904,0.7,0.45,4.0231,23.0315,13.8204,14.675,14.0398
5104,-63.816,-10.6616,0.6904,0.7,0.5903,3.963,23.0324,13.8204,14.675,14.0398
5105,-62.7902,-10.5376,0.6904,0.7,0.8764,4.0287,23.0333,13.8213,14.6759,14.0407
5106,-62.0063,-10.2734,0.6906,0.7,2.1597,4.0389,23.0343,13.8213,14.6759,14.0398
5107,-59.9589,-10.2005,0.6905,0.7,3.1514,3.9796,23.0352,13.8222,14.6769,14.0417
5108,-57.0833,-10.3091,0.6904,0.7,3.3181,4.0046,23.0361,13.8222,14.6769,14.0417
5109,-55.4672,-10.6067,0.6902,0.7,2.425,3.9565,23.037,13.8222,14.6778,14.0417
5110,-54.9864,-10.8472,0.6901,0.7,2.0028,3.9806,23.038,13.8231,14.6778,14.0444
5111,-55.636,-11.018,0.69,0.7,1.7597,3.9833,23.0389,13.8241,14.6787,14.0454
5112,-55.6551,-11.1564,0.69,0.7,1.6208,4.0204,23.0398,13.8231,14.6787,14.0444
5113,-55.5409,-11.4833,0.6899,0.7,1.2333,3.9861,23.0407,13.8231,14.6796,14.0444
5114,-56.5241,-11.7271,0.6899,0.7,0.925,4.013,23.0417,13.8231,14.6796,14.0444
5115,-57.7489,-11.7495,0.69,0.7,0.6486,4.0111,23.0426,13.8231,14.6806,14.0454
5116,-58.0386,-11.9367,0.69,0.7,0.6139,3.9741,23.0435,13.8231,14.6806,14.0454
5117,-59.0132,-12.0437,0.69,0.7,0.3708,4.0102,23.0444,13.8231,14.6815,14.0454
5118,-59.9618,-12.1429,0.69,0.7,0.3,3.9787,23.0454,13.8231,14.6815,14.0454
5119,-60.2031,-12.1553,0.6901,0.7,0.2403,4.0083,23.0454,13.8241,14.6824,14.0463
5120,-60.794,-12.1643,0.6902,0.7,0.3056,4.0148,23.0463,13.8241,14.6824,14.0454
5121,-61.5906,-12.2285,0.6903,0.7,0.1111,3.9685,23.0472,13.825,14.6824,14.0454
5122,-61.4946,-12.2251,0.6903,0.7,0.0986,4.0213,23.0481,13.8259,14.6833,14.0463
5123,-62.3819,-12.2058,0.6904,0.7,0.1222,3.9806,23.0491,13.8259,14.6833,14.0463
5124,-62.2005,-12.2796,0.6904,0.7,0.0458,4.0324,23.05,13.8259,14.6843,14.0463
5125,-62.8257,-12.2311,0.6906,0.7,0.1139,3.9639,23.0509,13.8259,14.6843,14.0463
5126,-63.1123,-12.2153,0.6906,0.7,0.15,4.0019,23.0519,13.8269,14.6852,14.0472
5127,-63.3288,-12.1524,0.6908,0.7,0.0847,4.0352,23.0528,13.8269,14.6852,14.0481
5128,-63.2301,-12.1569,0.6908,0.7,0.1028,4.0389,23.0537,13.8269,14.6861,14.0481
5129,-63.7447,-12.1458,0.691,0.7,0.1444,4.0176,23.0546,13.8278,14.6861,14.0491
5130,-63.995,-12.0733,0.691,0.7,0.1028,4.0009,23.0556,13.8287,14.687,14.0509
5131,-64.2254,-12.0458,0.6912,0.7,0.0875,4.0046,23.0565,13.8287,14.687,14.0519
5132,-64.545,-11.9773,0.6913,0.7,0.1042,3.9944,23.0574,13.8287,14.688,14.0519
5133,-64.5478,-11.9183,0.6913,0.7,0.1403,3.9824,23.0574,13.8296,14.688,14.0519
5134,-65.1038,-11.8635,0.6914,0.7,0.1375,3.9833,23.0583,13.8287,14.688,14.0519
5135,-64.9754,-11.7592,0.6915,0.7,0.2139,4.0231,23.0593,13.8296,14.6889,14.0528
5136,-64.9349,-11.6706,0.6917,0.7,0.1639,4.0083,23.0602,13.8306,14.6889,14.0546
5137,-65.2976,-11.5913,0.6917,0.7,0.2319,3.963,23.0611,13.8324,14.6898,14.0546
5138,-65.4717,-11.4521,0.6917,0.7,0.25,4.025,23.062,13.8324,14.6898,14.0546
5139,-64.9582,-11.3356,0.6918,0.7,0.2833,4.0093,23.063,13.8324,14.6907,14.0556
5140,-65.3051,-11.2499,0.6918,0.7,0.3042,3.962,23.0639,13.8324,14.6907,14.0556
5141,-64.9716,-11.0696,0.6918,0.7,0.5083,3.9787,23.0639,13.8324,14.6907,14.0556
5142,-64.6334,-10.9347,0.6919,0.7,0.4819,4.0074,23.0648,13.8324,14.6917,14.0556
5143,-64.2029,-10.8321,0.6919,0.7,0.5056,3.9593,23.0657,13.8324,14.6917,14.0556
5144,-63.3317,-10.6796,0.6919,0.7,0.5125,4.0472,23.0667,13.8324,14.6926,14.0556
5145,-62.6971,-10.4767,0.692,0.7,0.8972,4.0296,23.0676,13.8315,14.6926,14.0546
5146,-61.7364,-10.3582,0.6921,0.7,1.4833,3.9935,23.0685,13.8315,14.6935,14.0556
5147,-60.9996,-10.1607,0.692,0.7,2.9028,4.0185,23.0694,13.8306,14.6935,14.0546
5148,-57.8066,-10.2167,0.6919,0.7,3.1347,4.0315,23.0704,13.8315,14.6935,14.0565
5149,-55.9713,-10.411,0.6917,0.7,2.8111,4.012,23.0704,13.8315,14.6944,14.0565
5150,-54.7567,-10.7589,0.6914,0.7,2.2569,3.9657,23.0713,13.8315,14.6944,14.0574
5151,-54.7668,-11.1195,0.6912,0.7,1.7542,3.9898,23.0722,13.8315,14.6954,14.0574
5152,-55.0508,-11.3057,0.6911,0.7,1.2681,3.9954,23.0731,13.8315,14.6954,14.0574
5153,-56.4751,-11.415,0.6911,0.7,1.0597,3.9954,23.0741,13.8315,14.6963,14.0574
5154,-57.5819,-11.8453,0.691,0.7,0.6472,4.0093,23.075,13.8333,14.6963,14.0593
5155,-58.2858,-12.0332,0.6909,0.7,0.5458,3.9889,23.0759,13.8333,14.6972,14.0593
5156,-59.3816,-12.0697,0.6909,0.7,0.3569,4.0157,23.0759,13.8333,14.6972,14.0593
5157,-60.2447,-12.2264,0.6909,0.7,0.2306,3.9991,23.0769,13.8333,14.6972,14.0602
5158,-59.8142,-12.1932,0.6909,0.7,0.2917,3.9852,23.0778,13.8343,14.6981,14.062
5159,-61.2414,-12.2359,0.691,0.7,0.1514,3.9991,23.0787,13.8343,14.6981,14.062
5160,-61.6793,-12.2193,0.6911,0.7,0.1917,4.0315,23.0796,13.8352,14.6991,14.062
5161,-62.2283,-12.2621,0.6912,0.7,0.1069,3.9972,23.0806,13.8361,14.6991,14.063
5162,-62.8634,-12.2454,0.6912,0.7,0.0556,3.9972,23.0815,13.838,14.7,14.0639
5163,-63.5111,-12.2568,0.6913,0.7,0.0611,3.988,23.0824,13.838,14.7,14.0639
5164,-63.8634,-12.1711,0.6913,0.7,0.0278,3.9315,23.0824,13.838,14.7,14.0648
5165,-64.0987,-12.0779,0.6913,0.7,0.0347,4.0157,23.0833,13.838,14.7009,14.0648
5166,-64.5826,-12.0294,0.6914,0.7,0.1167,3.9889,23.0843,13.838,14.7009,14.0648
5167,-64.7101,-11.9665,0.6914,0.7,0.0819,4.0463,23.0852,13.838,14.7019,14.0648
5168,-65.1147,-11.8533,0.6913,0.7,0.1653,3.9907,23.0861,13.838,14.7019,14.0657
5169,-65.195,-11.7374,0.6913,0.7,0.1681,4.012,23.087,13.838,14.7028,14.0648
5170,-65.3164,-11.5995,0.6913,0.7,0.15,3.9472,23.088,13.838,14.7028,14.0648
5171,-65.0283,-11.4854,0.6914,0.7,0.2847,4.0398,23.0889,13.838,14.7028,14.0648
5172,-64.8651,-11.4185,0.6915,0.7,0.3806,4.0611,23.0889,13.8389,14.7037,14.0657
5173,-65.4958,-11.1968,0.6915,0.7,0.3347,3.9991,23.0898,13.8389,14.7037,14.0657
5174,-64.939,-10.9544,0.6915,0.7,0.3958,4.0639,23.0907,13.8398,14.7046,14.0667
5175,-64.0926,-10.7362,0.6915,0.7,0.3778,3.9491,23.0917,13.8398,14.7046,14.0667
5176,-64.2781,-10.6579,0.6915,0.7,0.3667,3.9704,23.0926,13.8398,14.7056,14.0667
5177,-63.2461,-10.4572,0.6916,0.7,0.6556,3.9972,23.0935,13.8398,14.7056,14.0667
5178,-62.4958,-10.3767,0.6916,0.7,1.3028,3.9639,23.0944,13.8398,14.7065,14.0685
5179,-61.4452,-10.2327,0.6915,0.7,2.4931,4.0463,23.0954,13.8398,14.7065,14.0694
5180,-59.4308,-10.1602,0.6914,0.7,3.5611,3.9843,23.0963,13.8398,14.7074,14.0694
5181,-55.4476,-10.5208,0.6909,0.7,2.5819,4.0,23.0972,13.8407,14.7074,14.0704
5182,-55.0111,-10.7224,0.6908,0.7,1.875,4.0009,23.0981,13.8407,14.7074,14.0704
5183,-54.6508,-11.1486,0.6906,0.7,1.7333,4.0028,23.0991,13.8407,14.7083,14.0694
5184,-55.7803,-11.4217,0.6904,0.7,1.2597,3.9306,23.0991,13.8417,14.7083,14.0704
5185,-56.116,-11.7368,0.6901,0.7,0.9292,4.0,23.1,13.8417,14.7093,14.0713
5186,-58.0581,-11.9021,0.69,0.7,0.5653,4.0676,23.1009,13.8417,14.7093,14.0713
5187,-58.4798,-12.0154,0.6901,0.7,0.4528,4.0185,23.1019,13.8417,14.7102,14.0713
5188,-59.4117,-12.0958,0.6901,0.7,0.3333,3.9935,23.1028,13.8417,14.7102,14.0713
5189,-60.2593,-12.2004,0.69,0.7,0.2819,4.0157,23.1037,13.8417,14.7111,14.0713
5190,-60.714,-12.2686,0.69,0.7,0.1403,3.987,23.1046,13.8435,14.7111,14.0731
5191,-61.4089,-12.2565,0.69,0.7,0.1681,3.9454,23.1056,13.8435,14.712,14.0722
5192,-62.2287,-12.2899,0.69,0.7,0.0944,4.0102,23.1065,13.8435,14.712,14.0731
5193,-62.8104,-12.2846,0.6901,0.7,0.0444,4.0222,23.1074,13.8444,14.713,14.075
5194,-63.1171,-12.264,0.6901,0.7,0.0514,4.012,23.1083,13.8454,14.713,14.075
5195,-63.3448,-12.2169,0.6901,0.7,0.0583,3.9398,23.1093,13.8454,14.7139,14.0759
5196,-63.9375,-12.1686,0.6902,0.7,0.0958,3.9935,23.1102,13.8454,14.7139,14.0759
5197,-64.2086,-12.148,0.6902,0.7,0.0806,4.0037,23.1111,13.8454,14.7148,14.0759
5198,-64.5186,-12.0706,0.6902,0.7,0.0833,3.9796,23.112,13.8454,14.7148,14.0759
5199,-64.8693,-11.9226,0.6903,0.7,0.0931,4.0167,23.113,13.8444,14.7157,14.0759
5200,-65.4422,-11.8397,0.6903,0.7,0.0625,3.9407,23.1139,13.8454,14.7157,14.0769
5201,-65.5067,-11.6151,0.6903,0.7,0.1806,3.963,23.1148,13.8454,14.7167,14.0769
5202,-65.5529,-11.4684,0.6903,0.7,0.3361,4.0093,23.1157,13.8454,14.7167,14.0769
5203,-65.4638,-11.315,0.6903,0.7,0.3,3.9963,23.1167,13.8463,14.7176,14.0778
5204,-65.366,-11.0496,0.6903,0.7,0.3903,3.9685,23.1176,13.8463,14.7176,14.0778
5205,-64.4051,-10.8545,0.6902,0.7,0.4889,3.9722,23.1185,13.8481,14.7185,14.0787
5206,-64.1928,-10.6705,0.6902,0.7,0.4069,3.9954,23.1194,13.8481,14.7185,14.0787
5207,-63.4241,-10.5537,0.6902,0.7,0.4917,3.9972,23.1204,13.8481,14.7194,14.0796
5208,-62.1991,-10.3139,0.6902,0.7,1.3375,3.9704,23.1213,13.8481,14.7194,14.0796
5209,-61.3669,-10.1621,0.6901,0.7,2.7236,3.9907,23.1222,13.8481,14.7204,14.0796
5210,-60.0322,-10.1566,0.6899,0.7,3.2389,3.9796,23.1231,13.85,14.7204,14.0815
5211,-55.5611,-10.3814,0.6897,0.7,2.8458,3.9296,23.1241,13.8509,14.7213,14.0824
5212,-54.8223,-10.8213,0.6893,0.7,2.3611,4.0111,23.125,13.8537,14.7213,14.0843
5213,-55.1686,-11.0154,0.6892,0.7,1.9486,3.987,23.1259,13.8537,14.7222,14.0843
5214,-54.7614,-11.2941,0.6891,0.7,1.5375,3.9824,23.1278,13.8546,14.7222,14.0852
5215,-56.4347,-11.612,0.689,0.7,0.9833,4.0056,23.1287,13.8565,14.7231,14.0861
5216,-57.208,-11.8573,0.6889,0.7,0.7264,4.0444,23.1296,13.8556,14.7231,14.0861
5217,-58.0449,-11.969,0.6888,0.7,0.5444,4.0519,23.1306,13.8556,14.7241,14.087
5218,-59.828,-12.1173,0.6888,0.7,0.3722,3.9898,23.1315,13.8556,14.7241,14.087
5219,-60.4971,-12.1624,0.6889,0.7,0.2778,3.9861,23.1324,13.8565,14.725,14.087
5220,-61.0142,-12.2417,0.689,0.7,0.1083,4.0046,23.1333,13.8565,14.725,14.087
5221,-61.4108,-12.2784,0.689,0.7,0.1194,3.9787,23.1343,13.8556,14.7259,14.087
5222,-62.141,-12.2428,0.6891,0.7,0.1514,3.9824,23.1352,13.8556,14.7269,14.087
5223,-62.0206,-12.2718,0.6892,0.7,0.1,4.0259,23.1361,13.8565,14.7269,14.088
5224,-63.191,-12.2597,0.6893,0.7,0.1097,3.987,23.137,13.8574,14.7278,14.0889
5225,-63.8274,-12.1821,0.6894,0.7,0.0708,4.0269,23.138,13.8593,14.7278,14.0907
5226,-63.7686,-12.1451,0.6894,0.7,0.0931,3.975,23.1389,13.8593,14.7287,14.0907
5227,-64.4139,-12.0774,0.6895,0.7,0.1042,3.9324,23.1398,13.8593,14.7287,14.0907
5228,-64.6537,-12.0095,0.6896,0.7,0.0722,3.975,23.1407,13.8602,14.7296,14.0917
5229,-64.8803,-11.9245,0.6897,0.7,0.1,3.9676,23.1426,13.8611,14.7296,14.0917
5230,-65.0797,-11.7806,0.6898,0.7,0.1222,4.0648,23.1435,13.8611,14.7306,14.0917
5231,-65.1108,-11.57,0.6899,0.7,0.1222,4.0407,23.1444,13.8611,14.7306,14.0926
5232,-65.2959,-11.4311,0.69,0.7,0.2431,3.9648,23.1454,13.8611,14.7315,14.0935
5233,-65.4482,-11.1812,0.6901,0.7,0.4486,3.9037,23.1463,13.8611,14.7315,14.0926
5234,-64.9129,-11.0638,0.6901,0.7,0.375,4.0056,23.1472,13.862,14.7324,14.0935
5235,-64.753,-10.7597,0.6902,0.7,0.3375,4.0231,23.1481,13.8602,14.7324,14.0944
5236,-63.3288,-10.5323,0.6901,0.7,0.4653,4.0333,23.1491,13.8593,14.7333,14.0935
5237,-62.5247,-10.3991,0.6901,0.7,0.9972,3.9731,23.15,13.8602,14.7333,14.0935
5238,-61.6374,-10.1849,0.6901,0.7,2.9264,3.988,23.1509,13.8602,14.7343,14.0944
5239,-60.1558,-10.1734,0.6901,0.7,2.9764,4.0444,23.1519,13.8602,14.7343,14.0944
5240,-57.2588,-10.3257,0.6899,0.7,3.1597,4.0407,23.1528,13.8611,14.7352,14.0954
5241,-56.3212,-10.56,0.6897,0.7,2.6125,3.9361,23.1537,13.8611,14.7361,14.0954
5242,-55.2662,-10.797,0.6896,0.7,2.075,4.0231,23.1546,13.863,14.7361,14.0972
5243,-54.6551,-11.2114,0.6894,0.7,1.8042,4.0417,23.1556,13.8639,14.737,14.0991
5244,-56.0908,-11.65,0.6892,0.7,1.0278,4.0769,23.1565,13.8657,14.737,14.0991
5245,-56.7478,-11.7593,0.6892,0.7,0.7778,3.9917,23.1574,13.8667,14.738,14.1
5246,-58.2006,-11.9281,0.6892,0.7,0.4806,4.0074,23.1583,13.8685,14.738,14.1
5247,-58.8337,-12.0903,0.6891,0.7,0.3556,3.9611,23.1593,13.8685,14.7389,14.1
5248,-59.8634,-12.1775,0.6891,0.7,0.2694,3.975,23.1602,13.8685,14.7389,14.1009
5249,-61.022,-12.2359,0.6891,0.7,0.2403,4.013,23.162,13.8685,14.7398,14.1009
5250,-61.4115,-12.2591,0.6891,0.7,0.1583,4.0046,23.163,13.8704,14.7398,14.1019
5251,-62.3546,-12.3253,0.6891,0.7,0.0792,3.987,23.1639,13.8704,14.7407,14.1019
5252,-62.5971,-12.323,0.6892,0.7,0.0611,4.0204,23.1648,13.8704,14.7407,14.1019
5253,-62.6872,-12.3037,0.6892,0.7,0.0542,4.0,23.1657,13.8722,14.7417,14.1037
5254,-63.2877,-12.278,0.6892,0.7,0.0375,3.9898,23.1667,13.8741,14.7417,14.1056
5255,-63.6617,-12.2289,0.6892,0.7,0.0861,3.9981,23.1676,13.8741,14.7426,14.1065
5256,-63.8525,-12.1423,0.6892,0.7,0.1222,4.0111,23.1685,13.8741,14.7426,14.1065
5257,-64.0933,-12.1092,0.6893,0.7,0.1194,4.0167,23.1694,13.8741,14.7435,14.1074
5258,-64.5497,-12.038,0.6894,0.7,0.0278,3.9898,23.1704,13.8741,14.7435,14.1074
5259,-64.6322,-11.9758,0.6894,0.7,0.1361,3.9944,23.1713,13.875,14.7444,14.1074
5260,-64.954,-11.8663,0.6895,0.7,0.0917,3.9898,23.1722,13.875,14.7454,14.1074
5261,-65.2281,-11.7675,0.6895,0.7,0.1403,4.05,23.1731,13.8769,14.7454,14.1083
5262,-65.2661,-11.6727,0.6895,0.7,0.1708,3.9685,23.1741,13.8778,14.7463,14.1093
5263,-65.3812,-11.4486,0.6896,0.7,0.2319,3.9917,23.1759,13.8778,14.7463,14.1102
5264,-65.5169,-11.2827,0.6897,0.7,0.3458,3.9852,23.1769,13.8778,14.7472,14.1102
5265,-65.1002,-11.142,0.6896,0.7,0.4028,3.9991,23.1778,13.8778,14.7472,14.1111
5266,-65.0443,-11.0161,0.6896,0.7,0.3861,3.9972,23.1787,13.8787,14.7481,14.112
5267,-64.9311,-10.8469,0.6896,0.7,0.4361,3.9657,23.1796,13.8787,14.7481,14.113
5268,-64.2465,-10.7481,0.6896,0.7,0.4694,3.9954,23.1806,13.8787,14.7491,14.113
5269,-63.7856,-10.6527,0.6895,0.7,0.4222,4.0352,23.1815,13.8796,14.7491,14.1139
5270,-62.965,-10.5663,0.6896,0.7,0.6319,3.988,23.1824,13.8806,14.75,14.1157
5271,-62.4391,-10.4306,0.6897,0.7,1.1556,3.9444,23.1833,13.8806,14.75,14.1157
5272,-61.6543,-10.2876,0.6897,0.7,2.1278,3.9593,23.1843,13.8806,14.7509,14.1157
5273,-61.4137,-10.2487,0.6898,0.7,2.4306,3.9926,23.1861,13.8815,14.7519,14.1157
5274,-58.9194,-10.1696,0.6898,0.7,3.3069,4.0463,23.187,13.8824,14.7519,14.1157
5275,-57.0311,-10.3082,0.6896,0.7,3.3389,3.9926,23.188,13.8843,14.7528,14.1176
5276,-54.7279,-10.5764,0.6894,0.7,2.8806,4.0065,23.1889,13.8843,14.7528,14.1176
5277,-54.1458,-10.734,0.6892,0.7,2.2917,3.9704,23.1898,13.8852,14.7537,14.1176
5278,-55.6247,-11.0048,0.6891,0.7,1.8236,3.9593,23.1907,13.8852,14.7537,14.1176
5279,-55.045,-11.1917,0.6889,0.7,1.5542,4.0204,23.1917,13.8861,14.7546,14.1185
5280,-56.0048,-11.5603,0.6887,0.7,1.2056,3.9907,23.1926,13.888,14.7546,14.1185
5281,-56.7645,-11.881,0.6885,0.7,0.6764,3.975,23.1935,13.888,14.7556,14.1194
5282,-57.6305,-11.8565,0.6886,0.7,0.6014,3.9852,23.1944,13.8889,14.7556,14.1194
5283,-58.2663,-12.014,0.6885,0.7,0.4569,4.038,23.1954,13.8898,14.7565,14.1204
5284,-59.1514,-12.1248,0.6886,0.7,0.2056,4.0074,23.1972,13.8907,14.7574,14.1204
5285,-60.3268,-12.1554,0.6886,0.7,0.3431,4.0389,23.1981,13.8907,14.7574,14.1204
5286,-61.1017,-12.1937,0.6887,0.7,0.2986,4.0046,23.1991,13.8917,14.7583,14.1213
5287,-61.1024,-12.192,0.6887,0.7,0.2278,3.9954,23.2,13.8926,14.7583,14.1222
5288,-61.8933,-12.2877,0.6888,0.7,0.1542,3.9741,23.2009,13.8944,14.7593,14.1259
5289,-62.3011,-12.2803,0.6889,0.7,0.1153,3.9935,23.2019,13.8944,14.7593,14.1259
5290,-62.7724,-12.2548,0.6891,0.7,0.1347,4.0,23.2028,13.8963,14.7602,14.1259
5291,-63.1217,-12.239,0.6892,0.7,0.1236,4.0333,23.2037,13.8963,14.7602,14.1259
5292,-63.3663,-12.1997,0.6893,0.7,0.0375,4.0037,23.2046,13.8972,14.7611,14.1269
5293,-64.0059,-12.1832,0.6894,0.7,0.0583,3.987,23.2056,13.8991,14.7611,14.1278
5294,-64.524,-12.1293,0.6895,0.7,0.0764,3.912,23.2065,13.9009,14.762,14.1287
5295,-64.5177,-12.0231,0.6895,0.7,0.0778,3.9667,23.2083,13.9028,14.763,14.1306
5296,-64.6478,-11.968,0.6896,0.7,0.1222,4.0167,23.2093,13.9028,14.763,14.1306
5297,-64.9543,-11.8292,0.6897,0.7,0.1458,4.0093,23.2102,13.9037,14.7639,14.1315
5298,-64.8583,-11.7163,0.6898,0.7,0.1972,3.9648,23.2111,13.9065,14.7639,14.1343
5299,-65.2512,-11.6315,0.69,0.7,0.125,3.9731,23.212,13.9093,14.7648,14.1361
5300,-65.2696,-11.5341,0.69,0.7,0.2042,4.0009,23.213,13.9102,14.7648,14.137
5301,-65.2518,-11.4024,0.6901,0.7,0.2764,4.0009,23.2139,13.9102,14.7657,14.138
5302,-64.9751,-11.1467,0.6902,0.7,0.3194,3.9731,23.2148,13.9111,14.7657,14.1389
5303,-65.0214,-10.8838,0.6903,0.7,0.4319,3.9741,23.2157,13.913,14.7667,14.1398
5304,-64.6275,-10.702,0.6903,0.7,0.5278,4.0111,23.2167,13.913,14.7667,14.1407
5305,-63.6886,-10.5533,0.6903,0.7,0.4111,3.9722,23.2176,13.9139,14.7676,14.1417
5306,-63.1588,-10.4515,0.6903,0.7,0.7639,3.9685,23.2185,13.9157,14.7676,14.1417
5307,-62.0299,-10.2487,0.6903,0.7,1.6042,4.0398,23.2194,13.9157,14.7685,14.1426
5308,-61.5051,-10.1753,0.6903,0.7,2.7014,3.9361,23.2204,13.9167,14.7685,14.1435
5309,-59.8261,-10.1162,0.6902,0.7,3.3903,4.0056,23.2213,13.9167,14.7694,14.1435
5310,-57.403,-10.2731,0.69,0.7,3.5333,4.0046,23.2222,13.9176,14.7694,14.1435
5311,-55.6328,-10.5103,0.6898,0.7,2.6847,3.9602,23.2231,13.9176,14.7704,14.1454
5312,-54.5649,-10.9695,0.6895,0.7,2.1986,4.0454,23.2241,13.9185,14.7704,14.1454
5313,-54.0373,-11.2005,0.6893,0.7,1.6361,4.0407,23.225,13.9185,14.7713,14.1454
5314,-54.4232,-11.3638,0.6892,0.7,1.6069,3.9102,23.2259,13.9194,14.7713,14.1463
5315,-54.9461,-11.5863,0.689,0.7,1.3639,4.0361,23.2269,13.9194,14.7722,14.1472
5316,-55.7232,-11.5776,0.6889,0.7,1.0778,3.9926,23.2287,13.9176,14.7722,14.1454
5317,-55.943,-11.6919,0.6888,0.7,0.8486,4.0046,23.2296,13.9185,14.7731,14.1463
5318,-56.6741,-11.8668,0.6887,0.7,0.625,4.0185,23.2306,13.9204,14.7741,14.1472
5319,-58.5035,-12.0008,0.6886,0.7,0.5264,4.0361,23.2315,13.9194,14.7741,14.1472
5320,-59.2412,-12.1265,0.6886,0.7,0.4222,3.9917,23.2324,13.9213,14.775,14.1481
5321,-60.0232,-12.2185,0.6885,0.7,0.2944,4.0204,23.2333,13.9241,14.775,14.1491
5322,-60.938,-12.2575,0.6885,0.7,0.2556,4.038,23.2343,13.925,14.7759,14.1481
5323,-60.9484,-12.228,0.6885,0.7,0.2375,4.012,23.2352,13.9269,14.7759,14.1481
5324,-61.2169,-12.2763,0.6885,0.7,0.1153,4.0269,23.2361,13.9287,14.7769,14.15
5325,-61.6993,-12.2838,0.6885,0.7,0.1361,3.9565,23.237,13.9287,14.7769,14.1509
5326,-62.1788,-12.282,0.6885,0.7,0.0986,4.0333,23.2389,13.9306,14.7778,14.1537
5327,-62.8508,-12.2995,0.6886,0.7,0.0403,3.9741,23.2398,13.9296,14.7778,14.1537
5328,-63.2368,-12.2814,0.6885,0.7,0.05,3.9991,23.2407,13.9306,14.7787,14.1546
5329,-63.4518,-12.214,0.6886,0.7,0.0458,4.0352,23.2417,13.9306,14.7796,14.1556
5330,-63.7488,-12.1997,0.6886,0.7,0.1111,3.9815,23.2426,13.9315,14.7796,14.1556
5331,-64.2302,-12.1024,0.6887,0.7,0.0653,3.9722,23.2435,13.9315,14.7806,14.1565
5332,-64.591,-12.0365,0.6887,0.7,0.1083,3.9796,23.2444,13.9315,14.7806,14.1565
5333,-64.8676,-11.9397,0.6889,0.7,0.0778,4.0639,23.2463,13.9324,14.7815,14.1556
5334,-65.0824,-11.8864,0.6889,0.7,0.1486,3.9981,23.2472,13.9352,14.7815,14.1583
5335,-65.1512,-11.7764,0.6889,0.7,0.1639,4.0657,23.2481,13.937,14.7824,14.1602
5336,-65.1498,-11.6532,0.6891,0.7,0.1806,4.0074,23.2491,13.937,14.7833,14.1611
5337,-65.1525,-11.5786,0.6892,0.7,0.2236,4.0046,23.25,13.9398,14.7833,14.163
5338,-65.0827,-11.4555,0.6893,0.7,0.2,3.9815,23.2509,13.9407,14.7843,14.163
5339,-65.2017,-11.3498,0.6896,0.7,0.3458,3.9981,23.2519,13.9398,14.7843,14.163
5340,-65.1787,-11.2237,0.6897,0.7,0.4403,3.9935,23.2528,13.9426,14.7852,14.1657
5341,-65.1208,-11.1078,0.6899,0.7,0.5375,3.9935,23.2537,13.9417,14.7852,14.1648
5342,-65.0205,-10.9939,0.69,0.7,0.4278,3.9611,23.2556,13.9417,14.7861,14.1648
5343,-64.4159,-10.7506,0.6902,0.7,0.5639,4.0046,23.2565,13.9407,14.7861,14.1639
5344,-63.7846,-10.6813,0.6902,0.7,0.5625,4.0065,23.2574,13.9417,14.787,14.1648
5345,-62.9562,-10.5388,0.6903,0.7,0.5583,4.0019,23.2583,13.9435,14.787,14.1648
5346,-61.6379,-10.2568,0.6904,0.7,2.3861,4.0037,23.2593,13.9444,14.788,14.1648
5347,-60.1718,-10.1656,0.6904,0.7,3.2583,3.963,23.2602,13.9454,14.788,14.1657
5348,-59.2019,-10.2041,0.6904,0.7,3.3694,3.9472,23.2611,13.9454,14.7889,14.1648
5349,-54.7087,-10.5868,0.6902,0.7,2.5778,3.9602,23.262,13.9444,14.7889,14.1639
5350,-54.4575,-10.8885,0.69,0.7,1.8944,3.975,23.263,13.9444,14.7898,14.1648
5351,-55.5747,-11.2215,0.6899,0.7,1.6306,3.9815,23.2639,13.9444,14.7898,14.1657
5352,-55.4976,-11.4314,0.6898,0.7,1.1181,4.0028,23.2648,13.9444,14.7907,14.1648
5353,-55.7519,-11.6372,0.6898,0.7,1.2069,4.0194,23.2657,13.9454,14.7907,14.1657
5354,-57.7532,-11.8412,0.6898,0.7,0.7278,3.9694,23.2667,13.9454,14.7917,14.1657
5355,-58.1151,-11.9113,0.6897,0.7,0.6639,3.9685,23.2676,13.9454,14.7917,14.1657
5356,-57.6505,-11.832,0.6898,0.7,0.7319,4.0278,23.2685,13.9454,14.7926,14.1667
5357,-57.9054,-11.778,0.6899,0.7,0.8625,3.9954,23.2694,13.9472,14.7926,14.1685
5358,-57.5787,-11.6647,0.6901,0.7,0.8569,4.0352,23.2704,13.9472,14.7935,14.1685
5359,-57.5762,-11.7233,0.6902,0.7,0.9556,3.9824,23.2713,13.9491,14.7935,14.1704
5360,-57.2747,-11.7545,0.6903,0.7,0.8486,4.0074,23.2722,13.9491,14.7944,14.1704
5361,-56.8781,-11.5889,0.6905,0.7,0.9153,3.9898,23.2731,13.95,14.7944,14.1713
5362,-57.0955,-11.6095,0.6907,0.7,0.9403,3.9759,23.2741,13.95,14.7954,14.1713
5363,-56.3858,-11.5643,0.6909,0.7,1.0264,4.0083,23.275,13.9509,14.7954,14.1722
5364,-57.3643,-11.7568,0.691,0.7,0.7139,3.988,23.275,13.9519,14.7963,14.1722
5365,-57.8853,-11.8207,0.6911,0.7,0.7097,3.9907,23.2759,13.9528,14.7963,14.1731
5366,-58.7799,-11.8197,0.6912,0.7,0.6903,4.0056,23.2769,13.9537,14.7972,14.1731
5367,-58.2056,-11.8365,0.6914,0.7,0.5375,4.0111,23.2778,13.9556,14.7972,14.1741
5368,-58.6303,-11.8992,0.6916,0.7,0.6278,4.0019,23.2787,13.9556,14.7972,14.175
5369,-58.2438,-11.9816,0.6917,0.7,0.4722,4.0278,23.2796,13.9546,14.7981,14.175
5370,-59.0589,-11.9936,0.6919,0.7,0.5542,4.0491,23.2796,13.9546,14.7981,14.1759
5371,-59.4995,-12.0815,0.6919,0.7,0.3347,4.0352,23.2806,13.9546,14.7991,14.1759
5372,-59.8356,-12.1258,0.6919,0.7,0.3139,3.9917,23.2815,13.9546,14.7991,14.1759
5373,-60.6341,-12.1826,0.6919,0.7,0.2583,3.9676,23.2824,13.9565,14.7991,14.175
5374,-60.5801,-12.1715,0.692,0.7,0.2611,4.0278,23.2833,13.9583,14.8,14.1769
5375,-60.938,-12.1946,0.6921,0.7,0.1625,4.0231,23.2833,13.9593,14.8,14.1778
5376,-61.2725,-12.2563,0.6921,0.7,0.1681,4.0574,23.2843,13.9602,14.8,14.1778
5377,-61.3822,-12.2689,0.6921,0.7,0.1569,4.0685,23.2852,13.962,14.8009,14.1806
5378,-61.1003,-12.1921,0.6922,0.7,0.1681,4.0611,23.2861,13.9639,14.8009,14.1824
5379,-61.4659,-12.1955,0.6922,0.7,0.2042,4.0259,23.2861,13.9657,14.8019,14.1833
5380,-61.1349,-12.2071,0.6922,0.7,0.2431,4.0222,23.287,13.9648,14.8019,14.1815
5381,-60.9332,-12.1913,0.6924,0.7,0.2389,3.9769,23.288,13.9648,14.8019,14.1815
5382,-61.017,-12.2168,0.6924,0.7,0.1833,4.0269,23.2889,13.9648,14.8028,14.1815
5383,-60.8634,-12.2148,0.6924,0.7,0.1847,3.9991,23.2889,13.9657,14.8028,14.1833
5384,-61.1583,-12.1865,0.6925,0.7,0.2194,4.0389,23.2898,13.9667,14.8028,14.1852
5385,-62.0236,-12.2487,0.6926,0.7,0.1486,3.9648,23.2907,13.9676,14.8037,14.1861
5386,-62.1453,-12.2314,0.6927,0.7,0.0722,3.9907,23.2907,13.9694,14.8037,14.188
5387,-62.2942,-12.2092,0.6928,0.7,0.1583,3.9537,23.2917,13.9685,14.8037,14.188
5388,-62.4013,-12.2446,0.6929,0.7,0.1014,3.9926,23.2926,13.9694,14.8046,14.1889
5389,-62.7658,-12.2481,0.6929,0.7,0.0722,4.0139,23.2935,13.9685,14.8046,14.1898
5390,-62.7814,-12.2572,0.6929,0.7,0.1236,3.9944,23.2935,13.9694,14.8056,14.1907
5391,-62.9772,-12.2389,0.693,0.7,0.0556,4.0167,23.2944,13.9704,14.8056,14.1907
5392,-62.9263,-12.2278,0.693,0.7,0.0694,3.9667,23.2954,13.9704,14.8056,14.1917
5393,-62.7574,-12.1813,0.6931,0.7,0.125,4.0417,23.2954,13.9713,14.8065,14.1926
5394,-62.885,-12.2223,0.6932,0.7,0.0681,4.0019,23.2963,13.9722,14.8065,14.1935
5395,-63.2076,-12.1793,0.6934,0.7,0.0917,4.0444,23.2972,13.9741,14.8065,14.1944
5396,-63.3508,-12.1665,0.6935,0.7,0.2042,4.063,23.2972,13.9741,14.8074,14.1944
5397,-63.743,-12.1457,0.6935,0.7,0.0736,3.9435,23.2981,13.9759,14.8074,14.1954
5398,-64.0537,-12.1197,0.6937,0.7,0.1236,4.025,23.2991,13.9759,14.8074,14.1954
5399,-64.2191,-12.0426,0.6938,0.7,0.0972,4.0417,23.2991,13.9759,14.8074,14.1972
5400,-64.7218,-12.02,0.6938,0.7,0.1167,4.0139,23.3,13.9778,14.8083,14.1981
5401,-64.727,-11.9621,0.6938,0.7,0.1167,4.0148,23.3,13.9787,14.8083,14.1991
5402,-64.4741,-11.883,0.6938,0.7,0.1403,4.0083,23.3009,13.9787,14.8083,14.1991
5403,-64.7632,-11.8004,0.6939,0.7,0.1528,4.012,23.3019,13.9806,14.8093,14.2
5404,-65.0487,-11.7772,0.6941,0.7,0.1486,4.0065,23.3019,13.9815,14.8093,14.2
5405,-64.9164,-11.6883,0.6941,0.7,0.2111,4.0324,23.3028,13.9815,14.8093,14.2
5406,-65.318,-11.545,0.6942,0.7,0.2528,3.9796,23.3037,13.9806,14.8102,14.2
5407,-65.0471,-11.5295,0.6943,0.7,0.1722,3.9769,23.3037,13.9824,14.8102,14.2028
5408,-65.068,-11.3198,0.6943,0.7,0.2569,4.0287,23.3046,13.9824,14.8102,14.2037
5409,-64.8682,-11.2609,0.6944,0.7,0.3792,4.0269,23.3046,13.9833,14.8111,14.2046
5410,-65.3438,-11.0938,0.6945,0.7,0.3458,4.0491,23.3056,13.9824,14.8111,14.2037
5411,-63.9605,-10.8181,0.6945,0.7,0.5958,4.0231,23.3065,13.9824,14.8111,14.2037
5412,-63.7359,-10.6568,0.6945,0.7,0.3472,4.0398,23.3065,13.9815,14.8111,14.2028
5413,-62.5458,-10.4195,0.6945,0.7,0.8056,3.9676,23.3074,13.9787,14.812,14.2
5414,-61.5967,-10.2087,0.6945,0.7,2.0806,4.112,23.3074,13.9787,14.812,14.2
5415,-60.2515,-10.1149,0.6945,0.7,3.1306,3.9972,23.3083,13.9787,14.812,14.2019
5416,-58.8305,-10.1632,0.6944,0.7,3.4639,4.0102,23.3093,13.9787,14.813,14.2019
5417,-56.3458,-10.4057,0.6942,0.7,2.9167,4.0333,23.3093,13.9806,14.813,14.2046
5418,-54.6564,-10.6471,0.694,0.7,2.5444,4.0037,23.3102,13.9824,14.813,14.2046
5419,-54.0631,-10.9397,0.6939,0.7,1.8764,4.0167,23.3111,13.9824,14.8139,14.2074
5420,-54.7522,-11.3296,0.6936,0.7,1.3486,3.9861,23.3111,13.9843,14.8139,14.2102
5421,-56.0077,-11.597,0.6935,0.7,0.9611,3.962,23.312,13.9861,14.8139,14.212
5422,-57.3613,-11.7195,0.6935,0.7,0.9042,4.0454,23.312,13.9861,14.8148,14.212
5423,-57.8964,-11.8907,0.6934,0.7,0.4389,3.9519,23.313,13.9861,14.8148,14.212
5424,-59.0271,-12.0527,0.6934,0.7,0.4028,4.0222,23.3139,13.987,14.8148,14.213
5425,-59.5316,-12.1759,0.6934,0.7,0.2972,3.962,23.3139,13.987,14.8148,14.213
5426,-60.076,-12.172,0.6934,0.7,0.2306,4.0111,23.3148,13.988,14.8157,14.2139
5427,-61.5598,-12.2962,0.6934,0.7,0.1,3.9657,23.3148,13.988,14.8157,14.2148
5428,-61.6636,-12.2997,0.6933,0.7,0.1806,3.9685,23.3157,13.987,14.8157,14.2157
5429,-61.8991,-12.2805,0.6933,0.7,0.0694,3.9769,23.3167,13.987,14.8167,14.2157
5430,-62.5408,-12.267,0.6934,0.7,0.0972,3.9509,23.3167,13.987,14.8167,14.2157
5431,-63.0817,-12.2019,0.6936,0.7,0.1375,3.9667,23.3176,13.9861,14.8167,14.2157
5432,-63.4745,-12.2117,0.6937,0.7,0.0694,3.9778,23.3185,13.9852,14.8176,14.2148
5433,-63.7609,-12.1894,0.6938,0.7,0.0792,3.9898,23.3185,13.9852,14.8176,14.2167
5434,-64.1523,-12.1081,0.6939,0.7,0.05,3.9963,23.3194,13.987,14.8176,14.2157
5435,-64.0633,-12.056,0.6939,0.7,0.1,4.0194,23.3204,13.987,14.8185,14.2157
5436,-64.2762,-11.971,0.6941,0.7,0.125,3.9815,23.3204,13.988,14.8185,14.2167
5437,-64.288,-11.9747,0.6942,0.7,0.1028,4.0093,23.3213,13.988,14.8185,14.2176
5438,-64.6127,-11.884,0.6943,0.7,0.1792,4.0324,23.3213,13.988,14.8185,14.2176
5439,-64.8178,-11.8221,0.6944,0.7,0.1347,4.0194,23.3222,13.988,14.8194,14.2185
5440,-64.9425,-11.777,0.6945,0.7,0.1097,4.0065,23.3231,13.9889,14.8194,14.2185
5441,-65.0482,-11.6713,0.6946,0.7,0.2708,3.9657,23.3231,13.9889,14.8194,14.2185
5442,-65.06,-11.6657,0.6947,0.7,0.15,3.9824,23.3241,13.9889,14.8204,14.2185
5443,-65.2443,-11.529,0.6947,0.7,0.25,4.0093,23.3241,13.9889,14.8204,14.2176
5444,-65.3852,-11.4509,0.6947,0.7,0.2819,4.063,23.325,13.9889,14.8204,14.2176
5445,-65.3018,-11.2377,0.6948,0.7,0.3486,4.0213,23.325,13.9907,14.8204,14.2185
5446,-65.1231,-11.1449,0.6948,0.7,0.3653,3.9889,23.3259,13.9917,14.8213,14.2194
5447,-64.6549,-11.0081,0.6948,0.7,0.3444,4.0491,23.3269,13.9926,14.8213,14.2194
5448,-64.7133,-10.8775,0.6948,0.7,0.4875,4.0185,23.3269,13.9926,14.8213,14.2204
5449,-64.2922,-10.7475,0.6949,0.7,0.3347,3.9824,23.3278,13.9935,14.8222,14.2204
5450,-63.8388,-10.6642,0.6948,0.7,0.4403,3.9917,23.3278,13.9926,14.8222,14.2194
5451,-63.2487,-10.4561,0.6948,0.7,0.8264,3.9463,23.3287,13.9935,14.8222,14.2194
5452,-62.0647,-10.2822,0.6948,0.7,1.8569,4.0102,23.3287,13.9935,14.8222,14.2185
5453,-62.2252,-10.2379,0.6948,0.7,2.3028,3.9796,23.3296,13.9954,14.8231,14.2194
5454,-61.276,-10.2179,0.6948,0.7,2.6611,3.9593,23.3306,13.9972,14.8231,14.2213
5455,-60.2841,-10.1663,0.6948,0.7,3.1389,3.9824,23.3306,13.9981,14.8231,14.2213
5456,-57.9701,-10.2976,0.6947,0.7,3.0931,3.9731,23.3315,14.0019,14.8241,14.2231
5457,-57.1786,-10.4033,0.6947,0.7,3.0069,3.9824,23.3315,14.0009,14.8241,14.2231
5458,-56.4762,-10.4904,0.6947,0.7,2.7194,3.9907,23.3324,14.0019,14.8241,14.2241
5459,-55.9739,-10.5628,0.6948,0.7,2.4944,4.0139,23.3324,14.0009,14.8241,14.2222
5460,-55.4347,-10.706,0.6948,0.7,2.4069,3.987,23.3333,14.0009,14.825,14.2222
5461,-54.4397,-11.0819,0.6946,0.7,1.6181,3.975,23.3343,14.0009,14.825,14.2222
5462,-54.9672,-11.2701,0.6945,0.7,1.4181,3.9907,23.3343,14.0009,14.825,14.2231
5463,-55.5543,-11.2839,0.6947,0.7,1.4903,4.0102,23.3352,14.0,14.8259,14.2231
5464,-55.4799,-11.4023,0.6947,0.7,1.1875,3.9944,23.3352,13.9991,14.8259,14.2231
5465,-57.1476,-11.5356,0.6947,0.7,1.1,4.0194,23.3361,13.9991,14.8259,14.2231
5466,-56.9444,-11.7104,0.6947,0.7,0.7972,3.9954,23.3361,14.0,14.8259,14.2241
5467,-57.7729,-11.9656,0.6947,0.7,0.4181,4.0102,23.337,14.0,14.8269,14.225
5468,-59.3714,-12.0683,0.6948,0.7,0.3778,4.0083,23.337,13.9972,14.8269,14.2231
5469,-60.844,-12.17,0.6949,0.7,0.2583,3.9741,23.338,13.9991,14.8269,14.2231
5470,-61.5433,-12.2438,0.695,0.7,0.1569,3.9537,23.338,13.9991,14.8269,14.2231
5471,-61.402,-12.264,0.695,0.7,0.1514,4.0259,23.338,13.9981,14.8269,14.2222
5472,-62.2885,-12.3114,0.6951,0.7,0.0611,3.9574,23.3389,13.9981,14.8278,14.2222
5473,-62.4883,-12.2309,0.6951,0.7,0.1014,3.9796,23.3389,13.9972,14.8278,14.2222
5474,-62.9126,-12.2172,0.6952,0.7,0.1431,4.0241,23.3398,13.9972,14.8278,14.2213
5475,-62.9347,-12.2324,0.6952,0.7,0.1028,4.0157,23.3398,13.9981,14.8278,14.2231
5476,-63.5435,-12.1703,0.6954,0.7,0.1111,4.0324,23.3407,14.0009,14.8287,14.2241
5477,-63.9199,-12.1408,0.6955,0.7,0.1431,3.9907,23.3407,14.0,14.8287,14.2231
5478,-64.0759,-12.029,0.6957,0.7,0.0875,4.0556,23.3417,14.0,14.8287,14.2231
5479,-64.1518,-12.0476,0.6957,0.7,0.075,3.9907,23.3417,13.9991,14.8287,14.2231
5480,-64.4235,-11.9757,0.6958,0.7,0.1569,4.0102,23.3426,14.0,14.8287,14.225
5481,-64.6657,-11.9111,0.6958,0.7,0.0917,3.9833,23.3426,14.0009,14.8296,14.2259
5482,-64.8705,-11.8298,0.6959,0.7,0.1958,4.0102,23.3426,14.0009,14.8296,14.2269
5483,-64.979,-11.7293,0.696,0.7,0.1708,4.0074,23.3435,14.0,14.8296,14.2278
5484,-65.0238,-11.6151,0.6961,0.7,0.2319,3.9778,23.3435,13.9991,14.8296,14.2269
5485,-65.003,-11.564,0.6962,0.7,0.2111,3.9833,23.3444,14.0,14.8306,14.2269
5486,-65.175,-11.4306,0.6963,0.7,0.2917,4.0565,23.3444,14.0009,14.8306,14.2259
5487,-65.22,-11.3392,0.6963,0.7,0.4014,4.0074,23.3454,14.0019,14.8306,14.225
5488,-65.2101,-11.1931,0.6964,0.7,0.3375,4.0407,23.3454,14.0028,14.8306,14.2269
5489,-64.8917,-11.1061,0.6965,0.7,0.4083,4.0176,23.3454,14.0028,14.8306,14.2269
5490,-64.7835,-10.9505,0.6966,0.7,0.45,3.9315,23.3463,14.0074,14.8315,14.2287
5491,-63.869,-10.8026,0.6966,0.7,0.5458,4.0565,23.3463,14.0102,14.8315,14.2306
5492,-63.9985,-10.6744,0.6968,0.7,0.6903,4.0213,23.3472,14.0102,14.8315,14.2296
5493,-62.5223,-10.5459,0.6968,0.7,0.8278,4.0019,23.3472,14.0111,14.8315,14.2278
5494,-62.2652,-10.3528,0.6969,0.7,1.4778,4.0009,23.3472,14.0102,14.8315,14.2269
5495,-61.3378,-10.1831,0.6971,0.7,2.6625,3.9935,23.3481,14.0074,14.8324,14.2259
5496,-58.8186,-10.2307,0.697,0.7,3.325,3.9324,23.3481,14.0074,14.8324,14.2269
5497,-56.2924,-10.429,0.6968,0.7,2.8931,4.0028,23.3481,14.0074,14.8324,14.2269
5498,-55.5688,-10.5119,0.6967,0.7,2.5625,4.0259,23.3491,14.0074,14.8324,14.2278
5499,-54.9631,-10.9126,0.6963,0.7,1.9417,4.0306,23.3491,14.0056,14.8324,14.2259
5500,-54.4912,-10.9407,0.6964,0.7,2.1278,3.9389,23.35,14.0083,14.8324,14.2296
5501,-54.9059,-11.1586,0.6963,0.7,1.5764,3.9426,23.35,14.0083,14.8333,14.2296
5502,-55.8858,-11.305,0.6963,0.7,1.4083,4.0046,23.35,14.0083,14.8333,14.2287
5503,-55.9516,-11.445,0.6962,0.7,1.3597,4.0102,23.3509,14.0093,14.8333,14.2287
5504,-56.4984,-11.7033,0.6961,0.7,1.0583,4.0296,23.3509,14.0093,14.8333,14.2287
5505,-57.3838,-11.8333,0.6961,0.7,0.7319,3.9657,23.3509,14.0083,14.8333,14.2296
5506,-57.8931,-11.929,0.6961,0.7,0.5583,3.9574,23.3519,14.0083,14.8333,14.2306
5507,-58.8642,-12.0028,0.6961,0.7,0.5889,3.9926,23.3519,14.0093,14.8343,14.2324
5508,-60.1152,-12.1589,0.6961,0.7,0.3222,3.9759,23.3519,14.0093,14.8343,14.2315
5509,-60.4102,-12.2307,0.6961,0.7,0.1597,4.0083,23.3528,14.0093,14.8343,14.2315
5510,-60.8324,-12.1901,0.6961,0.7,0.2042,4.0009,23.3528,14.0083,14.8343,14.2315
5511,-61.3825,-12.2577,0.6962,0.7,0.1944,4.0028,23.3528,14.0083,14.8343,14.2306
5512,-61.9714,-12.2577,0.6961,0.7,0.1319,3.9898,23.3537,14.0093,14.8343,14.2333
5513,-62.0444,-12.2108,0.6963,0.7,0.1139,3.987,23.3537,14.0083,14.8352,14.2333
5514,-62.7579,-12.2259,0.6964,0.7,0.0875,3.9963,23.3537,14.0083,14.8352,14.2315
5515,-63.004,-12.2249,0.6965,0.7,0.05,3.9704,23.3546,14.0083,14.8352,14.2315
5516,-63.2979,-12.1929,0.6966,0.7,0.1431,4.0602,23.3546,14.0074,14.8352,14.2306
5517,-63.5345,-12.127,0.6967,0.7,0.2097,4.0361,23.3546,14.0046,14.8352,14.2278
5518,-64.2833,-12.062,0.6968,0.7,0.1125,3.987,23.3556,14.0056,14.8352,14.2278
5519,-64.6308,-12.032,0.6968,0.7,0.0778,3.9898,23.3556,14.0056,14.8361,14.2269
5520,-64.7397,-11.9224,0.6969,0.7,0.1139,3.9389,23.3556,14.0028,14.8361,14.2241
5521,-64.8561,-11.8296,0.697,0.7,0.1597,3.9917,23.3565,14.0028,14.8361,14.2222
5522,-65.2522,-11.757,0.697,0.7,0.0778,3.988,23.3565,14.0019,14.8361,14.2222
5523,-65.1128,-11.5227,0.6971,0.7,0.2389,4.0454,23.3565,14.0019,14.8361,14.2222
5524,-65.3429,-11.3491,0.6971,0.7,0.2806,3.9833,23.3574,14.0028,14.8361,14.2222
5525,-65.5136,-11.2607,0.6971,0.7,0.2681,3.9963,23.3574,14.0056,14.837,14.2259
5526,-65.2818,-11.0902,0.6971,0.7,0.4139,4.0306,23.3574,14.0065,14.837,14.2259
5527,-64.4505,-10.9826,0.6971,0.7,0.4583,3.9704,23.3583,14.0056,14.837,14.2259
5528,-64.576,-10.8511,0.6971,0.7,0.4417,3.9935,23.3583,14.0037,14.837,14.225
5529,-63.8515,-10.7039,0.6971,0.7,0.4153,4.013,23.3583,14.0046,14.837,14.225
5530,-63.2283,-10.5041,0.6972,0.7,0.5958,4.0074,23.3593,14.0037,14.837,14.225
5531,-62.6215,-10.4271,0.6972,0.7,0.9889,3.9537,23.3593,14.0037,14.838,14.2259
5532,-61.7419,-10.31,0.6972,0.7,2.0153,3.9935,23.3593,14.0037,14.838,14.2259
5533,-61.2143,-10.2638,0.6972,0.7,2.3167,4.0259,23.3602,14.0009,14.838,14.225
5534,-60.2577,-10.2026,0.6973,0.7,3.2153,4.0407,23.3602,13.9991,14.838,14.225
5535,-57.803,-10.2874,0.697,0.7,2.975,4.0111,23.3602,14.0009,14.838,14.2259
5536,-55.8972,-10.5129,0.6968,0.7,2.6167,3.9704,23.3611,14.0,14.838,14.2241
5537,-54.1228,-11.112,0.6964,0.7,1.7819,4.0037,23.3611,13.9991,14.8389,14.2241
5538,-55.0455,-11.4601,0.6961,0.7,1.2361,3.9898,23.3611,13.9991,14.8389,14.2241
5539,-56.3897,-11.4702,0.6961,0.7,1.1125,3.9463,23.362,13.9972,14.8389,14.2241
5540,-57.3267,-11.6946,0.6961,0.7,0.8472,4.038,23.362,13.9954,14.8389,14.2259
5541,-56.9615,-11.7735,0.6961,0.7,0.675,4.0269,23.363,13.9944,14.8389,14.225
5542,-58.8674,-12.0451,0.6961,0.7,0.4333,3.9509,23.363,13.9926,14.8389,14.2231
5543,-59.2724,-11.9986,0.6962,0.7,0.4819,4.0417,23.363,13.9917,14.8398,14.2222
5544,-60.0111,-12.069,0.6963,0.7,0.3736,4.0231,23.3639,13.9907,14.8398,14.2213
5545,-60.2703,-12.1539,0.6964,0.7,0.2417,3.9787,23.3639,13.9898,14.8398,14.2213
5546,-60.9679,-12.2022,0.6965,0.7,0.2097,3.9833,23.3639,13.9898,14.8398,14.2213
5547,-61.3509,-12.2022,0.6966,0.7,0.175,4.0009,23.3648,13.9898,14.8398,14.2213
5548,-61.4326,-12.2243,0.6967,0.7,0.1208,3.9972,23.3648,13.9898,14.8398,14.2213
5549,-62.0839,-12.2073,0.6969,0.7,0.1069,3.9278,23.3648,13.9917,14.8407,14.2231
5550,-62.5524,-12.2556,0.697,0.7,0.0931,4.013,23.3648,13.9917,14.8407,14.2194
5551,-62.8266,-12.2128,0.6971,0.7,0.0958,3.9537,23.3657,13.9898,14.8407,14.2176
5552,-62.9207,-12.1599,0.6972,0.7,0.175,3.987,23.3657,13.9898,14.8407,14.2176
5553,-63.189,-12.1509,0.6973,0.7,0.1208,3.9926,23.3657,13.9907,14.8407,14.2157
5554,-63.4301,-12.1547,0.6975,0.7,0.1403,3.9509,23.3667,13.9907,14.8407,14.2157
5555,-63.6626,-12.1137,0.6976,0.7,0.0819,4.0426,23.3667,13.9907,14.8407,14.2157
5556,-63.8422,-12.0678,0.6978,0.7,0.0736,3.9907,23.3667,13.9898,14.8417,14.2148
5557,-64.4085,-12.0288,0.6979,0.7,0.1431,4.0074,23.3667,13.988,14.8417,14.2139
5558,-64.4877,-11.9743,0.698,0.7,0.0986,3.9694,23.3667,13.987,14.8417,14.2139
5559,-64.6552,-11.9443,0.698,0.7,0.1667,3.9889,23.3676,13.987,14.8417,14.2139
5560,-64.8866,-11.8259,0.698,0.7,0.1472,3.9472,23.3676,13.987,14.8417,14.2139
5561,-64.8835,-11.7692,0.6981,0.7,0.1528,4.0417,23.3676,13.987,14.8417,14.212
5562,-64.832,-11.7483,0.6981,0.7,0.1986,3.9426,23.3676,13.988,14.8417,14.2139
5563,-65.0338,-11.6897,0.6983,0.7,0.1514,4.0259,23.3685,13.9861,14.8417,14.212
5564,-65.2241,-11.5602,0.6984,0.7,0.1236,4.0528,23.3685,13.987,14.8417,14.213
5565,-65.1882,-11.4459,0.6985,0.7,0.2222,4.0074,23.3685,13.9861,14.8417,14.2111
5566,-65.212,-11.3804,0.6985,0.7,0.4083,3.9944,23.3685,13.9861,14.8426,14.2093
5567,-65.3063,-11.2193,0.6985,0.7,0.3403,3.9324,23.3685,13.987,14.8426,14.2093
5568,-65.1737,-11.052,0.6985,0.7,0.3431,4.0185,23.3685,13.9861,14.8426,14.2074
5569,-64.8357,-10.9866,0.6984,0.7,0.4861,3.9981,23.3694,13.9861,14.8426,14.2074
5570,-63.9926,-10.8995,0.6984,0.7,0.5319,4.0231,23.3694,13.9861,14.8426,14.2083
5571,-63.8798,-10.8421,0.6983,0.7,0.4514,4.0278,23.3694,13.9852,14.8426,14.2074
5572,-63.1668,-10.6673,0.6983,0.7,0.4875,3.9833,23.3694,13.9852,14.8426,14.2074
5573,-63.2786,-10.6203,0.6983,0.7,0.6097,3.9954,23.3704,13.987,14.8426,14.2093
5574,-62.3423,-10.402,0.6984,0.7,1.4569,3.9898,23.3704,13.987,14.8426,14.2093
5575,-61.9924,-10.3356,0.6984,0.7,2.1056,3.9972,23.3704,13.987,14.8435,14.2093
5576,-60.2852,-10.1536,0.6983,0.7,3.1236,3.9889,23.3704,13.9852,14.8435,14.2065
5577,-58.9849,-10.205,0.6981,0.7,3.1292,3.9426,23.3704,13.9852,14.8435,14.2074
5578,-56.7161,-10.3979,0.6979,0.7,3.0722,4.0481,23.3713,13.9852,14.8435,14.2056
5579,-54.6434,-10.8102,0.6975,0.7,2.2181,4.0389,23.3713,13.9861,14.8435,14.2056
5580,-54.4983,-11.384,0.6971,0.7,1.4889,3.9574,23.3713,13.9861,14.8435,14.2056
5581,-55.0835,-11.3921,0.6971,0.7,1.1389,3.9861,23.3713,13.987,14.8435,14.2056
5582,-56.9915,-11.6548,0.6969,0.7,1.0417,4.0148,23.3722,13.987,14.8435,14.2046
5583,-57.0528,-11.7282,0.6969,0.7,0.8042,3.9926,23.3722,13.987,14.8435,14.2065
5584,-57.8508,-11.8505,0.6968,0.7,0.9306,4.013,23.3722,13.9861,14.8444,14.2074
5585,-58.6231,-11.9927,0.6968,0.7,0.5,4.0213,23.3731,13.9861,14.8444,14.2074
5586,-58.4108,-11.9427,0.6968,0.7,0.6722,4.0657,23.3731,13.9861,14.8444,14.2065
5587,-58.5562,-11.978,0.6968,0.7,0.3958,4.0241,23.3731,13.9852,14.8444,14.2074
5588,-59.9039,-12.0564,0.6968,0.7,0.4444,3.9824,23.3731,13.9861,14.8444,14.2074
5589,-59.9888,-12.1298,0.6969,0.7,0.2569,4.0083,23.3741,13.9861,14.8444,14.2065
5590,-60.187,-12.1464,0.6969,0.7,0.2972,4.0074,23.3741,13.9833,14.8444,14.2065
5591,-60.8429,-12.1936,0.6969,0.7,0.2153,3.9713,23.3741,13.9806,14.8454,14.2046
5592,-61.5677,-12.1987,0.697,0.7,0.2014,3.9815,23.3741,13.9796,14.8454,14.2056
5593,-61.6972,-12.1831,0.6971,0.7,0.1417,4.037,23.375,13.9796,14.8454,14.2056
5594,-61.8811,-12.2169,0.6971,0.7,0.1375,4.0556,23.375,13.9796,14.8454,14.2065
5595,-62.2471,-12.2222,0.6972,0.7,0.1222,4.0398,23.375,13.9815,14.8454,14.2074
5596,-62.3003,-12.1524,0.6974,0.7,0.1042,3.95,23.3759,13.9815,14.8454,14.2083
5597,-62.6439,-12.2667,0.6974,0.7,0.0875,4.0315,23.3759,13.9815,14.8454,14.2093
5598,-63.0834,-12.2124,0.6974,0.7,0.1181,3.9824,23.3759,13.9815,14.8454,14.2093
5599,-63.4917,-12.192,0.6975,0.7,0.0667,3.9898,23.3759,13.9833,14.8463,14.2093
5600,-63.7447,-12.1702,0.6976,0.7,0.0819,3.9954,23.3759,13.9852,14.8463,14.2111
5601,-64.14,-12.1302,0.6976,0.7,0.0542,4.0056,23.3769,13.9852,14.8463,14.2111
5602,-64.5831,-12.022,0.6977,0.7,0.05,3.975,23.3769,13.988,14.8463,14.212
5603,-64.859,-11.9062,0.6978,0.7,0.0764,3.9648,23.3769,13.9889,14.8463,14.2111
5604,-64.9581,-11.8341,0.6978,0.7,0.1819,3.9787,23.3769,13.988,14.8463,14.2102
5605,-65.3722,-11.7191,0.6978,0.7,0.175,4.0093,23.3778,13.9889,14.8463,14.2111
5606,-65.3483,-11.6384,0.6978,0.7,0.2361,4.0287,23.3778,13.9889,14.8463,14.2102
5607,-65.2261,-11.5833,0.6978,0.7,0.2083,3.9917,23.3778,13.9889,14.8463,14.2102
5608,-65.0272,-11.4311,0.6978,0.7,0.3319,3.9889,23.3778,13.9861,14.8472,14.2074
5609,-65.0498,-11.3592,0.6979,0.7,0.325,3.963,23.3787,13.9861,14.8472,14.2093
5610,-65.2984,-11.1657,0.698,0.7,0.5639,3.9778,23.3787,13.9861,14.8472,14.2083
5611,-64.4241,-10.9991,0.698,0.7,0.4069,4.0306,23.3787,13.987,14.8472,14.2083
5612,-64.6448,-10.9008,0.698,0.7,0.4319,3.9722,23.3787,13.987,14.8472,14.2083
5613,-63.9467,-10.7818,0.6981,0.7,0.4764,3.9602,23.3796,13.9861,14.8472,14.2083
5614,-64.1853,-10.7207,0.6981,0.7,0.5986,4.0046,23.3796,13.987,14.8472,14.212
5615,-63.3589,-10.5582,0.6981,0.7,0.6667,3.9935,23.3796,13.9861,14.8472,14.2111
5616,-62.3839,-10.3388,0.6981,0.7,1.2833,4.0333,23.3796,13.9861,14.8481,14.212
5617,-61.1091,-10.216,0.6981,0.7,2.7194,4.0259,23.3806,13.9843,14.8481,14.212
5618,-60.5449,-10.1607,0.698,0.7,3.225,3.9806,23.3806,13.9861,14.8481,14.2139
5619,-58.2679,-10.2157,0.6979,0.7,3.3889,4.0287,23.3806,13.987,14.8481,14.213
5620,-56.034,-10.4918,0.6975,0.7,2.7944,3.9769,23.3806,13.987,14.8481,14.2148
5621,-54.6987,-10.8467,0.6973,0.7,2.2514,3.9519,23.3815,13.987,14.8481,14.2157
5622,-55.0407,-11.1212,0.6971,0.7,1.6861,4.0148,23.3815,13.9852,14.8481,14.2139
5623,-54.3634,-11.209,0.6971,0.7,1.3944,3.9954,23.3815,13.9907,14.8491,14.2167
5624,-56.2783,-11.4824,0.6969,0.7,1.0708,4.0343,23.3824,13.9889,14.8491,14.2167
5625,-57.8157,-11.7782,0.6969,0.7,0.7556,3.962,23.3824,13.9889,14.8491,14.2157
5626,-58.16,-11.9209,0.6969,0.7,0.5417,3.9648,23.3824,13.9889,14.8491,14.2148
5627,-59.2208,-12.0062,0.697,0.7,0.4236,3.9944,23.3824,13.988,14.8491,14.213
5628,-59.3813,-12.1113,0.6971,0.7,0.3694,4.0028,23.3833,13.988,14.8491,14.212
5629,-60.4954,-12.1534,0.6972,0.7,0.1542,4.0213,23.3833,13.988,14.8491,14.2139
5630,-60.9195,-12.1569,0.6972,0.7,0.2125,3.9833,23.3833,13.988,14.8491,14.213
5631,-61.0155,-12.2444,0.6972,0.7,0.1486,4.0343,23.3833,13.988,14.85,14.2139
5632,-61.7513,-12.2076,0.6973,0.7,0.1208,3.9796,23.3843,13.987,14.85,14.2148
5633,-61.9683,-12.2142,0.6974,0.7,0.0653,3.9954,23.3843,13.9861,14.85,14.2148
5634,-62.715,-12.2664,0.6975,0.7,0.1236,4.0185,23.3843,13.987,14.85,14.2157
5635,-63.2998,-12.2617,0.6975,0.7,0.1028,3.9981,23.3843,13.9843,14.85,14.213
5636,-63.3853,-12.1548,0.6976,0.7,0.0917,3.9824,23.3852,13.9843,14.85,14.2139
5637,-63.3196,-12.1531,0.6977,0.7,0.0347,3.9815,23.3852,13.9824,14.85,14.2139
5638,-63.747,-12.1438,0.6978,0.7,0.0708,3.9852,23.3852,13.9833,14.85,14.213
5639,-64.17,-12.0681,0.6978,0.7,0.1097,4.0102,23.3852,13.9815,14.85,14.212
5640,-64.3916,-12.0321,0.6979,0.7,0.0792,3.9472,23.3852,13.9824,14.8509,14.213
5641,-64.5058,-12.0099,0.698,0.7,0.1,4.0194,23.3861,13.9824,14.8509,14.213
5642,-64.8112,-11.905,0.698,0.7,0.1069,3.9926,23.3861,13.9824,14.8509,14.212
5643,-64.7374,-11.869,0.698,0.7,0.1389,4.0278,23.3861,13.9824,14.8509,14.212
5644,-64.6948,-11.7746,0.6981,0.7,0.1222,3.9991,23.3861,13.9824,14.8509,14.212
5645,-64.9073,-11.6364,0.6981,0.7,0.2111,3.9759,23.3861,13.9833,14.8509,14.212
5646,-65.2804,-11.6096,0.6981,0.7,0.1986,4.0407,23.387,13.9852,14.8509,14.2148
5647,-65.184,-11.3572,0.6981,0.7,0.3681,3.9741,23.387,13.9843,14.8509,14.2139
5648,-64.9312,-11.28,0.6981,0.7,0.2361,3.9963,23.387,13.9843,14.8509,14.2139
5649,-64.6221,-11.1249,0.6982,0.7,0.4389,4.0352,23.387,13.9852,14.8519,14.2139
5650,-65.0953,-11.0664,0.6982,0.7,0.4569,3.9954,23.388,13.987,14.8519,14.2148
5651,-64.339,-10.9702,0.6982,0.7,0.4486,3.9907,23.388,13.987,14.8519,14.2148
5652,-64.576,-10.8923,0.6982,0.7,0.4361,4.0157,23.388,13.9852,14.8519,14.212
5653,-64.1785,-10.8264,0.6983,0.7,0.4806,4.013,23.388,13.9852,14.8519,14.2111
5654,-63.876,-10.6883,0.6984,0.7,0.5625,3.9685,23.3889,13.987,14.8519,14.212
5655,-62.6002,-10.5548,0.6985,0.7,0.6972,3.9722,23.3889,13.9889,14.8519,14.2139
5656,-62.7032,-10.4456,0.6985,0.7,0.9222,3.975,23.3889,13.9898,14.8519,14.2148
5657,-62.4415,-10.3354,0.6985,0.7,1.6931,4.0167,23.3889,13.9898,14.8519,14.2139
5658,-61.6661,-10.3091,0.6985,0.7,2.3111,4.0222,23.3889,13.9889,14.8528,14.213
5659,-61.3246,-10.2983,0.6986,0.7,2.2639,4.0019,23.3898,13.9889,14.8528,14.212
5660,-59.7767,-10.2202,0.6986,0.7,2.9306,3.9787,23.3898,13.988,14.8528,14.2102
5661,-59.9658,-10.2497,0.6986,0.7,2.7903,3.9704,23.3898,13.9889,14.8528,14.2083
5662,-59.0352,-10.2209,0.6985,0.7,2.9292,3.9741,23.3898,13.9898,14.8528,14.2093
5663,-60.4107,-10.2776,0.6985,0.7,2.8972,3.95,23.3898,13.9907,14.8528,14.2065
5664,-61.2925,-10.2852,0.6986,0.7,2.5056,4.0046,23.3907,13.9917,14.8528,14.2083
5665,-60.6596,-10.2794,0.6986,0.7,2.6833,4.0074,23.3907,13.9935,14.8528,14.2102
5666,-61.1064,-10.3685,0.6986,0.7,2.3111,3.9315,23.3907,13.9898,14.8528,14.2074
5667,-62.1449,-10.4043,0.6988,0.7,1.8208,3.9759,23.3907,13.9889,14.8528,14.2074
5668,-62.4243,-10.5462,0.6988,0.7,1.4264,4.0565,23.3907,13.9898,14.8528,14.2074
5669,-63.3672,-10.6326,0.6989,0.7,0.9514,3.987,23.3917,13.9907,14.8537,14.2083
5670,-63.9491,-10.6587,0.6989,0.7,0.7056,4.0481,23.3917,13.9898,14.8537,14.2074
5671,-63.0113,-10.6047,0.6989,0.7,0.8639,4.0269,23.3917,13.9898,14.8537,14.2074
5672,-63.0485,-10.576,0.699,0.7,0.7875,4.0343,23.3917,13.9889,14.8537,14.2056
5673,-63.2055,-10.4948,0.6989,0.7,1.0417,3.9685,23.3917,13.9889,14.8537,14.2065
5674,-63.2345,-10.4944,0.6989,0.7,1.1056,3.9574,23.3917,13.9898,14.8537,14.2056
5675,-63.0337,-10.4839,0.699,0.7,1.0861,3.9796,23.3926,13.9907,14.8537,14.2065
5676,-61.975,-10.321,0.6988,0.7,1.9611,4.0009,23.3926,13.9907,14.8537,14.2056
5677,-61.6673,-10.2211,0.6988,0.7,2.6236,4.0111,23.3926,13.9917,14.8537,14.2046
5678,-60.271,-10.1941,0.6987,0.7,3.1861,4.0324,23.3926,13.9917,14.8537,14.2046
5679,-59.436,-10.2388,0.6986,0.7,3.1875,4.0426,23.3926,13.9926,14.8537,14.2056
5680,-56.8423,-10.4093,0.6984,0.7,2.8972,4.0343,23.3926,13.9944,14.8546,14.2046
5681,-55.3336,-10.647,0.6982,0.7,2.3931,3.987,23.3935,13.9926,14.8546,14.2046
5682,-55.3662,-10.6721,0.6982,0.7,2.3444,3.9519,23.3935,13.9926,14.8546,14.2056
5683,-54.1695,-10.8868,0.6981,0.7,2.1722,3.987,23.3935,13.9917,14.8546,14.2065
5684,-54.4114,-11.1635,0.6979,0.7,1.7444,3.9509,23.3935,13.9926,14.8546,14.2074
5685,-54.5367,-11.2491,0.6978,0.7,1.5194,3.9352,23.3935,13.9917,14.8546,14.2083
5686,-56.1155,-11.3222,0.6978,0.7,1.4306,4.0222,23.3944,13.9917,14.8546,14.2083
5687,-55.5943,-11.6081,0.6977,0.7,1.125,4.0139,23.3944,13.9917,14.8546,14.2065
5688,-56.6274,-11.7718,0.6977,0.7,0.7236,4.0167,23.3944,13.9917,14.8546,14.2065
5689,-58.1581,-11.8283,0.6978,0.7,0.75,3.975,23.3944,13.9917,14.8546,14.2065
5690,-58.5423,-11.9799,0.6977,0.7,0.4722,4.0259,23.3944,13.9898,14.8546,14.2065
5691,-59.6871,-12.1195,0.6976,0.7,0.3667,3.9889,23.3954,13.9898,14.8556,14.2065
5692,-59.4553,-12.1002,0.6978,0.7,0.3486,3.9731,23.3954,13.9898,14.8556,14.2074
5693,-60.09,-12.0703,0.6979,0.7,0.4111,3.9639,23.3954,13.9907,14.8556,14.2074
5694,-60.2974,-12.1443,0.6979,0.7,0.225,4.0111,23.3954,13.9917,14.8556,14.2065
5695,-60.516,-12.1895,0.698,0.7,0.1931,3.9796,23.3954,13.9898,14.8556,14.2056
5696,-60.8066,-12.1779,0.698,0.7,0.1972,4.0472,23.3954,13.9907,14.8556,14.2056
5697,-60.852,-12.2339,0.6981,0.7,0.1375,4.0481,23.3963,13.9907,14.8556,14.2056
5698,-61.9213,-12.2423,0.6981,0.7,0.0819,3.962,23.3963,13.9917,14.8556,14.2046
5699,-61.7739,-12.2224,0.6981,0.7,0.1417,3.9463,23.3963,13.9926,14.8556,14.2037
5700,-62.2107,-12.2398,0.6982,0.7,0.0958,3.9861,23.3963,13.9935,14.8556,14.2046
5701,-62.8459,-12.2443,0.6983,0.7,0.0514,3.9972,23.3963,13.9926,14.8556,14.2037
5702,-62.6483,-12.2302,0.6983,0.7,0.1069,3.963,23.3963,13.9907,14.8556,14.2037
5703,-63.2431,-12.2521,0.6983,0.7,0.0917,3.9722,23.3972,13.9907,14.8556,14.2028
5704,-63.5654,-12.223,0.6983,0.7,0.0264,3.9537,23.3972,13.9889,14.8565,14.2028
5705,-63.9777,-12.1472,0.6983,0.7,0.1097,3.9611,23.3972,13.987,14.8565,14.2009
5706,-64.2608,-12.0835,0.6984,0.7,0.1014,3.9685,23.3972,13.9889,14.8565,14.2019
5707,-64.5968,-12.0438,0.6983,0.7,0.0833,4.0157,23.3972,13.9898,14.8565,14.2028
5708,-64.7302,-11.9477,0.6983,0.7,0.0903,4.0046,23.3972,13.9898,14.8565,14.2019
5709,-64.8767,-11.7657,0.6985,0.7,0.1569,4.0352,23.3981,13.9889,14.8565,14.2028
5710,-65.1056,-11.7041,0.6985,0.7,0.1333,3.9778,23.3981,13.9898,14.8565,14.2046
5711,-65.2544,-11.5737,0.6986,0.7,0.225,3.9935,23.3981,13.9907,14.8565,14.2037
5712,-65.5461,-11.4055,0.6985,0.7,0.3083,4.0231,23.3981,13.9926,14.8565,14.2037
5713,-64.9997,-11.262,0.6985,0.7,0.3125,4.0407,23.3981,13.9917,14.8565,14.2046
5714,-64.9759,-11.0786,0.6985,0.7,0.4444,4.0491,23.3981,13.9917,14.8565,14.2037
5715,-64.6393,-10.8445,0.6986,0.7,0.5417,4.0037,23.3991,13.9926,14.8565,14.2046
5716,-64.1957,-10.7011,0.6985,0.7,0.3639,4.0296,23.3991,13.9907,14.8574,14.2037
5717,-63.4015,-10.5282,0.6985,0.7,0.4319,3.9917,23.3991,13.9907,14.8574,14.2046
5718,-62.1894,-10.3633,0.6984,0.7,1.3097,4.0222,23.3991,13.9917,14.8574,14.2065
5719,-61.3624,-10.2932,0.6985,0.7,2.1583,3.9852,23.3991,13.9889,14.8574,14.2056
5720,-60.992,-10.1579,0.6984,0.7,2.8764,4.0093,23.4,13.9907,14.8574,14.2056
5721,-58.1196,-10.2442,0.6982,0.7,3.3208,3.9806,23.4,13.9889,14.8574,14.2056
5722,-55.5413,-10.5754,0.6979,0.7,2.7847,3.9796,23.4,13.9889,14.8574,14.2074
5723,-54.2082,-10.9753,0.6977,0.7,1.8764,3.9852,23.4,13.9898,14.8574,14.2074
5724,-55.0508,-11.3671,0.6974,0.7,1.2806,4.013,23.4009,13.9889,14.8574,14.2083
5725,-55.8517,-11.3622,0.6975,0.7,1.3694,3.9639,23.4009,13.9907,14.8583,14.2111
5726,-56.1868,-11.5474,0.6975,0.7,1.0722,3.938,23.4009,13.9898,14.8583,14.212
5727,-57.0707,-11.7667,0.6974,0.7,0.6944,4.013,23.4009,13.9898,14.8583,14.212
5728,-56.9524,-11.7839,0.6975,0.7,0.6667,4.0111,23.4009,13.9898,14.8583,14.212
5729,-58.6402,-11.9871,0.6974,0.7,0.4806,3.9889,23.4019,13.988,14.8583,14.2111
5730,-59.9743,-12.2049,0.6973,0.7,0.2097,4.0093,23.4019,13.988,14.8583,14.212
5731,-60.3141,-12.2053,0.6973,0.7,0.1389,3.9833,23.4019,13.988,14.8583,14.2102
5732,-61.1437,-12.229,0.6974,0.7,0.1778,3.9917,23.4019,13.9889,14.8583,14.2093
5733,-61.9389,-12.279,0.6974,0.7,0.1167,3.987,23.4028,13.988,14.8583,14.2074
5734,-62.7361,-12.2478,0.6975,0.7,0.1375,3.9833,23.4028,13.9889,14.8593,14.2083
5735,-62.9794,-12.2297,0.6975,0.7,0.1278,4.0306,23.4028,13.9898,14.8593,14.2102
5736,-63.4788,-12.2013,0.6976,0.7,0.0917,4.0139,23.4028,13.988,14.8593,14.2093
5737,-63.6503,-12.1775,0.6977,0.7,0.0431,4.0602,23.4028,13.9852,14.8593,14.2065
5738,-64.0038,-12.1774,0.6977,0.7,0.0514,4.0176,23.4037,13.9861,14.8593,14.2065
5739,-64.0726,-12.0938,0.6977,0.7,0.075,4.0176,23.4037,13.9843,14.8593,14.2037
5740,-64.3574,-11.994,0.6978,0.7,0.1097,3.975,23.4037,13.9824,14.8593,14.2028
5741,-64.5298,-11.9563,0.6978,0.7,0.1181,4.0259,23.4037,13.9815,14.8593,14.2
5742,-64.7957,-11.8474,0.6979,0.7,0.1306,4.0037,23.4046,13.9815,14.8593,14.2028
5743,-64.9448,-11.649,0.698,0.7,0.1611,3.9556,23.4046,13.9833,14.8602,14.2046
5744,-65.0778,-11.6178,0.698,0.7,0.2306,4.0231,23.4046,13.9833,14.8602,14.2056
5745,-65.0929,-11.4781,0.6982,0.7,0.2681,3.9981,23.4046,13.9852,14.8602,14.2074
5746,-65.3158,-11.3076,0.6983,0.7,0.1917,3.9241,23.4046,13.987,14.8602,14.2083
5747,-65.2347,-11.1692,0.6984,0.7,0.3903,4.0074,23.4056,13.9852,14.8602,14.2074
5748,-65.0479,-10.8814,0.6984,0.7,0.4139,3.9667,23.4056,13.9852,14.8602,14.2065
5749,-64.3599,-10.7262,0.6983,0.7,0.4431,4.025,23.4056,13.9843,14.8602,14.2056
5750,-63.435,-10.6241,0.6982,0.7,0.3917,4.0343,23.4056,13.9861,14.8602,14.2065
5751,-62.5678,-10.499,0.6982,0.7,0.7,4.0241,23.4065,13.9861,14.8602,14.2065
5752,-61.8237,-10.3202,0.6983,0.7,1.7597,4.0037,23.4065,13.9843,14.8611,14.2056
5753,-61.6249,-10.3048,0.6983,0.7,1.9458,4.0139,23.4065,13.9843,14.8611,14.2065
5754,-60.6622,-10.2062,0.6983,0.7,2.7472,4.0204,23.4065,13.9852,14.8611,14.2074
5755,-58.9553,-10.2373,0.6983,0.7,3.1583,4.0343,23.4074,13.9852,14.8611,14.2074
5756,-56.8632,-10.3981,0.6982,0.7,3.0528,4.0648,23.4074,13.987,14.8611,14.2065
5757,-55.9192,-10.6526,0.698,0.7,2.3792,4.0009,23.4074,13.9861,14.8611,14.2065
5758,-55.0702,-10.8082,0.6979,0.7,2.0444,3.975,23.4074,13.9852,14.8611,14.2065
5759,-54.9584,-11.21,0.6978,0.7,1.5639,3.9796,23.4074,13.987,14.8611,14.2056
5760,-56.1114,-11.5858,0.6976,0.7,1.1611,4.0407,23.4083,13.987,14.8611,14.2056
5761,-56.4234,-11.5833,0.6976,0.7,0.8472,4.0056,23.4083,13.9852,14.862,14.2046
5762,-57.4969,-11.7537,0.6977,0.7,0.8181,4.0,23.4083,13.9861,14.862,14.2056
5763,-58.4989,-11.9345,0.6976,0.7,0.4569,4.0093,23.4083,13.9852,14.862,14.2046
5764,-59.4699,-12.0919,0.6976,0.7,0.3681,3.9944,23.4083,13.9852,14.862,14.2074
5765,-60.1263,-12.1719,0.6976,0.7,0.2375,3.9972,23.4093,13.9843,14.862,14.2065
5766,-61.1668,-12.2324,0.6976,0.7,0.2028,4.0056,23.4093,13.9824,14.862,14.2046
5767,-61.5277,-12.2331,0.6977,0.7,0.1389,3.9759,23.4093,13.9815,14.862,14.2046
5768,-62.464,-12.2818,0.6977,0.7,0.0986,3.9759,23.4093,13.9833,14.862,14.2065
5769,-62.3618,-12.278,0.6977,0.7,0.0875,4.0324,23.4093,13.9824,14.862,14.2056
5770,-62.9657,-12.256,0.6977,0.7,0.0736,4.0148,23.4102,13.9815,14.862,14.2046
5771,-63.5287,-12.2164,0.6977,0.7,0.0597,4.0324,23.4102,13.9815,14.862,14.2046
5772,-63.9508,-12.1304,0.6978,0.7,0.0736,4.0426,23.4102,13.9796,14.863,14.2
5773,-64.05,-12.0778,0.6979,0.7,0.1264,3.9935,23.4102,13.9796,14.863,14.2028
5774,-64.4903,-11.9982,0.698,0.7,0.1319,3.9324,23.4102,13.9806,14.863,14.2037
5775,-64.667,-11.8901,0.698,0.7,0.1306,4.0259,23.4111,13.9796,14.863,14.2028
5776,-64.8201,-11.8649,0.6981,0.7,0.1403,4.0204,23.4111,13.9769,14.863,14.2019
5777,-65.1552,-11.6877,0.6982,0.7,0.1403,3.9778,23.4111,13.9769,14.863,14.2019
5778,-65.2136,-11.6003,0.6982,0.7,0.3,4.0398,23.4111,13.9759,14.863,14.1991
5779,-65.2664,-11.4426,0.6982,0.7,0.3431,3.9769,23.412,13.9759,14.863,14.1991
5780,-65.4388,-11.3709,0.6982,0.7,0.2056,3.9759,23.412,13.9759,14.863,14.1991
5781,-65.4687,-11.2495,0.6981,0.7,0.3389,3.9889,23.412,13.975,14.8639,14.1981
5782,-65.3131,-11.1631,0.6981,0.7,0.3486,4.013,23.412,13.9759,14.8639,14.2
5783,-65.1562,-11.1312,0.6982,0.7,0.3014,3.9907,23.412,13.9759,14.8639,14.1991
5784,-64.5283,-10.9858,0.6982,0.7,0.4194,4.0185,23.413,13.975,14.8639,14.1981
5785,-64.5633,-10.7499,0.6983,0.7,0.4722,3.9407,23.413,13.9731,14.8639,14.1991
5786,-63.317,-10.5517,0.6982,0.7,0.5653,4.0185,23.413,13.9741,14.8639,14.1991
5787,-63.0592,-10.4967,0.6982,0.7,0.6306,3.9843,23.413,13.9759,14.8639,14.1991
5788,-62.1761,-10.3783,0.6982,0.7,1.1375,4.0231,23.4139,13.975,14.8639,14.1981
5789,-61.9598,-10.2658,0.6981,0.7,2.4028,3.9917,23.4139,13.9759,14.8639,14.1981
5790,-61.6488,-10.2543,0.6983,0.7,2.4431,3.9472,23.4139,13.9769,14.8648,14.1991
5791,-59.7472,-10.2231,0.6983,0.7,3.0764,3.9852,23.4139,13.975,14.8648,14.1981
5792,-56.9749,-10.3318,0.6982,0.7,3.2208,4.0157,23.4148,13.975,14.8648,14.1981
5793,-55.2064,-10.7346,0.6977,0.7,2.5653,3.9861,23.4148,13.9722,14.8648,14.1981
5794,-54.4072,-11.1778,0.6974,0.7,1.8125,3.9815,23.4148,13.9731,14.8648,14.1981
5795,-55.1996,-11.3806,0.6973,0.7,1.1847,4.0333,23.4148,13.975,14.8648,14.1981
5796,-56.2812,-11.7166,0.6971,0.7,0.8806,3.9509,23.4148,13.9741,14.8648,14.1981
5797,-58.0643,-11.9146,0.697,0.7,0.7097,4.0037,23.4157,13.9759,14.8648,14.2009
5798,-59.7594,-12.1,0.6969,0.7,0.3681,4.0435,23.4157,13.9787,14.8657,14.2009
5799,-60.1636,-12.146,0.6969,0.7,0.2431,4.0241,23.4157,13.9796,14.8657,14.2019
5800,-60.4696,-12.2289,0.6968,0.7,0.1333,3.95,23.4157,13.9815,14.8657,14.2037
5801,-61.2639,-12.2304,0.6969,0.7,0.1042,4.0046,23.4167,13.9815,14.8657,14.2065
5802,-62.177,-12.2639,0.6969,0.7,0.1153,3.987,23.4167,13.9806,14.8657,14.2074
5803,-62.437,-12.309,0.6969,0.7,0.0458,4.0222,23.4167,13.9833,14.8657,14.2083
5804,-62.6656,-12.2183,0.697,0.7,0.0569,4.0176,23.4176,13.9815,14.8657,14.2074
5805,-63.1983,-12.2266,0.6971,0.7,0.0583,3.9935,23.4176,13.9824,14.8657,14.2074
5806,-63.6387,-12.1634,0.6972,0.7,0.0625,4.0056,23.4176,13.9833,14.8667,14.2056
5807,-64.2202,-12.1427,0.6972,0.7,0.0806,3.9907,23.4176,13.987,14.8667,14.2083
5808,-64.4864,-12.0515,0.6972,0.7,0.0944,3.9648,23.4185,13.9898,14.8667,14.2102
5809,-64.6634,-12.0106,0.6973,0.7,0.0917,4.0352,23.4185,13.9917,14.8667,14.2111
5810,-64.9442,-11.9331,0.6973,0.7,0.1236,4.0037,23.4185,13.9898,14.8667,14.2074
5811,-64.8852,-11.844,0.6973,0.7,0.1069,3.9731,23.4194,13.9907,14.8667,14.2083
5812,-64.8239,-11.8238,0.6973,0.7,0.0819,4.0713,23.4194,13.9926,14.8667,14.2093
5813,-65.1687,-11.6409,0.6973,0.7,0.2042,4.0296,23.4194,13.9926,14.8676,14.2074
5814,-65.4905,-11.5844,0.6974,0.7,0.1306,4.0185,23.4194,13.9917,14.8676,14.2056
5815,-65.309,-11.4239,0.6974,0.7,0.2014,3.937,23.4204,13.9907,14.8676,14.2028
5816,-65.2133,-11.2779,0.6975,0.7,0.3056,4.0491,23.4204,13.9917,14.8676,14.2028
5817,-65.043,-11.1254,0.6975,0.7,0.4111,4.0417,23.4204,13.9917,14.8676,14.2046
5818,-64.7873,-11.0417,0.6975,0.7,0.4778,3.9361,23.4213,13.9926,14.8676,14.2056
5819,-64.4877,-10.8467,0.6977,0.7,0.5264,3.9981,23.4213,13.9944,14.8676,14.2083
5820,-63.7726,-10.6548,0.6977,0.7,0.5472,3.9528,23.4213,13.9944,14.8685,14.2074
5821,-62.7844,-10.4765,0.6979,0.7,0.8069,3.9741,23.4213,13.9944,14.8685,14.2065
5822,-61.5744,-10.2315,0.6978,0.7,2.1292,4.0472,23.4222,13.9944,14.8685,14.2093
5823,-60.511,-10.13,0.6977,0.7,3.4653,4.0028,23.4222,13.9944,14.8685,14.2102
5824,-58.0748,-10.2153,0.6976,0.7,3.4042,3.9852,23.4222,13.9917,14.8685,14.2102
5825,-57.021,-10.3788,0.6974,0.7,2.8583,4.0259,23.4231,13.9926,14.8685,14.2139
5826,-54.3324,-10.7842,0.6971,0.7,2.3972,3.9889,23.4231,13.9944,14.8685,14.2157
5827,-54.5038,-11.1487,0.6969,0.7,1.6736,4.0046,23.4231,13.9944,14.8694,14.2139
5828,-54.97,-11.3088,0.6968,0.7,1.5833,3.9954,23.4241,13.9954,14.8694,14.2148
5829,-56.0402,-11.5632,0.6967,0.7,1.0306,4.0194,23.4241,13.9963,14.8694,14.2176
5830,-56.5374,-11.7032,0.6966,0.7,0.7528,4.0037,23.4241,13.9972,14.8694,14.2167
5831,-57.4031,-11.9234,0.6965,0.7,0.5444,4.0185,23.4241,13.9981,14.8694,14.2167
5832,-58.9586,-12.0915,0.6964,0.7,0.4278,4.0287,23.425,13.9963,14.8694,14.2148
5833,-59.8212,-12.1375,0.6964,0.7,0.2861,4.0361,23.425,13.9972,14.8694,14.2148
5834,-60.4961,-12.2048,0.6965,0.7,0.2069,4.0083,23.425,14.0,14.8704,14.2176
5835,-61.3451,-12.235,0.6965,0.7,0.1472,3.9546,23.4259,14.0,14.8704,14.2167
5836,-61.5668,-12.2621,0.6965,0.7,0.1042,4.0306,23.4259,14.0009,14.8704,14.2176
5837,-62.8442,-12.2927,0.6966,0.7,0.0417,3.975,23.4259,14.0028,14.8704,14.2176
5838,-63.0454,-12.2639,0.6965,0.7,0.0625,3.9324,23.4269,14.0037,14.8704,14.2176
5839,-63.7201,-12.1958,0.6966,0.7,0.0458,4.0167,23.4269,14.0065,14.8704,14.2185
5840,-64.1216,-12.1083,0.6966,0.7,0.1014,3.9824,23.4269,14.0056,14.8713,14.2176
5841,-64.3264,-12.057,0.6966,0.7,0.1292,4.0194,23.4278,14.0074,14.8713,14.2167
5842,-64.5887,-11.9917,0.6966,0.7,0.0944,4.0407,23.4278,14.0074,14.8713,14.2157
5843,-64.8279,-11.9072,0.6967,0.7,0.0889,4.0306,23.4278,14.0139,14.8713,14.2185
5844,-64.9752,-11.7561,0.6968,0.7,0.225,3.9491,23.4287,14.0148,14.8713,14.2222
5845,-65.3477,-11.6145,0.6968,0.7,0.1792,4.0167,23.4287,14.0148,14.8713,14.2213
5846,-65.1581,-11.5389,0.6968,0.7,0.2097,4.063,23.4287,14.0139,14.8722,14.2204
5847,-65.2642,-11.3781,0.6969,0.7,0.25,4.0231,23.4296,14.0167,14.8722,14.2213
5848,-65.4288,-11.189,0.6969,0.7,0.3833,3.9407,23.4296,14.0167,14.8722,14.2213
5849,-64.8731,-11.0245,0.6969,0.7,0.4486,4.0037,23.4296,14.0167,14.8722,14.2222
5850,-64.4053,-10.8674,0.6969,0.7,0.5764,3.9889,23.4306,14.0176,14.8722,14.2259
5851,-63.4571,-10.6165,0.697,0.7,0.6069,3.9852,23.4306,14.0213,14.8722,14.2278
5852,-62.5541,-10.4196,0.6969,0.7,0.8,4.0472,23.4306,14.0204,14.8731,14.2259
5853,-61.5733,-10.2229,0.697,0.7,2.0097,4.0306,23.4315,14.0231,14.8731,14.2278
5854,-61.0526,-10.1505,0.697,0.7,3.0042,4.0241,23.4315,14.0231,14.8731,14.2269
5855,-59.5755,-10.1854,0.6969,0.7,3.2972,3.9769,23.4324,14.0231,14.8731,14.2278
5856,-57.0922,-10.3835,0.6968,0.7,3.0111,3.9639,23.4324,14.0241,14.8731,14.2278
5857,-55.3305,-10.7175,0.6965,0.7,2.2264,4.0194,23.4324,14.0241,14.8741,14.2269
5858,-55.0603,-11.0788,0.6963,0.7,1.8333,4.0028,23.4333,14.025,14.8741,14.2278
5859,-55.2313,-11.3395,0.6962,0.7,1.4931,4.0333,23.4333,14.025,14.8741,14.2287
5860,-55.1081,-11.4131,0.6962,0.7,1.1903,4.0148,23.4333,14.0278,14.8741,14.2278
5861,-56.9009,-11.6235,0.6963,0.7,0.8833,4.0037,23.4343,14.0287,14.8741,14.2296
5862,-57.8374,-11.772,0.6963,0.7,0.7208,4.0361,23.4343,14.0296,14.8741,14.2287
5863,-58.7619,-12.0456,0.6963,0.7,0.35,4.0333,23.4343,14.0278,14.875,14.2287
5864,-59.2389,-12.0974,0.6964,0.7,0.2542,4.0556,23.4352,14.0278,14.875,14.2287
5865,-59.8019,-12.0796,0.6965,0.7,0.3083,3.9852,23.4352,14.0315,14.875,14.2306
5866,-60.8516,-12.1538,0.6966,0.7,0.2583,4.0269,23.4352,14.0324,14.875,14.2315
5867,-61.9236,-12.2091,0.6967,0.7,0.1333,4.0306,23.4361,14.0352,14.875,14.2333
5868,-62.3337,-12.2583,0.6968,0.7,0.1139,4.012,23.4361,14.0352,14.875,14.2343
5869,-63.0379,-12.2466,0.697,0.7,0.0861,3.9815,23.4361,14.037,14.875,14.2352
5870,-63.3888,-12.2357,0.6971,0.7,0.1194,3.9602,23.4361,14.0352,14.8759,14.2361
5871,-63.5327,-12.1846,0.6972,0.7,0.0667,4.0315,23.437,14.0361,14.8759,14.2361
5872,-63.4921,-12.1657,0.6972,0.7,0.1278,3.9991,23.437,14.0352,14.8759,14.237
5873,-63.819,-12.0787,0.6973,0.7,0.1528,4.0157,23.437,14.0361,14.8759,14.2361
5874,-63.9976,-12.0691,0.6974,0.7,0.1042,4.0481,23.438,14.037,14.8759,14.237
5875,-64.3142,-11.9592,0.6975,0.7,0.2111,4.0093,23.438,14.037,14.8759,14.2361
5876,-64.6691,-11.8932,0.6977,0.7,0.1042,4.0222,23.438,14.0352,14.8759,14.2333
5877,-64.8853,-11.8252,0.6977,0.7,0.1792,4.0037,23.438,14.0306,14.8769,14.2278
5878,-64.983,-11.6995,0.6979,0.7,0.2292,4.0657,23.4389,14.0306,14.8769,14.2269
5879,-65.031,-11.5841,0.6979,0.7,0.2389,4.0037,23.4389,14.0324,14.8769,14.2287
5880,-65.1132,-11.5017,0.698,0.7,0.2319,3.9741,23.4389,14.0324,14.8769,14.2306
5881,-65.1041,-11.2952,0.6981,0.7,0.3194,4.0444,23.4389,14.0333,14.8769,14.2296
5882,-65.2235,-11.197,0.6982,0.7,0.3181,3.9843,23.4398,14.0343,14.8769,14.2315
5883,-64.6505,-11.0829,0.6983,0.7,0.5264,3.9657,23.4398,14.0343,14.8769,14.2315
5884,-64.2956,-10.977,0.6983,0.7,0.5403,4.0167,23.4398,14.0343,14.8769,14.2315
5885,-64.2599,-10.8657,0.6985,0.7,0.4514,4.013,23.4398,14.0315,14.8769,14.2296
5886,-64.1275,-10.7987,0.6986,0.7,0.5167,4.0306,23.4398,14.0324,14.8778,14.2296
5887,-63.0258,-10.732,0.6987,0.7,0.4417,3.9407,23.4407,14.0306,14.8778,14.2287
5888,-62.7357,-10.4999,0.6988,0.7,0.675,3.9898,23.4407,14.0315,14.8778,14.2287
5889,-61.8982,-10.3309,0.6988,0.7,1.6139,3.9907,23.4407,14.0315,14.8778,14.2269
5890,-61.4299,-10.2819,0.6988,0.7,2.7597,4.0287,23.4407,14.0306,14.8778,14.225
5891,-60.5271,-10.2153,0.6988,0.7,2.8958,4.0056,23.4407,14.0315,14.8778,14.2259
5892,-58.7892,-10.2769,0.6987,0.7,3.0347,3.9963,23.4417,14.0306,14.8778,14.2259
5893,-57.7541,-10.3622,0.6986,0.7,2.8958,3.9537,23.4417,14.0315,14.8778,14.2287
5894,-56.1997,-10.4643,0.6985,0.7,2.7708,4.0204,23.4417,14.0315,14.8778,14.2287
5895,-55.9576,-10.512,0.6985,0.7,2.6972,3.9972,23.4417,14.0306,14.8778,14.2287
5896,-55.6721,-10.7134,0.6985,0.7,2.3333,3.9963,23.4417,14.0315,14.8778,14.2306
5897,-56.1852,-10.7244,0.6986,0.7,2.2319,3.9944,23.4417,14.0296,14.8787,14.2278
5898,-55.6745,-10.8911,0.6985,0.7,2.1056,4.0296,23.4426,14.0296,14.8787,14.2287
5899,-55.806,-10.8947,0.6986,0.7,2.1903,3.9583,23.4426,14.0296,14.8787,14.2296
5900,-54.9291,-11.1712,0.6985,0.7,1.7667,4.0037,23.4426,14.0287,14.8787,14.2278
5901,-55.9088,-11.1933,0.6985,0.7,1.5722,3.9852,23.4426,14.0296,14.8787,14.2287
5902,-55.5236,-11.2579,0.6987,0.7,1.4736,3.9815,23.4426,14.0278,14.8787,14.2278
5903,-55.7377,-11.5007,0.6986,0.7,0.9417,3.9583,23.4426,14.0259,14.8787,14.2259
5904,-57.1085,-11.6434,0.6987,0.7,0.8444,4.0009,23.4426,14.025,14.8787,14.2231
5905,-58.1741,-11.7838,0.6987,0.7,0.6861,4.0213,23.4435,14.025,14.8787,14.2231
5906,-58.5922,-11.9013,0.6987,0.7,0.5514,4.0287,23.4435,14.0269,14.8787,14.2241
5907,-59.7013,-12.0579,0.6988,0.7,0.3472,3.9528,23.4435,14.025,14.8787,14.2213
5908,-60.3466,-12.1504,0.6987,0.7,0.3125,4.0204,23.4435,14.025,14.8787,14.2213
5909,-60.7524,-12.2184,0.6986,0.7,0.1889,4.0574,23.4435,14.0241,14.8787,14.2185
5910,-60.4589,-12.0815,0.6988,0.7,0.2181,4.0296,23.4435,14.0231,14.8787,14.2157
5911,-61.2655,-12.1834,0.6989,0.7,0.1222,3.9528,23.4435,14.0231,14.8787,14.213
5912,-60.998,-12.1855,0.699,0.7,0.1139,3.9824,23.4435,14.0231,14.8787,14.2139
5913,-61.554,-12.1807,0.6991,0.7,0.1556,3.9917,23.4435,14.0231,14.8787,14.213
5914,-61.7064,-12.1829,0.6993,0.7,0.1569,4.0352,23.4435,14.0241,14.8787,14.213
5915,-61.9855,-12.1707,0.6994,0.7,0.1931,4.0241,23.4435,14.0241,14.8787,14.213
5916,-62.3445,-12.2075,0.6995,0.7,0.0903,3.9491,23.4435,14.0231,14.8787,14.213
5917,-63.0598,-12.1966,0.6997,0.7,0.0847,4.0111,23.4435,14.0231,14.8787,14.213
5918,-63.5125,-12.1755,0.6997,0.7,0.0556,4.0028,23.4435,14.0241,14.8787,14.213
5919,-63.7576,-12.1027,0.6997,0.7,0.0903,3.9981,23.4435,14.0259,14.8787,14.213
5920,-63.8902,-12.0834,0.6997,0.7,0.1236,4.0194,23.4435,14.0231,14.8787,14.2111
5921,-64.3763,-12.0375,0.6999,0.7,0.1667,4.0315,23.4435,14.0231,14.8787,14.2111
5922,-64.4783,-12.0692,0.6999,0.7,0.1069,3.9639,23.4435,14.0231,14.8796,14.2102
5923,-64.4652,-11.9662,0.6999,0.7,0.0597,3.9861,23.4435,14.0213,14.8796,14.2102
5924,-64.4604,-11.9074,0.6999,0.7,0.1097,4.0426,23.4435,14.0222,14.8796,14.2102
5925,-64.6753,-11.8293,0.7,0.7,0.1028,4.0231,23.4444,14.0213,14.8796,14.2093
5926,-64.7973,-11.7845,0.7001,0.7,0.2097,3.9843,23.4444,14.0213,14.8796,14.2093
5927,-64.8971,-11.7491,0.7002,0.7,0.1847,3.9259,23.4444,14.0204,14.8796,14.2083
5928,-64.9256,-11.7592,0.7002,0.7,0.2389,4.0259,23.4444,14.0194,14.8796,14.2056
5929,-64.8455,-11.6554,0.7004,0.7,0.2222,3.9269,23.4444,14.0157,14.8796,14.2056
5930,-65.0055,-11.6009,0.7004,0.7,0.175,4.075,23.4444,14.0167,14.8796,14.2037
5931,-65.0635,-11.572,0.7005,0.7,0.2236,4.0204,23.4444,14.0167,14.8796,14.2028
5932,-65.2675,-11.4745,0.7006,0.7,0.2403,3.9778,23.4444,14.012,14.8796,14.1991
5933,-65.3045,-11.3456,0.7007,0.7,0.4417,4.0056,23.4435,14.013,14.8796,14.1972
5934,-64.9524,-11.3631,0.7007,0.7,0.2931,4.0352,23.4435,14.012,14.8787,14.1972
5935,-64.8744,-11.1523,0.7008,0.7,0.425,4.0019,23.4435,14.0139,14.8787,14.1981
5936,-65.0187,-11.0399,0.7009,0.7,0.4875,4.0194,23.4435,14.0139,14.8787,14.1981
5937,-64.6294,-10.8985,0.7009,0.7,0.3431,4.0352,23.4435,14.0111,14.8787,14.1954
5938,-64.2283,-10.7728,0.7008,0.7,0.4736,4.0,23.4435,14.0102,14.8787,14.1954
5939,-63.6543,-10.7003,0.7008,0.7,0.4278,4.0259,23.4435,14.0111,14.8787,14.1981
5940,-63.2509,-10.5665,0.7008,0.7,0.6167,4.0389,23.4435,14.0102,14.8787,14.1972
5941,-62.3329,-10.346,0.7007,0.7,1.6472,4.0139,23.4435,14.012,14.8787,14.1981
5942,-61.8662,-10.2277,0.7006,0.7,2.3778,3.9759,23.4435,14.0111,14.8787,14.1963
5943,-59.9398,-10.1365,0.7004,0.7,3.3222,3.9852,23.4435,14.012,14.8787,14.1963
5944,-57.6428,-10.3232,0.7,0.7,3.0681,3.9787,23.4435,14.0139,14.8787,14.1954
5945,-56.0662,-10.5374,0.6998,0.7,2.5319,3.9935,23.4435,14.0148,14.8787,14.1972
5946,-53.9304,-10.8656,0.6994,0.7,2.075,3.9889,23.4435,14.0139,14.8787,14.1954
5947,-55.0324,-11.1965,0.6991,0.7,1.5611,4.0231,23.4435,14.0148,14.8787,14.1944
5948,-54.7788,-11.4799,0.6989,0.7,1.2458,4.038,23.4435,14.0157,14.8787,14.1935
5949,-56.4891,-11.58,0.6988,0.7,0.9819,4.0509,23.4444,14.0148,14.8787,14.1917
5950,-56.6847,-11.6432,0.6987,0.7,1.0736,3.9796,23.4444,14.0139,14.8796,14.1917
5951,-57.5851,-11.7638,0.6986,0.7,0.7764,3.9898,23.4444,14.0139,14.8796,14.1917
5952,-58.641,-11.9394,0.6985,0.7,0.4847,3.9944,23.4444,14.0148,14.8796,14.1926
5953,-58.8658,-11.9946,0.6985,0.7,0.4528,4.0315,23.4444,14.012,14.8796,14.1907
5954,-59.5035,-12.0863,0.6985,0.7,0.3014,4.0065,23.4444,14.013,14.8796,14.1907
5955,-60.1559,-12.1605,0.6984,0.7,0.2431,4.0287,23.4444,14.013,14.8796,14.1917
5956,-60.6867,-12.1825,0.6984,0.7,0.2028,3.9565,23.4444,14.013,14.8796,14.1907
5957,-60.8634,-12.1761,0.6985,0.7,0.2097,4.025,23.4444,14.0139,14.8796,14.1898
5958,-61.7028,-12.2256,0.6986,0.7,0.1208,3.9694,23.4444,14.0148,14.8796,14.1907
5959,-62.4037,-12.2957,0.6986,0.7,0.0847,4.013,23.4454,14.0148,14.8796,14.1917
5960,-62.7515,-12.2528,0.6986,0.7,0.1319,3.962,23.4454,14.0176,14.8796,14.1926
5961,-62.8603,-12.2578,0.6986,0.7,0.0431,3.9556,23.4454,14.0176,14.8796,14.1935
5962,-63.2639,-12.1827,0.6986,0.7,0.1653,4.0241,23.4454,14.0194,14.8796,14.1935
5963,-63.204,-12.1788,0.6986,0.7,0.1236,4.0648,23.4454,14.0204,14.8796,14.1954
5964,-63.4937,-12.1468,0.6988,0.7,0.0972,4.0657,23.4454,14.0185,14.8796,14.1935
5965,-63.9362,-12.0965,0.6988,0.7,0.1833,3.9972,23.4454,14.0194,14.8796,14.1944
5966,-64.0994,-12.0336,0.6989,0.7,0.1014,3.9963,23.4454,14.0185,14.8796,14.1926
5967,-64.4288,-11.8989,0.699,0.7,0.1361,3.9972,23.4463,14.0185,14.8796,14.1917
5968,-64.7721,-11.8571,0.6991,0.7,0.1333,3.9611,23.4463,14.0185,14.8796,14.1917
5969,-65.1396,-11.8319,0.6991,0.7,0.1014,4.0111,23.4463,14.0139,14.8806,14.1898
5970,-64.9961,-11.65,0.6991,0.7,0.1889,3.9991,23.4463,14.012,14.8806,14.1898
5971,-65.1697,-11.5678,0.6991,0.7,0.2444,3.9954,23.4463,14.0139,14.8806,14.1898
5972,-65.1833,-11.47,0.6991,0.7,0.2306,4.0037,23.4463,14.0139,14.8806,14.1898
5973,-65.1278,-11.3098,0.6991,0.7,0.325,3.9769,23.4463,14.0139,14.8806,14.1907
5974,-65.3354,-11.2687,0.6991,0.7,0.3986,3.988,23.4463,14.0157,14.8806,14.1898
5975,-64.8352,-11.0649,0.6992,0.7,0.4042,4.0259,23.4463,14.0167,14.8806,14.1917
5976,-64.698,-10.9262,0.6992,0.7,0.4556,3.9639,23.4472,14.0176,14.8806,14.1944
5977,-64.4195,-10.822,0.6992,0.7,0.5944,3.9861,23.4472,14.0213,14.8806,14.1991
5978,-64.0026,-10.7416,0.6992,0.7,0.5222,3.9917,23.4472,14.0204,14.8806,14.1963
5979,-63.3612,-10.6999,0.6992,0.7,0.6431,3.9815,23.4472,14.0204,14.8806,14.1963
5980,-62.4959,-10.4634,0.6993,0.7,0.8042,3.9843,23.4472,14.0231,14.8806,14.1981
5981,-61.2163,-10.2825,0.6993,0.7,2.1722,4.0917,23.4472,14.0222,14.8806,14.1972
5982,-60.7712,-10.2647,0.6993,0.7,2.675,4.0287,23.4472,14.0222,14.8806,14.1981
5983,-59.1597,-10.2389,0.6993,0.7,3.0972,4.0,23.4481,14.0222,14.8806,14.1981
5984,-54.3289,-10.6636,0.6988,0.7,2.4528,3.9935,23.4481,14.0231,14.8806,14.2
5985,-54.7617,-10.9366,0.6985,0.7,1.9944,3.9935,23.4481,14.0259,14.8815,14.2
5986,-54.788,-11.3863,0.6981,0.7,1.5333,4.0065,23.4481,14.025,14.8815,14.2
5987,-55.6945,-11.5474,0.698,0.7,0.9722,4.0102,23.4481,14.0259,14.8815,14.2
5988,-55.2349,-11.5867,0.698,0.7,1.2014,4.0009,23.4481,14.0259,14.8815,14.1991
5989,-56.4599,-11.6111,0.6979,0.7,0.9,4.0352,23.4481,14.0241,14.8815,14.1981
5990,-56.9503,-11.7986,0.6979,0.7,0.625,4.0241,23.4491,14.0259,14.8815,14.1981
5991,-57.7395,-11.8978,0.6978,0.7,0.4792,3.9954,23.4491,14.0269,14.8815,14.2
5992,-58.4159,-12.0301,0.6978,0.7,0.5028,4.0167,23.4491,14.0278,14.8815,14.2028
5993,-59.1448,-12.05,0.6978,0.7,0.4,4.0037,23.4491,14.025,14.8815,14.2019
5994,-59.212,-11.998,0.6978,0.7,0.4125,3.9194,23.4491,14.0241,14.8815,14.2009
5995,-59.86,-12.1097,0.6978,0.7,0.3125,3.9491,23.4491,14.025,14.8815,14.2019
5996,-59.5001,-12.0832,0.6978,0.7,0.2611,3.9741,23.45,14.025,14.8815,14.2
5997,-59.5848,-12.0816,0.6979,0.7,0.3306,4.0139,23.45,14.0241,14.8824,14.2009
5998,-60.1671,-12.1655,0.6978,0.7,0.2806,3.9954,23.45,14.025,14.8824,14.2019
5999,-60.8255,-12.2117,0.6978,0.7,0.2861,3.9889,23.45,14.0259,14.8824,14.2028
6000,-60.3353,-12.1628,0.6978,0.7,0.2292,4.0176,23.45,14.0259,14.8824,14.2
6001,-60.7301,-12.2287,0.6978,0.7,0.1611,3.9898,23.45,14.0259,14.8824,14.2009
6002,-61.3913,-12.2713,0.6977,0.7,0.0917,3.9509,23.4509,14.0259,14.8824,14.2019
6003,-61.7611,-12.2378,0.6977,0.7,0.2,4.0306,23.4509,14.0259,14.8824,14.2019
6004,-62.3011,-12.291,0.6977,0.7,0.0958,3.9528,23.4509,14.025,14.8824,14.2009
6005,-62.759,-12.2474,0.6977,0.7,0.1264,3.95,23.4509,14.0231,14.8824,14.2009
6006,-62.7978,-12.2756,0.6977,0.7,0.0958,3.9426,23.4509,14.0204,14.8824,14.2
6007,-63.1343,-12.2469,0.6977,0.7,0.0653,3.9648,23.4519,14.0204,14.8824,14.1991
6008,-63.513,-12.2298,0.6977,0.7,0.0681,3.9657,23.4519,14.0204,14.8833,14.2
6009,-63.8938,-12.1018,0.6978,0.7,0.125,3.9944,23.4519,14.0194,14.8833,14.2
6010,-64.2748,-12.088,0.6978,0.7,0.0958,3.9602,23.4519,14.0204,14.8833,14.2019
6011,-64.5778,-12.0261,0.6978,0.7,0.0917,4.0722,23.4519,14.0204,14.8833,14.2019
6012,-64.5862,-11.9853,0.6979,0.7,0.1764,3.9787,23.4528,14.0194,14.8833,14.2028
6013,-64.745,-11.9264,0.6979,0.7,0.1403,4.0167,23.4528,14.0194,14.8833,14.2028
6014,-64.7815,-11.9066,0.6979,0.7,0.1681,4.0685,23.4528,14.0213,14.8833,14.2056
6015,-64.8187,-11.7685,0.6979,0.7,0.0792,4.0361,23.4528,14.0204,14.8833,14.2056
6016,-65.0539,-11.6566,0.6979,0.7,0.2111,4.0269,23.4537,14.0213,14.8833,14.2074
6017,-65.1422,-11.6073,0.6979,0.7,0.2125,3.9889,23.4537,14.025,14.8843,14.2074
6018,-65.3559,-11.3862,0.698,0.7,0.3375,3.9315,23.4537,14.0259,14.8843,14.2065
6019,-65.3693,-11.2377,0.698,0.7,0.3361,3.9639,23.4537,14.0278,14.8843,14.2083
6020,-65.1561,-11.2151,0.698,0.7,0.3597,3.9815,23.4546,14.0259,14.8843,14.2056
6021,-65.015,-11.0215,0.698,0.7,0.5056,3.9796,23.4546,14.025,14.8843,14.2028
6022,-64.6089,-10.8395,0.6981,0.7,0.5139,3.9907,23.4546,14.0269,14.8843,14.2037
6023,-64.0383,-10.7176,0.6981,0.7,0.5056,4.0213,23.4546,14.0278,14.8843,14.2046
6024,-63.7422,-10.6205,0.6981,0.7,0.4514,3.9796,23.4556,14.0306,14.8843,14.2065
6025,-62.772,-10.4734,0.6981,0.7,0.8306,4.038,23.4556,14.0296,14.8843,14.2093
6026,-62.3471,-10.4489,0.6981,0.7,1.0042,4.013,23.4556,14.0287,14.8852,14.2102
6027,-62.3881,-10.4055,0.6982,0.7,1.4931,3.9926,23.4556,14.0278,14.8852,14.2093
6028,-61.969,-10.3556,0.6983,0.7,1.7431,4.0259,23.4565,14.0278,14.8852,14.2083
6029,-60.9685,-10.1719,0.6984,0.7,2.95,3.9815,23.4565,14.0306,14.8852,14.2102
6030,-59.9049,-10.2311,0.6983,0.7,3.1833,4.0574,23.4565,14.0296,14.8852,14.2083
6031,-56.3045,-10.4715,0.698,0.7,2.8236,3.9778,23.4565,14.0315,14.8852,14.2111
6032,-56.1944,-10.595,0.698,0.7,2.7861,4.0009,23.4565,14.0324,14.8852,14.2148
6033,-55.3254,-10.7281,0.6979,0.7,2.2028,3.9685,23.4574,14.0324,14.8852,14.2148
6034,-54.9279,-11.2635,0.6976,0.7,1.5708,4.0111,23.4574,14.0361,14.8861,14.2148
6035,-54.9444,-11.4214,0.6975,0.7,1.3903,3.9944,23.4574,14.0343,14.8861,14.2139
6036,-56.2413,-11.4597,0.6976,0.7,1.0792,4.0074,23.4574,14.037,14.8861,14.2148
6037,-56.5302,-11.5242,0.6977,0.7,1.1111,4.0037,23.4583,14.037,14.8861,14.2157
6038,-58.0206,-11.8668,0.6976,0.7,0.6236,4.0028,23.4583,14.037,14.8861,14.2157
6039,-58.0327,-11.9144,0.6976,0.7,0.5903,4.0028,23.4583,14.0352,14.8861,14.2157
6040,-58.9038,-12.006,0.6977,0.7,0.3847,3.9806,23.4583,14.0352,14.8861,14.2139
6041,-59.1219,-12.0768,0.6978,0.7,0.425,4.0222,23.4583,14.037,14.8861,14.2148
6042,-59.0585,-12.0963,0.6978,0.7,0.3708,3.975,23.4593,14.038,14.8861,14.2167
6043,-61.1366,-12.2537,0.6979,0.7,0.2014,3.9593,23.4593,14.037,14.8861,14.2157
6044,-61.6519,-12.2259,0.6979,0.7,0.1889,3.9685,23.4593,14.0398,14.8861,14.2176
6045,-62.0259,-12.292,0.6979,0.7,0.125,4.0194,23.4593,14.0426,14.887,14.2185
6046,-62.2143,-12.2366,0.698,0.7,0.1333,3.9806,23.4593,14.0454,14.887,14.2231
6047,-62.7472,-12.2393,0.698,0.7,0.1292,4.0083,23.4593,14.0444,14.887,14.2222
6048,-63.257,-12.1905,0.698,0.7,0.1222,3.9759,23.4602,14.0463,14.887,14.2241
6049,-63.6184,-12.1763,0.6981,0.7,0.0583,3.9704,23.4602,14.0463,14.887,14.2222
6050,-64.0105,-12.1303,0.6981,0.7,0.0847,3.9917,23.4602,14.0472,14.887,14.2204
6051,-64.236,-12.0665,0.6982,0.7,0.0431,3.9806,23.4602,14.0491,14.887,14.2204
6052,-64.1976,-11.9849,0.6982,0.7,0.1486,4.025,23.4602,14.05,14.887,14.2213
6053,-64.8641,-11.9436,0.6983,0.7,0.1681,3.9343,23.4602,14.0491,14.887,14.2213
6054,-64.7233,-11.8558,0.6983,0.7,0.1083,3.9981,23.4611,14.0491,14.887,14.2204
6055,-65.0371,-11.8124,0.6983,0.7,0.1486,4.0481,23.4611,14.0491,14.887,14.2204
6056,-64.926,-11.6827,0.6984,0.7,0.1694,3.9833,23.4611,14.0491,14.888,14.2194
6057,-65.0943,-11.5716,0.6985,0.7,0.1708,3.9852,23.4611,14.0491,14.888,14.2222
6058,-65.1186,-11.5389,0.6985,0.7,0.2569,4.0241,23.4611,14.0491,14.888,14.2194
6059,-65.0607,-11.3831,0.6985,0.7,0.2611,4.013,23.462,14.05,14.888,14.2213
6060,-65.4485,-11.3208,0.6986,0.7,0.3194,4.0093,23.462,14.0509,14.888,14.2194
6061,-65.0783,-11.2165,0.6986,0.7,0.4236,3.9935,23.462,14.0556,14.888,14.2231
6062,-64.9423,-11.0573,0.6986,0.7,0.5306,3.9963,23.462,14.0556,14.888,14.2231
6063,-64.4159,-10.9083,0.6987,0.7,0.4556,4.0074,23.462,14.0546,14.888,14.2222
6064,-64.1389,-10.7491,0.6987,0.7,0.6722,3.9611,23.463,14.0565,14.888,14.2231
6065,-63.1828,-10.6493,0.6987,0.7,0.5306,4.0269,23.463,14.0565,14.888,14.225
6066,-63.0037,-10.4439,0.6987,0.7,0.6611,3.9824,23.463,14.0574,14.888,14.2269
6067,-62.173,-10.3598,0.6986,0.7,1.7319,3.9787,23.463,14.0593,14.8889,14.225
6068,-60.9131,-10.213,0.6986,0.7,3.0944,4.0509,23.463,14.0602,14.8889,14.2287
6069,-59.7653,-10.2097,0.6986,0.7,3.1806,3.987,23.463,14.0602,14.8889,14.2287
6070,-57.3437,-10.3595,0.6985,0.7,2.8722,3.9685,23.4639,14.0593,14.8889,14.2296
6071,-55.411,-10.7161,0.6982,0.7,2.4153,3.9769,23.4639,14.0593,14.8889,14.2287
6072,-54.3567,-11.081,0.6979,0.7,1.8306,3.975,23.4639,14.0593,14.8889,14.2296
6073,-56.2046,-11.2369,0.6979,0.7,1.5903,3.9833,23.4639,14.0611,14.8889,14.2315
6074,-55.1596,-11.5027,0.6978,0.7,0.9667,4.0222,23.4639,14.0611,14.8889,14.2315
6075,-57.1443,-11.77,0.6978,0.7,0.7972,3.9898,23.4648,14.063,14.8889,14.2333
6076,-57.5814,-11.8059,0.6978,0.7,0.7792,3.9907,23.4648,14.0648,14.8889,14.2343
6077,-57.9998,-11.9819,0.6977,0.7,0.4583,4.0167,23.4648,14.0648,14.8889,14.2343
6078,-59.7922,-12.1241,0.6977,0.7,0.2889,4.0269,23.4648,14.0676,14.8898,14.237
6079,-60.4232,-12.1801,0.6977,0.7,0.1764,4.0083,23.4648,14.0657,14.8898,14.2361
6080,-61.1829,-12.1738,0.6979,0.7,0.2139,4.0315,23.4657,14.0657,14.8898,14.2361
6081,-61.5007,-12.2379,0.6979,0.7,0.1611,3.9954,23.4657,14.0713,14.8898,14.2426
6082,-62.2607,-12.2714,0.698,0.7,0.0986,4.0083,23.4657,14.0731,14.8898,14.2444
6083,-62.6805,-12.2539,0.6981,0.7,0.1125,3.987,23.4657,14.0741,14.8898,14.2444
6084,-63.2007,-12.2027,0.6981,0.7,0.0875,4.0037,23.4657,14.0759,14.8898,14.2463
6085,-63.73,-12.1697,0.6982,0.7,0.0722,3.9769,23.4657,14.0778,14.8898,14.2481
6086,-63.8048,-12.1487,0.6982,0.7,0.0681,4.013,23.4667,14.0787,14.8898,14.2528
6087,-64.5136,-12.0869,0.6983,0.7,0.1042,3.9778,23.4667,14.0787,14.8898,14.2528
6088,-64.3461,-12.0054,0.6983,0.7,0.0819,3.9981,23.4667,14.0806,14.8898,14.2528
6089,-64.8633,-11.9091,0.6984,0.7,0.1389,4.0065,23.4667,14.0815,14.8907,14.2528
6090,-64.6472,-11.8259,0.6983,0.7,0.1125,4.0426,23.4667,14.0833,14.8907,14.2537
6091,-65.3765,-11.7495,0.6984,0.7,0.1125,4.013,23.4667,14.0824,14.8907,14.2528
6092,-65.2223,-11.5899,0.6985,0.7,0.2958,3.9602,23.4676,14.0852,14.8907,14.2546
6093,-65.3429,-11.4575,0.6985,0.7,0.2861,3.9806,23.4676,14.0861,14.8907,14.2556
6094,-65.0324,-11.3877,0.6986,0.7,0.2931,4.0176,23.4676,14.0852,14.8907,14.2546
6095,-65.3284,-11.2292,0.6986,0.7,0.2875,4.0074,23.4676,14.0843,14.8907,14.2546
6096,-64.8254,-11.0061,0.6985,0.7,0.3708,3.9519,23.4676,14.0815,14.8907,14.2537
6097,-64.6358,-10.8457,0.6985,0.7,0.4486,3.9537,23.4685,14.0815,14.8907,14.2537
6098,-63.9016,-10.7309,0.6984,0.7,0.3639,4.0,23.4685,14.0806,14.8907,14.2546
6099,-63.8906,-10.6283,0.6983,0.7,0.4361,3.9824,23.4685,14.0806,14.8907,14.2556
6100,-62.913,-10.4418,0.6983,0.7,0.8306,3.9583,23.4685,14.0815,14.8917,14.2556
6101,-61.6614,-10.2777,0.6982,0.7,1.575,4.0009,23.4685,14.0796,14.8917,14.2556
6102,-61.3129,-10.2463,0.6982,0.7,2.6194,3.963,23.4694,14.0787,14.8917,14.2565
6103,-59.7032,-10.2146,0.6982,0.7,2.8722,3.9713,23.4694,14.0787,14.8917,14.2556
6104,-58.7197,-10.2635,0.6981,0.7,3.1,3.9944,23.4694,14.0778,14.8917,14.2528
6105,-55.5312,-10.6944,0.6977,0.7,2.3847,4.0426,23.4694,14.0778,14.8917,14.2528
6106,-54.6498,-10.9111,0.6976,0.7,2.1264,4.0185,23.4704,14.0778,14.8917,14.2537
6107,-54.9813,-11.0728,0.6975,0.7,1.9444,3.9583,23.4704,14.0778,14.8917,14.2537
6108,-56.1057,-11.408,0.6974,0.7,1.1431,3.9648,23.4704,14.0787,14.8917,14.2556
6109,-56.4111,-11.6666,0.6972,0.7,0.8292,4.0028,23.4704,14.0769,14.8926,14.2565
6110,-57.0929,-11.6851,0.6973,0.7,0.8153,4.0083,23.4713,14.0759,14.8926,14.2556
6111,-56.5393,-11.7208,0.6973,0.7,0.8972,3.9528,23.4713,14.0741,14.8926,14.2546
6112,-57.9518,-11.8976,0.6973,0.7,0.75,4.0148,23.4713,14.0759,14.8926,14.2565
6113,-58.5349,-12.0244,0.6973,0.7,0.5361,3.9926,23.4713,14.0778,14.8926,14.2565
6114,-58.2948,-11.9677,0.6974,0.7,0.3431,3.9796,23.4722,14.0741,14.8926,14.2509
6115,-59.9612,-12.0923,0.6975,0.7,0.3583,4.0306,23.4722,14.0741,14.8926,14.2509
6116,-59.949,-12.1357,0.6975,0.7,0.4403,3.9787,23.4722,14.0741,14.8926,14.25
6117,-59.8139,-12.1435,0.6975,0.7,0.4028,4.0009,23.4722,14.0778,14.8926,14.2509
6118,-60.2262,-12.1679,0.6974,0.7,0.2167,3.9963,23.4722,14.0787,14.8935,14.25
6119,-60.4561,-12.1807,0.6975,0.7,0.25,4.0009,23.4731,14.0787,14.8935,14.25
6120,-60.7027,-12.1624,0.6976,0.7,0.3194,4.0,23.4731,14.0787,14.8935,14.2509
6121,-60.1553,-12.1161,0.6978,0.7,0.2139,4.0176,23.4731,14.0806,14.8935,14.2537
6122,-60.4162,-12.0664,0.6979,0.7,0.2097,3.9519,23.4731,14.0824,14.8935,14.2556
6123,-60.645,-12.1519,0.698,0.7,0.2653,4.0111,23.4731,14.0824,14.8935,14.2556
6124,-60.8761,-12.2191,0.6981,0.7,0.2069,4.0639,23.4731,14.0824,14.8935,14.2565
6125,-61.2985,-12.2324,0.6981,0.7,0.1444,3.9731,23.4741,14.0833,14.8935,14.2574
6126,-61.8288,-12.2403,0.6981,0.7,0.1667,3.9583,23.4741,14.0824,14.8935,14.2565
6127,-61.8596,-12.2264,0.6982,0.7,0.1722,4.0065,23.4741,14.0833,14.8935,14.2583
6128,-61.902,-12.2397,0.6982,0.7,0.1333,4.0361,23.4741,14.0824,14.8935,14.2565
6129,-62.4925,-12.2452,0.6983,0.7,0.0889,4.0139,23.4741,14.0815,14.8944,14.2565
6130,-63.0975,-12.2351,0.6984,0.7,0.0639,3.9917,23.4741,14.0824,14.8944,14.2528
6131,-63.4396,-12.1636,0.6985,0.7,0.1042,4.0102,23.475,14.0843,14.8944,14.2546
6132,-63.5427,-12.1478,0.6985,0.7,0.0444,3.9574,23.475,14.0824,14.8944,14.2546
6133,-63.87,-12.1165,0.6987,0.7,0.1347,3.9639,23.475,14.0815,14.8944,14.2574
6134,-63.9712,-12.0418,0.6987,0.7,0.0917,3.9815,23.475,14.0833,14.8944,14.2593
6135,-64.2672,-11.9802,0.6989,0.7,0.0833,4.0213,23.475,14.0833,14.8944,14.2583
6136,-64.4163,-11.8799,0.6991,0.7,0.125,4.0398,23.475,14.0843,14.8944,14.2593
6137,-64.7568,-11.8238,0.6992,0.7,0.1347,3.9759,23.475,14.0852,14.8944,14.2611
6138,-65.097,-11.6684,0.6992,0.7,0.1417,4.0176,23.475,14.0852,14.8944,14.2611
6139,-65.3593,-11.6213,0.6992,0.7,0.1722,3.9472,23.4759,14.0843,14.8944,14.2593
6140,-65.441,-11.4035,0.6992,0.7,0.3278,3.975,23.4759,14.0843,14.8944,14.2611
6141,-65.306,-11.216,0.6992,0.7,0.3111,3.9463,23.4759,14.0852,14.8944,14.2602
6142,-64.9549,-11.1781,0.6992,0.7,0.375,3.9981,23.4759,14.0833,14.8944,14.2574
6143,-64.7772,-11.0936,0.6992,0.7,0.4653,4.0269,23.4759,14.0852,14.8944,14.2593
6144,-64.9751,-10.9625,0.6994,0.7,0.5333,4.0287,23.4759,14.0843,14.8944,14.2583
6145,-64.7126,-10.847,0.6994,0.7,0.5208,4.0407,23.4759,14.087,14.8944,14.2574
6146,-63.8169,-10.6067,0.6994,0.7,0.5264,4.0148,23.4759,14.087,14.8954,14.2565
6147,-62.8883,-10.561,0.6995,0.7,0.6264,4.0185,23.4759,14.087,14.8954,14.2593
6148,-61.7573,-10.3197,0.6995,0.7,1.6264,4.0194,23.4769,14.088,14.8954,14.2602
6149,-60.5528,-10.1336,0.6994,0.7,3.3292,3.9852,23.4769,14.0833,14.8954,14.2593
6150,-59.2389,-10.2207,0.6993,0.7,3.1819,3.9833,23.4769,14.087,14.8954,14.263
6151,-55.6237,-10.4446,0.6991,0.7,2.7625,4.0176,23.4769,14.088,14.8954,14.2639
6152,-55.4758,-10.6981,0.6989,0.7,2.4403,3.9926,23.4769,14.0898,14.8954,14.2639
6153,-54.4133,-10.8812,0.6987,0.7,2.0958,4.025,23.4769,14.0898,14.8954,14.2639
6154,-55.2577,-11.2345,0.6985,0.7,1.3764,4.0213,23.4769,14.088,14.8954,14.2657
6155,-55.5692,-11.3457,0.6985,0.7,1.2736,4.0157,23.4769,14.0898,14.8954,14.2676
6156,-55.5703,-11.2903,0.6986,0.7,1.5292,4.0296,23.4778,14.0898,14.8954,14.2685
6157,-54.9113,-11.377,0.6985,0.7,1.3347,4.0056,23.4778,14.0898,14.8954,14.2657
6158,-55.695,-11.3374,0.6986,0.7,1.4181,4.0278,23.4778,14.0917,14.8954,14.2657
6159,-56.5078,-11.349,0.6986,0.7,1.2986,4.0769,23.4778,14.0917,14.8954,14.2685
6160,-55.4817,-11.3943,0.6987,0.7,1.3083,3.9907,23.4778,14.0926,14.8954,14.2694
6161,-55.5716,-11.4168,0.6987,0.7,1.1778,4.0167,23.4778,14.0935,14.8954,14.2676
6162,-56.1677,-11.3955,0.6988,0.7,1.2681,4.0407,23.4778,14.0898,14.8954,14.2657
6163,-55.1159,-11.4229,0.6989,0.7,1.3681,4.012,23.4778,14.0889,14.8954,14.263
6164,-56.1871,-11.2766,0.6992,0.7,1.4125,3.9463,23.4778,14.0898,14.8963,14.263
6165,-56.2741,-11.5414,0.699,0.7,1.0278,3.9769,23.4778,14.0898,14.8963,14.262
6166,-56.1743,-11.5115,0.6991,0.7,0.9278,4.012,23.4787,14.0907,14.8963,14.2611
6167,-56.3797,-11.5778,0.6992,0.7,0.7389,3.9685,23.4787,14.0907,14.8963,14.2611
6168,-56.5995,-11.7799,0.6992,0.7,0.7417,3.9361,23.4787,14.0907,14.8963,14.2611
6169,-58.0325,-11.8204,0.6991,0.7,0.7028,4.0093,23.4787,14.0917,14.8963,14.2593
6170,-58.3023,-11.9279,0.6991,0.7,0.5653,3.988,23.4787,14.0917,14.8963,14.2593
6171,-59.5782,-12.0928,0.699,0.7,0.3736,4.012,23.4787,14.0926,14.8963,14.2611
6172,-59.4162,-12.0547,0.699,0.7,0.2958,4.0676,23.4787,14.0972,14.8963,14.262
6173,-58.9339,-11.9465,0.699,0.7,0.4764,4.0074,23.4787,14.0963,14.8963,14.263
6174,-59.4731,-11.9861,0.6991,0.7,0.5264,3.9833,23.4787,14.0926,14.8963,14.2583
6175,-59.377,-12.042,0.6991,0.7,0.4236,4.0194,23.4787,14.0944,14.8963,14.2574
6176,-58.9521,-12.0804,0.699,0.7,0.4556,3.9889,23.4787,14.0981,14.8963,14.2602
6177,-58.4894,-12.0069,0.699,0.7,0.4028,3.9917,23.4787,14.0963,14.8963,14.2602
6178,-59.0316,-11.9945,0.699,0.7,0.4667,3.9463,23.4787,14.0963,14.8963,14.2574
6179,-59.6213,-12.0764,0.699,0.7,0.3333,4.0315,23.4787,14.0944,14.8963,14.2565
6180,-59.5014,-12.0816,0.699,0.7,0.3778,3.9926,23.4787,14.0944,14.8963,14.2546
6181,-59.3791,-12.0204,0.6991,0.7,0.4931,4.0111,23.4787,14.0935,14.8963,14.2546
6182,-59.4702,-12.0935,0.6991,0.7,0.2903,4.0167,23.4787,14.0944,14.8963,14.2546
6183,-60.0862,-12.1195,0.6991,0.7,0.3472,4.0037,23.4787,14.0935,14.8963,14.2556
6184,-60.8436,-12.1949,0.6991,0.7,0.2014,3.9694,23.4787,14.0944,14.8963,14.2546
6185,-61.1955,-12.1956,0.6991,0.7,0.1611,3.9574,23.4787,14.0944,14.8963,14.2546
6186,-60.9637,-12.2224,0.6992,0.7,0.1597,4.0398,23.4796,14.0944,14.8963,14.2556
6187,-61.7574,-12.2453,0.6992,0.7,0.1444,4.0241,23.4796,14.0935,14.8963,14.2546
6188,-62.1923,-12.2428,0.6993,0.7,0.0972,4.0037,23.4796,14.0926,14.8963,14.2537
6189,-62.2531,-12.2005,0.6994,0.7,0.1597,4.0074,23.4796,14.0917,14.8963,14.2537
6190,-63.2381,-12.251,0.6994,0.7,0.125,3.9694,23.4796,14.0917,14.8963,14.2528
6191,-63.2103,-12.2182,0.6994,0.7,0.0889,4.0148,23.4796,14.0917,14.8963,14.2509
6192,-63.1405,-12.1685,0.6994,0.7,0.1903,3.9778,23.4796,14.0926,14.8963,14.2519
6193,-63.5136,-12.1991,0.6995,0.7,0.0833,3.9852,23.4796,14.0935,14.8963,14.2528
6194,-63.6089,-12.1857,0.6996,0.7,0.0847,4.0343,23.4796,14.0935,14.8963,14.2519
6195,-63.6294,-12.1135,0.6997,0.7,0.1028,4.0065,23.4796,14.0944,14.8963,14.25
6196,-64.0747,-12.1402,0.6998,0.7,0.0903,4.025,23.4796,14.0954,14.8963,14.2491
6197,-63.6989,-12.0435,0.6998,0.7,0.0708,4.013,23.4796,14.0944,14.8963,14.2472
6198,-64.1003,-12.0691,0.6998,0.7,0.0958,4.0065,23.4796,14.0926,14.8963,14.2481
6199,-64.4299,-11.999,0.6999,0.7,0.0972,4.0241,23.4796,14.0926,14.8963,14.2491
6200,-64.7164,-11.9377,0.6999,0.7,0.1,4.0269,23.4796,14.0926,14.8963,14.2509
6201,-64.8557,-11.8278,0.6999,0.7,0.1278,4.0407,23.4796,14.0907,14.8963,14.2491
6202,-64.7575,-11.7731,0.6999,0.7,0.1708,3.9491,23.4796,14.0926,14.8963,14.2491
6203,-64.9765,-11.6952,0.7,0.7,0.1806,3.9833,23.4796,14.0926,14.8963,14.25
6204,-65.042,-11.5965,0.7,0.7,0.1847,4.0046,23.4796,14.0926,14.8963,14.25
6205,-65.5541,-11.4584,0.7001,0.7,0.2403,3.9611,23.4796,14.0926,14.8963,14.25
6206,-65.2871,-11.3372,0.7001,0.7,0.35,4.0296,23.4796,14.0926,14.8963,14.2491
6207,-65.2097,-11.1993,0.7001,0.7,0.2986,3.9972,23.4796,14.0917,14.8963,14.2491
6208,-65.0364,-11.0086,0.7001,0.7,0.4,3.9963,23.4796,14.0935,14.8963,14.25
6209,-64.6928,-10.9015,0.7001,0.7,0.4528,4.0222,23.4796,14.0944,14.8963,14.2528
6210,-63.7404,-10.6956,0.7,0.7,0.4375,4.0185,23.4796,14.0963,14.8963,14.2537
6211,-63.1755,-10.6235,0.7,0.7,0.5014,3.9944,23.4796,14.0963,14.8963,14.2565
6212,-63.1028,-10.4965,0.7,0.7,0.8472,3.962,23.4796,14.0954,14.8963,14.2546
6213,-62.4288,-10.3703,0.7,0.7,1.3097,4.0046,23.4796,14.0944,14.8963,14.2546
6214,-61.731,-10.2183,0.7001,0.7,2.5097,3.9935,23.4806,14.0926,14.8972,14.2528
6215,-60.673,-10.1983,0.7,0.7,3.2444,4.0056,23.4806,14.0954,14.8972,14.2546
6216,-58.7266,-10.2307,0.6999,0.7,3.1208,4.0074,23.4806,14.0954,14.8972,14.2556
6217,-56.4935,-10.4549,0.6996,0.7,2.8,3.9565,23.4806,14.0972,14.8972,14.2574
6218,-55.2959,-10.6399,0.6995,0.7,2.5472,4.0593,23.4806,14.0972,14.8972,14.2583
6219,-54.511,-10.8211,0.6993,0.7,2.2569,4.0009,23.4806,14.0981,14.8972,14.2593
6220,-55.0419,-11.0293,0.6992,0.7,1.7194,3.9981,23.4806,14.0981,14.8972,14.2602
6221,-54.2399,-11.0757,0.6992,0.7,1.7708,4.0389,23.4806,14.0981,14.8972,14.2611
6222,-55.5453,-11.2026,0.6991,0.7,1.5889,3.9685,23.4806,14.0972,14.8972,14.2611
6223,-55.7971,-11.454,0.699,0.7,1.2472,4.0157,23.4806,14.0935,14.8972,14.2593
6224,-55.8821,-11.4946,0.699,0.7,1.1083,4.0037,23.4806,14.0935,14.8972,14.2611
6225,-55.9315,-11.6181,0.6989,0.7,1.0306,4.0194,23.4806,14.0935,14.8972,14.2593
6226,-57.3251,-11.8079,0.6988,0.7,0.75,3.9861,23.4806,14.0935,14.8972,14.2593
6227,-57.6939,-11.9311,0.6988,0.7,0.6236,4.0694,23.4806,14.0935,14.8972,14.2593
6228,-58.8399,-12.0869,0.6987,0.7,0.3847,3.9806,23.4806,14.0926,14.8972,14.2593
6229,-60.1146,-12.1665,0.6987,0.7,0.2194,3.9815,23.4815,14.0917,14.8972,14.2602
6230,-60.7512,-12.2137,0.6987,0.7,0.2389,4.0222,23.4815,14.0907,14.8972,14.2611
6231,-60.8166,-12.2145,0.6987,0.7,0.1681,3.9954,23.4815,14.0898,14.8972,14.2611
6232,-61.317,-12.2331,0.6987,0.7,0.1444,4.0361,23.4815,14.0917,14.8972,14.263
6233,-62.1465,-12.2749,0.6987,0.7,0.1847,4.0296,23.4815,14.0944,14.8972,14.2657
6234,-62.5774,-12.2687,0.6988,0.7,0.0694,3.9991,23.4815,14.0963,14.8972,14.2657
6235,-63.1679,-12.2437,0.6988,0.7,0.0667,3.9991,23.4815,14.0954,14.8972,14.2657
6236,-63.6628,-12.1557,0.6989,0.7,0.1042,4.0139,23.4815,14.0963,14.8972,14.2667
6237,-64.1013,-12.1204,0.6989,0.7,0.0597,3.9926,23.4815,14.0963,14.8972,14.2657
6238,-64.4436,-12.0673,0.6988,0.7,0.0931,4.0463,23.4815,14.0981,14.8972,14.2648
6239,-64.8611,-11.9704,0.6989,0.7,0.1181,3.9926,23.4824,14.0972,14.8972,14.2657
6240,-64.841,-11.8275,0.6989,0.7,0.1458,4.0074,23.4824,14.0972,14.8981,14.2657
6241,-65.2274,-11.6988,0.6989,0.7,0.125,4.0213,23.4824,14.0981,14.8981,14.2676
6242,-65.2403,-11.6138,0.6989,0.7,0.1569,3.9463,23.4824,14.0972,14.8981,14.2648
6243,-65.0777,-11.43,0.6989,0.7,0.3042,4.0102,23.4824,14.0972,14.8981,14.2648
6244,-65.201,-11.3288,0.6989,0.7,0.2736,3.987,23.4824,14.1009,14.8981,14.2694
6245,-65.1363,-11.2411,0.6989,0.7,0.3653,4.0194,23.4824,14.0991,14.8981,14.2685
6246,-65.1964,-11.0854,0.6989,0.7,0.3528,3.9676,23.4833,14.0991,14.8981,14.2667
6247,-64.7745,-10.8916,0.6989,0.7,0.4722,3.9481,23.4833,14.1,14.8981,14.2667
6248,-64.5555,-10.7198,0.6988,0.7,0.4792,3.9843,23.4833,14.0972,14.8981,14.263
6249,-63.4569,-10.5748,0.6987,0.7,0.4736,4.0556,23.4833,14.0981,14.8981,14.2611
6250,-62.7436,-10.4893,0.6988,0.7,0.8,4.0093,23.4833,14.0991,14.8981,14.262
6251,-61.9391,-10.3601,0.6988,0.7,1.7361,3.9806,23.4833,14.0991,14.8981,14.263
6252,-60.9909,-10.2524,0.6988,0.7,2.4819,3.988,23.4843,14.0981,14.8981,14.2611
6253,-60.2576,-10.1573,0.6988,0.7,3.0639,3.9907,23.4843,14.0991,14.8991,14.2602
6254,-58.6766,-10.2888,0.6988,0.7,3.3444,3.9537,23.4843,14.1,14.8991,14.2611
6255,-55.6039,-10.5525,0.6986,0.7,2.7097,4.0093,23.4843,14.1037,14.8991,14.2639
6256,-54.4452,-10.9059,0.6983,0.7,1.9917,3.9574,23.4843,14.1028,14.8991,14.2648
6257,-54.9868,-11.2911,0.698,0.7,1.5333,4.0398,23.4843,14.1019,14.8991,14.263
6258,-57.6781,-11.6694,0.6978,0.7,0.9458,3.9963,23.4852,14.1019,14.8991,14.263
6259,-57.2697,-11.8371,0.6977,0.7,0.8472,4.0278,23.4852,14.1037,14.8991,14.2657
6260,-58.4894,-11.9999,0.6977,0.7,0.5125,4.0315,23.4852,14.1028,14.8991,14.2639
6261,-59.6916,-12.1258,0.6977,0.7,0.3681,3.9981,23.4852,14.1037,14.8991,14.2639
6262,-60.3042,-12.2276,0.6977,0.7,0.1931,3.9852,23.4852,14.1037,14.8991,14.2648
6263,-60.8797,-12.195,0.6978,0.7,0.2556,3.9796,23.4852,14.1046,14.8991,14.2639
6264,-61.7255,-12.296,0.6977,0.7,0.1389,4.0046,23.4861,14.1046,14.8991,14.2639
6265,-62.0832,-12.2729,0.6977,0.7,0.1028,3.9611,23.4861,14.1046,14.9,14.2648
6266,-62.2775,-12.2898,0.6977,0.7,0.1111,4.087,23.4861,14.1037,14.9,14.2639
6267,-62.4562,-12.1835,0.6978,0.7,0.1264,4.012,23.4861,14.1009,14.9,14.2611
6268,-63.126,-12.1902,0.698,0.7,0.0958,4.0102,23.4861,14.1009,14.9,14.263
6269,-63.6165,-12.1595,0.6981,0.7,0.1625,4.0037,23.487,14.1,14.9,14.2667
6270,-63.4811,-12.1365,0.6981,0.7,0.0639,4.0259,23.487,14.1,14.9,14.2657
6271,-63.9702,-12.0923,0.6982,0.7,0.0903,3.9676,23.487,14.0991,14.9,14.2648
6272,-63.9757,-12.0603,0.6984,0.7,0.0722,4.0796,23.487,14.0981,14.9,14.2639
6273,-63.9831,-11.9974,0.6984,0.7,0.1125,4.0157,23.487,14.0972,14.9,14.2639
6274,-64.241,-11.9729,0.6985,0.7,0.1611,4.0093,23.488,14.0972,14.9,14.263
6275,-64.1445,-12.0052,0.6987,0.7,0.0931,3.9796,23.488,14.0991,14.9,14.2648
6276,-64.0575,-11.9938,0.6988,0.7,0.1736,4.0315,23.488,14.0981,14.9009,14.263
6277,-64.0262,-12.0094,0.6988,0.7,0.1,4.0028,23.488,14.0972,14.9009,14.262
6278,-63.9729,-11.9728,0.699,0.7,0.1944,3.9611,23.488,14.0972,14.9009,14.2639
6279,-63.9818,-12.0048,0.6991,0.7,0.1806,3.9806,23.488,14.0981,14.9009,14.2667
6280,-63.7015,-12.0393,0.6993,0.7,0.1333,3.975,23.488,14.0991,14.9009,14.2694
6281,-63.2751,-12.1253,0.6994,0.7,0.1653,3.9944,23.488,14.1,14.9009,14.2694
6282,-62.8629,-12.1708,0.6994,0.7,0.1486,3.9741,23.488,14.1009,14.9009,14.2685
6283,-62.4267,-12.2063,0.6994,0.7,0.1694,4.0259,23.488,14.1019,14.9009,14.2685
6284,-61.6821,-12.2556,0.6992,0.7,0.1556,4.0241,23.4889,14.1019,14.9009,14.2676
6285,-60.0505,-12.1057,0.6991,0.7,0.4458,3.9611,23.4889,14.1,14.9009,14.2667
6286,-57.0919,-11.6296,0.6991,0.7,1.0083,4.0259,23.4889,14.1019,14.9009,14.2648
6287,-58.482,-10.5945,0.6999,0.7,1.9958,4.0213,23.4889,14.1009,14.9009,14.2648
6288,-62.0301,-10.3978,0.7003,0.7,1.9847,3.9917,23.4889,14.1019,14.9009,14.2639
6289,-63.9348,-10.8517,0.7003,0.7,0.8792,4.0343,23.4889,14.1019,14.9009,14.263
6290,-64.7468,-11.2178,0.7003,0.7,0.4111,4.0065,23.4889,14.1028,14.9009,14.2657
6291,-64.8144,-11.6054,0.7004,0.7,0.2111,4.0046,23.4889,14.1037,14.9009,14.2648
6292,-64.2515,-11.81,0.7004,0.7,0.1931,3.9917,23.4889,14.1028,14.9009,14.2657
6293,-64.0222,-12.0255,0.7004,0.7,0.225,3.9759,23.4889,14.1009,14.9009,14.2657
6294,-62.5743,-12.0977,0.7004,0.7,0.1292,4.0278,23.4889,14.1,14.9009,14.2648
6295,-61.7806,-12.1407,0.7005,0.7,0.1764,4.063,23.4889,14.0954,14.9009,14.2611
6296,-60.4086,-12.0247,0.7007,0.7,0.3486,4.0139,23.4889,14.0954,14.9009,14.262
6297,-59.3401,-12.0341,0.7007,0.7,0.4486,3.9694,23.4889,14.0935,14.9009,14.262
6298,-58.0096,-11.7605,0.7008,0.7,0.7931,3.9694,23.488,14.0907,14.9009,14.2583
6299,-56.5983,-11.6877,0.7008,0.7,0.9875,4.025,23.488,14.0907,14.9009,14.2583
6300,-55.5599,-11.4932,0.7008,0.7,1.3139,4.0093,23.488,14.0907,14.9009,14.2583
6301,-55.3759,-11.2063,0.7009,0.7,1.5097,4.0009,23.488,14.0917,14.9009,14.2593
6302,-55.6034,-11.0823,0.7009,0.7,2.0417,4.0093,23.488,14.0907,14.9009,14.2556
6303,-55.375,-10.9716,0.7009,0.7,1.8361,4.0444,23.488,14.087,14.9009,14.2556
6304,-55.4177,-10.8464,0.7008,0.7,2.0958,4.0083,23.488,14.0861,14.9,14.2546
6305,-55.2733,-10.8842,0.7008,0.7,1.9972,3.9287,23.488,14.0843,14.9,14.2537
6306,-55.8972,-10.9271,0.7007,0.7,1.7194,3.9694,23.488,14.0861,14.9,14.2565
6307,-55.6696,-11.2522,0.7004,0.7,1.5472,3.9852,23.488,14.0852,14.9,14.2537
6308,-55.78,-11.4318,0.7003,0.7,1.1264,4.0009,23.487,14.087,14.9,14.2556
6309,-56.776,-11.5823,0.7003,0.7,1.1347,4.0491,23.487,14.087,14.9,14.2546
6310,-57.3774,-11.8684,0.7002,0.7,0.6931,3.9519,23.487,14.0852,14.9,14.2519
6311,-58.8751,-11.9942,0.7002,0.7,0.6028,4.0139,23.487,14.0861,14.9,14.2519
6312,-59.5359,-12.1153,0.7001,0.7,0.2083,4.0213,23.487,14.0861,14.9,14.2519
6313,-60.0189,-12.1692,0.7,0.7,0.3444,4.0352,23.487,14.0843,14.9,14.2509
6314,-60.5398,-12.1477,0.6999,0.7,0.3472,4.013,23.487,14.0824,14.9,14.2519
6315,-60.6245,-12.1481,0.7,0.7,0.2722,4.0083,23.487,14.0824,14.9,14.2528
6316,-60.9524,-12.1891,0.7,0.7,0.225,4.0037,23.487,14.0815,14.9,14.2537
6317,-60.9018,-12.2132,0.7001,0.7,0.225,3.9741,23.487,14.0806,14.9,14.2537
6318,-61.0284,-12.1748,0.7001,0.7,0.1764,4.0102,23.487,14.0806,14.9,14.2509
6319,-61.8484,-12.26,0.7,0.7,0.1653,3.9991,23.487,14.0787,14.9,14.2519
6320,-62.3861,-12.2473,0.7,0.7,0.0792,3.9852,23.487,14.0796,14.9,14.2528
6321,-62.1834,-12.2533,0.7001,0.7,0.0903,3.9704,23.487,14.0796,14.9,14.2537
6322,-62.2404,-12.2238,0.7001,0.7,0.0903,4.012,23.487,14.0806,14.9,14.2546
6323,-62.6213,-12.2209,0.7002,0.7,0.0792,4.0148,23.487,14.0778,14.9,14.2519
6324,-62.5141,-12.2139,0.7002,0.7,0.1208,3.9704,23.487,14.0787,14.9,14.2528
6325,-62.3124,-12.2224,0.7003,0.7,0.1,3.9898,23.487,14.0796,14.9,14.2519
6326,-62.4695,-12.1597,0.7003,0.7,0.1542,3.9731,23.487,14.0806,14.9,14.2537
6327,-62.4395,-12.1575,0.7004,0.7,0.1778,3.9815,23.487,14.0796,14.9,14.2519
6328,-62.2126,-12.1823,0.7005,0.7,0.0819,3.9954,23.4861,14.0787,14.9,14.2537
6329,-62.2978,-12.2203,0.7006,0.7,0.1181,4.0111,23.4861,14.0778,14.9,14.2546
6330,-62.6827,-12.1772,0.7007,0.7,0.1458,3.9769,23.4861,14.0759,14.9,14.2556
6331,-62.6935,-12.1953,0.7008,0.7,0.1181,4.0037,23.4861,14.075,14.9,14.2546
6332,-62.4768,-12.1605,0.7009,0.7,0.1403,3.9954,23.4861,14.0713,14.9,14.2528
6333,-63.4859,-12.213,0.701,0.7,0.0556,3.95,23.4861,14.0713,14.9,14.2528
6334,-63.3317,-12.21,0.7009,0.7,0.0611,4.062,23.4861,14.0704,14.8991,14.2528
6335,-63.5579,-12.1155,0.7009,0.7,0.1194,4.0148,23.4861,14.0694,14.8991,14.2519
6336,-63.8105,-12.1459,0.701,0.7,0.0917,4.0269,23.4861,14.0667,14.8991,14.2491
6337,-64.0018,-12.0569,0.701,0.7,0.1181,4.012,23.4861,14.0657,14.8991,14.2481
6338,-64.321,-12.0341,0.701,0.7,0.0486,4.0194,23.4852,14.0667,14.8991,14.2491
6339,-64.4433,-11.9738,0.701,0.7,0.1708,4.038,23.4852,14.0676,14.8991,14.2509
6340,-64.6778,-11.9418,0.701,0.7,0.1486,4.0296,23.4852,14.0657,14.8991,14.2472
6341,-64.9354,-11.8702,0.7011,0.7,0.0972,3.9796,23.4852,14.063,14.8991,14.2435
6342,-64.8822,-11.7598,0.7012,0.7,0.1667,3.988,23.4852,14.0602,14.8991,14.2426
6343,-65.0262,-11.6367,0.7012,0.7,0.1597,4.0056,23.4852,14.0602,14.8991,14.2444
6344,-65.3272,-11.5239,0.7013,0.7,0.2583,4.0028,23.4852,14.0593,14.8991,14.2426
6345,-65.1868,-11.5149,0.7013,0.7,0.2069,3.9963,23.4852,14.0593,14.8991,14.2417
6346,-65.1656,-11.3561,0.7014,0.7,0.2931,3.9602,23.4852,14.0593,14.8991,14.2417
6347,-64.9147,-11.2979,0.7015,0.7,0.4083,4.0296,23.4852,14.0556,14.8991,14.2389
6348,-64.9703,-11.2545,0.7014,0.7,0.3208,4.0352,23.4852,14.0528,14.8991,14.2352
6349,-64.8406,-11.0451,0.7014,0.7,0.5278,3.9889,23.4843,14.0509,14.8991,14.2343
6350,-64.7141,-10.8672,0.7014,0.7,0.4611,3.9954,23.4843,14.0491,14.8991,14.2315
6351,-64.1852,-10.7697,0.7014,0.7,0.4236,3.9824,23.4843,14.05,14.8991,14.2315
6352,-63.7296,-10.6575,0.7014,0.7,0.5542,4.0056,23.4843,14.0491,14.8991,14.2315
6353,-63.006,-10.517,0.7014,0.7,0.7403,3.9778,23.4843,14.05,14.8991,14.2324
6354,-62.3673,-10.4404,0.7013,0.7,0.9903,4.0139,23.4843,14.0481,14.8981,14.2324
6355,-61.7221,-10.2828,0.7013,0.7,2.225,4.0157,23.4843,14.0463,14.8981,14.2324
6356,-59.7704,-10.173,0.7012,0.7,2.8958,4.0417,23.4843,14.0435,14.8981,14.2306
6357,-59.6243,-10.1608,0.701,0.7,3.4583,4.0194,23.4843,14.0454,14.8981,14.2315
6358,-56.6509,-10.2984,0.7008,0.7,3.1403,3.9954,23.4843,14.0463,14.8981,14.2315
6359,-56.2801,-10.475,0.7005,0.7,2.6333,4.0,23.4843,14.0426,14.8981,14.2306
6360,-55.4212,-10.6394,0.7003,0.7,2.4694,4.0213,23.4843,14.0426,14.8981,14.2306
6361,-54.8971,-11.1338,0.6998,0.7,1.7208,3.9435,23.4843,14.0454,14.8981,14.2324
6362,-54.8355,-11.1698,0.6998,0.7,1.6639,3.9907,23.4843,14.0454,14.8981,14.2296
6363,-55.2841,-11.3589,0.6998,0.7,1.4,3.988,23.4843,14.0454,14.8981,14.2306
6364,-56.8377,-11.3832,0.6999,0.7,1.175,3.95,23.4843,14.0472,14.8981,14.2306
6365,-56.8792,-11.7077,0.6998,0.7,0.8167,4.0,23.4843,14.0463,14.8981,14.2306
6366,-56.9959,-11.7607,0.6997,0.7,0.7597,4.0306,23.4843,14.0472,14.8981,14.2296
6367,-57.4522,-11.839,0.6997,0.7,0.5819,3.9852,23.4843,14.0472,14.8981,14.2296
6368,-58.9009,-12.0006,0.6997,0.7,0.5125,4.0111,23.4843,14.0481,14.8981,14.2287
6369,-60.0719,-12.1111,0.6996,0.7,0.3722,3.9889,23.4843,14.05,14.8981,14.2315
6370,-60.25,-12.1084,0.6997,0.7,0.3417,4.0167,23.4843,14.0481,14.8981,14.2278
6371,-60.7468,-12.2093,0.6996,0.7,0.2486,4.0167,23.4843,14.0454,14.8981,14.225
6372,-61.3991,-12.1962,0.6996,0.7,0.1056,4.0,23.4843,14.0454,14.8981,14.2213
6373,-61.2774,-12.2297,0.6996,0.7,0.1486,4.0037,23.4843,14.0444,14.8981,14.2222
6374,-62.2701,-12.2635,0.6996,0.7,0.1278,3.9787,23.4843,14.0417,14.8981,14.2213
6375,-62.7279,-12.2881,0.6997,0.7,0.0958,3.9824,23.4843,14.0435,14.8981,14.2222
6376,-63.1568,-12.2567,0.6997,0.7,0.0764,4.0,23.4843,14.0444,14.8981,14.2231
6377,-63.5296,-12.2154,0.6997,0.7,0.0681,3.9407,23.4843,14.0463,14.8981,14.2259
6378,-63.3542,-12.2007,0.6997,0.7,0.1583,4.0019,23.4843,14.0463,14.8981,14.2259
6379,-63.6319,-12.1483,0.6998,0.7,0.0431,3.9704,23.4843,14.0444,14.8981,14.2241
6380,-63.6438,-12.1248,0.7,0.7,0.0583,4.0083,23.4843,14.0435,14.8981,14.2231
6381,-64.2803,-12.0755,0.7,0.7,0.0694,3.9815,23.4843,14.0435,14.8981,14.2241
6382,-64.3732,-11.9634,0.7001,0.7,0.1069,4.0259,23.4843,14.0417,14.8981,14.2213
6383,-64.5093,-11.95,0.7001,0.7,0.1444,3.9685,23.4843,14.0417,14.8981,14.2204
6384,-64.7029,-11.9378,0.7002,0.7,0.1222,4.0565,23.4843,14.0407,14.8981,14.2185
6385,-64.9843,-11.7849,0.7001,0.7,0.2486,3.9713,23.4843,14.0398,14.8981,14.2176
6386,-65.0542,-11.6265,0.7002,0.7,0.1403,4.0685,23.4843,14.038,14.8981,14.2176
6387,-65.3108,-11.5221,0.7002,0.7,0.2306,3.988,23.4843,14.0361,14.8981,14.2167
6388,-65.3636,-11.3076,0.7003,0.7,0.3,4.0176,23.4843,14.0361,14.8981,14.2167
6389,-65.0869,-11.1468,0.7004,0.7,0.4306,4.0093,23.4843,14.0361,14.8981,14.2157
6390,-64.8373,-11.0001,0.7004,0.7,0.5208,3.9583,23.4843,14.037,14.8981,14.2176
6391,-64.8939,-10.8866,0.7004,0.7,0.6125,3.9907,23.4843,14.0343,14.8981,14.2167
6392,-64.0476,-10.6429,0.7003,0.7,0.5181,4.0111,23.4843,14.0343,14.8981,14.2167
6393,-63.9602,-10.5479,0.7003,0.7,0.4653,3.962,23.4843,14.0361,14.8981,14.2167
6394,-62.9989,-10.4502,0.7002,0.7,0.6444,4.0259,23.4843,14.0361,14.8981,14.2157
6395,-62.2384,-10.2523,0.7001,0.7,1.8389,4.0028,23.4843,14.0343,14.8981,14.2167
6396,-60.9074,-10.1486,0.7,0.7,3.05,4.025,23.4843,14.0389,14.8981,14.2176
6397,-59.6314,-10.1497,0.7,0.7,3.3681,3.9991,23.4843,14.0389,14.8981,14.2139
6398,-56.1411,-10.4191,0.6996,0.7,2.9722,4.0528,23.4843,14.0398,14.8981,14.2139
6399,-54.8236,-10.7452,0.6993,0.7,2.5056,4.0593,23.4843,14.0407,14.8981,14.2176
6400,-54.9659,-10.9762,0.699,0.7,2.0875,3.9907,23.4843,14.0417,14.8981,14.2185
6401,-54.9219,-11.2438,0.6988,0.7,1.525,3.95,23.4843,14.0407,14.8981,14.2157
6402,-55.0207,-11.3912,0.6987,0.7,1.2847,4.0676,23.4843,14.0417,14.8991,14.2148
6403,-56.1286,-11.5218,0.6988,0.7,1.0111,4.025,23.4843,14.0417,14.8991,14.2167
6404,-56.5608,-11.535,0.6988,0.7,1.0639,3.9926,23.4843,14.0435,14.8991,14.2176
6405,-57.0756,-11.739,0.6988,0.7,0.7639,3.9833,23.4852,14.0444,14.8991,14.2176
6406,-58.104,-11.9319,0.6986,0.7,0.6181,3.9528,23.4852,14.0454,14.8991,14.2176
6407,-59.1557,-12.0303,0.6987,0.7,0.4875,4.0111,23.4852,14.0426,14.8991,14.2167
6408,-60.1988,-12.1498,0.6988,0.7,0.2083,3.9889,23.4852,14.0407,14.8991,14.2139
6409,-60.7563,-12.1994,0.6988,0.7,0.2389,3.975,23.4852,14.0407,14.8991,14.2157
6410,-61.5611,-12.2393,0.6989,0.7,0.1264,4.0176,23.4852,14.0398,14.8991,14.2167
6411,-62.0319,-12.2498,0.6989,0.7,0.1167,4.013,23.4852,14.037,14.8991,14.2139
6412,-62.5402,-12.2475,0.699,0.7,0.0722,3.9806,23.4852,14.037,14.8991,14.2148
6413,-63.072,-12.2281,0.699,0.7,0.0444,4.0417,23.4852,14.037,14.8991,14.2148
6414,-62.9595,-12.2026,0.6991,0.7,0.0917,4.0343,23.4852,14.037,14.8991,14.2148
6415,-63.5389,-12.1653,0.6991,0.7,0.075,3.9907,23.4852,14.037,14.8991,14.2176
6416,-63.759,-12.1397,0.6992,0.7,0.0556,4.0269,23.4852,14.0389,14.8991,14.2194
6417,-64.2608,-12.0271,0.6992,0.7,0.0972,4.0157,23.4852,14.038,14.8991,14.2204
6418,-64.4095,-11.9645,0.6992,0.7,0.0833,3.9769,23.4861,14.0389,14.8991,14.2231
6419,-64.8811,-11.8901,0.6992,0.7,0.1153,3.9861,23.4861,14.037,14.8991,14.2222
6420,-65.0112,-11.7885,0.6993,0.7,0.1903,3.9398,23.4861,14.037,14.8991,14.2213
6421,-64.802,-11.7452,0.6993,0.7,0.1569,4.0046,23.4861,14.0361,14.8991,14.2213
6422,-64.649,-11.6968,0.6993,0.7,0.1611,3.9944,23.4861,14.037,14.8991,14.2222
6423,-65.3316,-11.6458,0.6994,0.7,0.2,3.9787,23.4861,14.0361,14.8991,14.2213
6424,-65.3471,-11.554,0.6994,0.7,0.1764,3.9889,23.4861,14.038,14.8991,14.2231
6425,-65.0181,-11.375,0.6995,0.7,0.2111,4.0398,23.4861,14.0389,14.8991,14.2241
6426,-64.9306,-11.2434,0.6996,0.7,0.3222,4.0648,23.4861,14.0407,14.8991,14.2278
6427,-65.2705,-11.0771,0.6996,0.7,0.5056,4.0019,23.4861,14.0407,14.9,14.2287
6428,-64.7909,-10.9803,0.6996,0.7,0.4986,4.0269,23.4861,14.0426,14.9,14.2278
6429,-64.2511,-10.8593,0.6997,0.7,0.5472,3.9769,23.487,14.0417,14.9,14.2259
6430,-64.1026,-10.7229,0.6998,0.7,0.5097,4.0093,23.487,14.0389,14.9,14.225
6431,-62.7761,-10.5383,0.6998,0.7,0.7236,4.0537,23.487,14.0361,14.9,14.2204
6432,-62.1686,-10.2643,0.6997,0.7,2.0083,4.0241,23.487,14.0361,14.9,14.2185
6433,-60.8816,-10.1223,0.6996,0.7,2.9389,4.0324,23.487,14.037,14.9,14.2185
6434,-59.5162,-10.2027,0.6995,0.7,3.0194,3.9343,23.487,14.0361,14.9,14.2194
6435,-57.6553,-10.3578,0.6993,0.7,2.9139,4.075,23.487,14.0333,14.9,14.2176
6436,-56.0503,-10.5516,0.6992,0.7,2.7986,4.0407,23.487,14.037,14.9,14.2204
6437,-54.8171,-10.867,0.699,0.7,2.2431,3.9972,23.487,14.038,14.9,14.2204
6438,-55.0869,-11.0744,0.6989,0.7,1.5736,4.0083,23.487,14.038,14.9,14.2176
6439,-55.2716,-11.4308,0.6987,0.7,1.1319,4.0204,23.487,14.038,14.9,14.2167
6440,-56.0969,-11.6178,0.6987,0.7,0.9181,3.9852,23.488,14.038,14.9,14.2185
6441,-58.0303,-11.9241,0.6986,0.7,0.6556,4.0231,23.488,14.038,14.9,14.2185
6442,-58.537,-12.0222,0.6985,0.7,0.3986,3.9648,23.488,14.0407,14.9,14.2204
6443,-59.2491,-12.093,0.6985,0.7,0.3944,3.9917,23.488,14.0426,14.9,14.2222
6444,-60.1906,-12.1045,0.6986,0.7,0.3903,4.0037,23.488,14.0426,14.9,14.2241
6445,-60.4506,-12.1196,0.6987,0.7,0.3458,4.0093,23.488,14.0407,14.9,14.2259
6446,-60.7932,-12.1608,0.6988,0.7,0.2444,4.0046,23.488,14.0417,14.9,14.2278
6447,-61.5544,-12.2304,0.6988,0.7,0.2056,4.0,23.488,14.0435,14.9,14.2296
6448,-62.1464,-12.2753,0.6987,0.7,0.1486,4.0222,23.488,14.0463,14.9,14.2296
6449,-62.2492,-12.2697,0.6988,0.7,0.1167,4.0491,23.488,14.0435,14.9009,14.2278
6450,-63.2065,-12.2228,0.6988,0.7,0.0903,3.9907,23.4889,14.0444,14.9009,14.2278
6451,-63.4925,-12.2427,0.6988,0.7,0.0569,3.9306,23.4889,14.0454,14.9009,14.2315
6452,-63.9492,-12.1535,0.6988,0.7,0.0889,3.9954,23.4889,14.0463,14.9009,14.2324
6453,-64.0158,-12.147,0.6987,0.7,0.0972,4.0222,23.4889,14.0472,14.9009,14.2324
6454,-64.3444,-12.0386,0.6988,0.7,0.0917,3.9704,23.4889,14.0509,14.9009,14.2343
6455,-64.6533,-11.9901,0.6988,0.7,0.1208,4.0417,23.4889,14.05,14.9009,14.2315
6456,-64.6685,-11.9056,0.6988,0.7,0.0819,3.9741,23.4889,14.0537,14.9009,14.2315
6457,-65.0097,-11.8126,0.6989,0.7,0.1833,3.9731,23.4889,14.0583,14.9009,14.2343
6458,-65.0567,-11.7243,0.699,0.7,0.1333,4.0315,23.4889,14.0574,14.9009,14.2352
6459,-65.0171,-11.5995,0.699,0.7,0.2167,4.0389,23.4898,14.0602,14.9009,14.238
6460,-65.1286,-11.4803,0.6991,0.7,0.3125,4.0222,23.4898,14.0583,14.9009,14.238
6461,-65.1495,-11.3454,0.6992,0.7,0.3208,4.0444,23.4898,14.0574,14.9009,14.237
6462,-64.9823,-11.2156,0.6992,0.7,0.3083,4.0111,23.4898,14.0583,14.9009,14.237
6463,-64.8962,-11.0166,0.6993,0.7,0.4417,3.9889,23.4898,14.0593,14.9009,14.2389
6464,-64.4476,-10.8663,0.6993,0.7,0.4306,4.0185,23.4898,14.0574,14.9009,14.238
6465,-64.0312,-10.7424,0.6993,0.7,0.4139,4.0028,23.4898,14.0556,14.9009,14.2352
6466,-63.0425,-10.4666,0.6992,0.7,0.4889,3.9528,23.4898,14.0565,14.9019,14.238
6467,-62.241,-10.329,0.6992,0.7,1.4458,3.9694,23.4907,14.0583,14.9019,14.238
6468,-61.2859,-10.2299,0.6992,0.7,2.3514,4.012,23.4907,14.0565,14.9019,14.2352
6469,-60.6365,-10.2126,0.6992,0.7,2.9194,3.9935,23.4907,14.0583,14.9019,14.238
6470,-58.5945,-10.2668,0.6991,0.7,3.1306,3.9833,23.4907,14.0602,14.9019,14.2417
6471,-57.7607,-10.3558,0.699,0.7,2.8847,4.0204,23.4907,14.0602,14.9019,14.2426
6472,-55.5704,-10.6468,0.6988,0.7,2.5944,4.0352,23.4907,14.0593,14.9019,14.2444
6473,-55.697,-10.8243,0.6986,0.7,1.9542,4.0009,23.4907,14.0593,14.9019,14.2426
6474,-54.8743,-11.1021,0.6985,0.7,1.6347,3.9676,23.4917,14.0574,14.9019,14.2407
6475,-56.4399,-11.4777,0.6983,0.7,1.1319,3.9935,23.4917,14.0574,14.9019,14.2417
6476,-56.2531,-11.6318,0.6982,0.7,0.8764,3.9889,23.4917,14.0574,14.9019,14.2407
6477,-57.1725,-11.8209,0.6981,0.7,0.6333,4.0056,23.4917,14.0611,14.9019,14.2435
6478,-58.4304,-11.8532,0.6982,0.7,0.6764,4.0157,23.4917,14.062,14.9019,14.2426
6479,-58.1638,-11.9155,0.6982,0.7,0.575,3.9704,23.4917,14.0639,14.9019,14.2435
6480,-59.0964,-11.9615,0.6983,0.7,0.4861,3.9611,23.4917,14.0648,14.9019,14.2444
6481,-59.3097,-12.0836,0.6983,0.7,0.35,3.9713,23.4926,14.0648,14.9028,14.2435
6482,-60.259,-12.1371,0.6984,0.7,0.2639,4.0407,23.4926,14.0657,14.9028,14.2444
6483,-60.5301,-12.1786,0.6984,0.7,0.1931,3.9444,23.4926,14.0676,14.9028,14.2454
6484,-61.0214,-12.2108,0.6986,0.7,0.2389,4.025,23.4926,14.0685,14.9028,14.2454
6485,-61.7098,-12.224,0.6987,0.7,0.1875,4.013,23.4926,14.0685,14.9028,14.2454
6486,-62.2311,-12.2532,0.6987,0.7,0.1361,3.9954,23.4926,14.0667,14.9028,14.2426
6487,-62.6744,-12.2207,0.6988,0.7,0.1764,3.9648,23.4926,14.0667,14.9028,14.2426
6488,-63.3254,-12.2467,0.6988,0.7,0.0903,3.9852,23.4926,14.0676,14.9028,14.2435
6489,-63.7889,-12.1803,0.6989,0.7,0.0681,3.9898,23.4926,14.0657,14.9028,14.2417
6490,-64.2083,-12.1093,0.6989,0.7,0.0667,3.95,23.4935,14.0667,14.9028,14.2417
6491,-64.3959,-12.0572,0.6989,0.7,0.0833,4.0352,23.4935,14.0657,14.9028,14.2398
6492,-64.5459,-11.954,0.6991,0.7,0.1236,3.9972,23.4935,14.0657,14.9028,14.238
6493,-64.8306,-11.8259,0.6991,0.7,0.1514,4.0204,23.4935,14.0639,14.9028,14.238
6494,-65.0933,-11.7354,0.6992,0.7,0.1639,4.0426,23.4935,14.0648,14.9028,14.2389
6495,-65.2891,-11.6218,0.6993,0.7,0.2125,3.962,23.4935,14.0648,14.9028,14.2398
6496,-65.1594,-11.5104,0.6992,0.7,0.1972,3.987,23.4935,14.0639,14.9028,14.2389
6497,-65.6275,-11.2254,0.6993,0.7,0.3222,4.0093,23.4935,14.0639,14.9028,14.238
6498,-64.9254,-11.005,0.6992,0.7,0.5514,4.0278,23.4935,14.0648,14.9028,14.2398
6499,-64.4663,-10.829,0.6991,0.7,0.5208,4.012,23.4944,14.0639,14.9028,14.238
6500,-63.9048,-10.6559,0.6991,0.7,0.4472,4.025,23.4944,14.0639,14.9037,14.2398
6501,-62.8295,-10.4498,0.6991,0.7,0.6875,4.025,23.4944,14.0667,14.9037,14.2435
6502,-61.9202,-10.22,0.6991,0.7,2.1014,3.9491,23.4944,14.0676,14.9037,14.2444
6503,-60.3473,-10.1587,0.6989,0.7,2.6625,4.0417,23.4944,14.0667,14.9037,14.2435
6504,-57.5305,-10.2872,0.6987,0.7,3.2722,3.9935,23.4944,14.0648,14.9037,14.2435
6505,-55.2463,-10.4898,0.6984,0.7,2.9125,4.0,23.4944,14.0685,14.9037,14.2454
6506,-54.8875,-10.8793,0.6981,0.7,2.2431,3.987,23.4954,14.0667,14.9037,14.2472
6507,-54.7305,-11.1198,0.698,0.7,1.7347,4.0056,23.4954,14.0667,14.9037,14.2463
6508,-55.3945,-11.4158,0.6977,0.7,1.1542,3.9444,23.4954,14.0676,14.9037,14.2463
6509,-56.5972,-11.7237,0.6976,0.7,0.8667,4.0611,23.4954,14.0676,14.9037,14.2472
6510,-56.6572,-11.8426,0.6976,0.7,0.7417,3.9796,23.4954,14.0685,14.9037,14.2472
6511,-58.1005,-11.9699,0.6975,0.7,0.4444,4.0389,23.4963,14.0704,14.9037,14.2491
6512,-59.0568,-12.1143,0.6974,0.7,0.4194,3.9972,23.4963,14.0704,14.9046,14.2491
6513,-59.9292,-12.1323,0.6973,0.7,0.3542,3.9713,23.4963,14.0741,14.9046,14.2528
6514,-60.769,-12.2334,0.6973,0.7,0.1514,4.0028,23.4963,14.075,14.9046,14.2537
6515,-61.2253,-12.2755,0.6973,0.7,0.2181,3.9981,23.4963,14.075,14.9046,14.2556
6516,-61.7844,-12.2501,0.6973,0.7,0.1069,4.0,23.4972,14.075,14.9046,14.2565
6517,-62.5672,-12.2837,0.6973,0.7,0.0903,4.0194,23.4972,14.0759,14.9046,14.2574
6518,-63.2379,-12.2845,0.6973,0.7,0.0764,3.9824,23.4972,14.0787,14.9046,14.2583
6519,-63.6308,-12.2034,0.6973,0.7,0.1014,4.037,23.4972,14.0796,14.9046,14.2583
6520,-63.9484,-12.1806,0.6973,0.7,0.0542,4.0213,23.4981,14.0787,14.9046,14.2593
6521,-64.0985,-12.1264,0.6973,0.7,0.0431,4.0194,23.4981,14.0787,14.9056,14.2602
6522,-64.1608,-12.0437,0.6974,0.7,0.1042,3.9889,23.4981,14.0806,14.9056,14.2611
6523,-64.5411,-12.058,0.6975,0.7,0.0514,4.013,23.4981,14.0815,14.9056,14.262
6524,-64.7571,-11.9585,0.6975,0.7,0.0875,4.013,23.4991,14.0806,14.9056,14.262
6525,-64.8952,-11.8102,0.6977,0.7,0.1875,3.9824,23.4991,14.0806,14.9056,14.262
6526,-65.2149,-11.6632,0.6977,0.7,0.1375,3.9991,23.4991,14.0824,14.9056,14.2593
6527,-65.4299,-11.5607,0.6978,0.7,0.2181,3.9315,23.4991,14.0815,14.9056,14.2602
6528,-65.1191,-11.3327,0.6978,0.7,0.2861,3.9898,23.5,14.0833,14.9065,14.2611
6529,-64.9459,-11.1912,0.6978,0.7,0.3306,3.9898,23.5,14.0852,14.9065,14.263
6530,-64.777,-10.9696,0.6978,0.7,0.4986,3.9787,23.5,14.087,14.9065,14.2648
6531,-64.1551,-10.8173,0.6979,0.7,0.4847,3.9954,23.5,14.087,14.9065,14.2667
6532,-64.3574,-10.7221,0.6979,0.7,0.6,4.0435,23.5009,14.088,14.9065,14.2694
6533,-63.236,-10.5082,0.6978,0.7,0.4375,3.9815,23.5009,14.0898,14.9065,14.2713
6534,-62.9563,-10.4457,0.6979,0.7,0.7181,3.9741,23.5009,14.088,14.9065,14.2722
6535,-62.5329,-10.4045,0.698,0.7,1.2014,3.9843,23.5019,14.0889,14.9065,14.275
6536,-61.8682,-10.2912,0.698,0.7,2.1667,4.0,23.5019,14.0889,14.9074,14.2759
6537,-60.121,-10.1383,0.6979,0.7,3.3,4.0259,23.5019,14.0889,14.9074,14.2759
6538,-57.8061,-10.3311,0.6977,0.7,3.1736,4.0,23.5019,14.087,14.9074,14.2759
6539,-56.7724,-10.5986,0.6976,0.7,2.7014,3.9713,23.5028,14.0889,14.9074,14.2759
6540,-54.6784,-10.7587,0.6976,0.7,2.3611,3.938,23.5028,14.0889,14.9074,14.2769
6541,-55.3383,-11.1274,0.6974,0.7,1.7736,4.012,23.5028,14.0907,14.9074,14.2778
6542,-56.0624,-11.5859,0.6971,0.7,1.0236,4.0685,23.5028,14.0898,14.9074,14.2796
6543,-57.5915,-11.7682,0.6971,0.7,0.6681,4.0065,23.5037,14.0917,14.9074,14.2806
6544,-58.0581,-11.9353,0.6971,0.7,0.5833,4.0093,23.5037,14.0935,14.9083,14.2833
6545,-59.7128,-12.0953,0.6971,0.7,0.3278,4.0407,23.5037,14.0954,14.9083,14.2889
6546,-60.6452,-12.1938,0.6971,0.7,0.2514,3.975,23.5037,14.0981,14.9083,14.2917
6547,-61.6931,-12.2854,0.6971,0.7,0.1264,3.988,23.5046,14.0954,14.9083,14.2907
6548,-62.1328,-12.2949,0.6971,0.7,0.1333,3.9759,23.5046,14.0954,14.9083,14.2907
6549,-62.783,-12.3083,0.6971,0.7,0.0708,3.9667,23.5046,14.0981,14.9083,14.2935
6550,-63.2632,-12.2523,0.6971,0.7,0.0861,3.9759,23.5046,14.0935,14.9083,14.2935
6551,-63.7518,-12.208,0.6971,0.7,0.0514,4.0241,23.5056,14.0935,14.9083,14.2944
6552,-64.1918,-12.1829,0.6971,0.7,0.0333,3.9556,23.5056,14.0926,14.9093,14.2935
6553,-64.3883,-12.0999,0.6971,0.7,0.0944,4.0213,23.5056,14.0898,14.9093,14.2926
6554,-64.895,-11.9728,0.6971,0.7,0.0764,3.9722,23.5065,14.0907,14.9093,14.2954
6555,-64.9506,-11.9121,0.697,0.7,0.0917,4.0074,23.5065,14.0898,14.9093,14.2963
6556,-65.1543,-11.8089,0.6971,0.7,0.1222,4.0241,23.5065,14.0935,14.9093,14.2981
6557,-65.5247,-11.7247,0.6971,0.7,0.1292,3.9676,23.5065,14.0944,14.9093,14.2991
6558,-65.1049,-11.6142,0.6971,0.7,0.1639,4.0241,23.5074,14.0954,14.9102,14.3
6559,-65.2257,-11.5801,0.6972,0.7,0.1792,4.0176,23.5074,14.0926,14.9102,14.2963
6560,-65.3307,-11.3527,0.6972,0.7,0.2708,3.988,23.5074,14.0944,14.9102,14.2963
6561,-65.3773,-11.2346,0.6971,0.7,0.4264,3.9722,23.5083,14.0963,14.9102,14.2981
6562,-65.2265,-11.1249,0.6971,0.7,0.4,4.0093,23.5083,14.0981,14.9102,14.2991
6563,-64.559,-10.9675,0.6971,0.7,0.4181,4.0019,23.5083,14.1,14.9102,14.3019
6564,-64.78,-10.8415,0.6972,0.7,0.3861,4.0731,23.5093,14.1009,14.9102,14.3046
6565,-64.2586,-10.7755,0.6972,0.7,0.5319,3.9843,23.5093,14.1019,14.9111,14.3056
6566,-63.4222,-10.6557,0.6972,0.7,0.5139,3.9769,23.5093,14.1,14.9111,14.3065
6567,-62.8209,-10.4441,0.6973,0.7,0.9208,3.9685,23.5102,14.1019,14.9111,14.3093
6568,-61.8096,-10.2514,0.6973,0.7,1.9861,3.9472,23.5102,14.1019,14.9111,14.3093
6569,-61.3521,-10.1202,0.6973,0.7,2.8819,4.0481,23.5102,14.1037,14.9111,14.312
6570,-59.9465,-10.2003,0.6972,0.7,3.3,4.0028,23.5111,14.1056,14.9111,14.3148
6571,-55.2123,-10.6266,0.6968,0.7,2.7694,3.9787,23.5111,14.1056,14.912,14.313
6572,-53.736,-11.0779,0.6964,0.7,1.8722,4.0454,23.5111,14.1056,14.912,14.313
6573,-54.4587,-11.0792,0.6964,0.7,1.7181,3.9926,23.512,14.1065,14.912,14.3139
6574,-55.3489,-11.3496,0.6963,0.7,1.3694,4.0204,23.512,14.1074,14.912,14.3148
6575,-57.066,-11.675,0.6963,0.7,1.0847,4.0037,23.512,14.1083,14.912,14.3167
6576,-57.6392,-11.852,0.6963,0.7,0.5903,3.9907,23.513,14.1083,14.912,14.3167
6577,-58.8634,-11.9875,0.6964,0.7,0.5194,3.9648,23.513,14.1083,14.913,14.3185
6578,-58.9115,-12.0514,0.6965,0.7,0.3542,3.975,23.513,14.1083,14.913,14.3194
6579,-59.8173,-12.1516,0.6965,0.7,0.3236,3.975,23.5139,14.1083,14.913,14.3204
6580,-60.5583,-12.1838,0.6966,0.7,0.2917,4.037,23.5139,14.1083,14.913,14.3167
6581,-61.1665,-12.2064,0.6966,0.7,0.1653,4.0111,23.5139,14.1102,14.913,14.3194
6582,-61.6532,-12.2088,0.6968,0.7,0.1389,4.0056,23.5148,14.1093,14.913,14.3185
6583,-62.6332,-12.2459,0.6969,0.7,0.0972,4.0278,23.5148,14.1102,14.9139,14.3204
6584,-62.7669,-12.2701,0.697,0.7,0.0722,4.0111,23.5148,14.113,14.9139,14.3241
6585,-63.3693,-12.2129,0.6971,0.7,0.0986,4.012,23.5148,14.112,14.9139,14.3204
6586,-63.6837,-12.1634,0.6972,0.7,0.0708,4.0519,23.5157,14.1111,14.9139,14.3204
6587,-64.1048,-12.153,0.6972,0.7,0.1361,4.0037,23.5157,14.1148,14.9139,14.3222
6588,-64.4048,-12.059,0.6973,0.7,0.1097,4.0157,23.5157,14.1167,14.9139,14.3204
6589,-64.5289,-11.9674,0.6974,0.7,0.1417,4.0139,23.5167,14.1176,14.9139,14.3231
6590,-64.6792,-11.9202,0.6975,0.7,0.1194,3.9167,23.5167,14.1194,14.9148,14.3269
6591,-65.0686,-11.7987,0.6976,0.7,0.1694,4.0167,23.5167,14.1241,14.9148,14.3306
6592,-65.1505,-11.6601,0.6978,0.7,0.2069,3.9593,23.5167,14.1231,14.9148,14.3296
6593,-65.1345,-11.4593,0.6978,0.7,0.25,4.0417,23.5176,14.1222,14.9148,14.3306
6594,-65.3191,-11.2768,0.6979,0.7,0.2819,3.9694,23.5176,14.1231,14.9148,14.3315
6595,-65.1225,-11.2278,0.6979,0.7,0.2722,3.9972,23.5176,14.125,14.9148,14.3315
6596,-65.1191,-11.1464,0.6979,0.7,0.3583,4.0065,23.5176,14.125,14.9148,14.3324
6597,-64.8883,-10.9974,0.6979,0.7,0.4917,4.0454,23.5185,14.1278,14.9148,14.3343
6598,-64.326,-10.7909,0.6979,0.7,0.4194,4.0231,23.5185,14.1287,14.9157,14.3361
6599,-63.7353,-10.705,0.6979,0.7,0.5292,4.0037,23.5185,14.1269,14.9157,14.337
6600,-63.3821,-10.6687,0.6981,0.7,0.5264,3.9815,23.5185,14.1278,14.9157,14.338
6601,-62.8126,-10.5494,0.6981,0.7,0.7208,3.9537,23.5194,14.1278,14.9157,14.338
6602,-61.8257,-10.2564,0.6983,0.7,2.0028,4.0222,23.5194,14.1269,14.9157,14.3361
6603,-60.1601,-10.1451,0.6983,0.7,3.0958,3.9759,23.5194,14.1269,14.9157,14.3361
6604,-57.5015,-10.2552,0.6981,0.7,3.3153,4.0315,23.5194,14.1287,14.9157,14.3398
6605,-53.9619,-10.7774,0.6976,0.7,2.4875,4.0269,23.5204,14.1296,14.9157,14.3407
6606,-55.4741,-11.017,0.6975,0.7,2.0639,3.9787,23.5204,14.1259,14.9157,14.337
6607,-55.2358,-11.168,0.6975,0.7,1.6417,3.9926,23.5204,14.1278,14.9167,14.338
6608,-55.8127,-11.3876,0.6975,0.7,1.2764,4.0231,23.5204,14.1296,14.9167,14.3407
6609,-56.4355,-11.5247,0.6975,0.7,1.1528,3.9852,23.5213,14.1287,14.9167,14.3417
6610,-57.2526,-11.8299,0.6974,0.7,0.7694,4.0037,23.5213,14.1269,14.9167,14.3407
6611,-58.8417,-12.1022,0.6973,0.7,0.4833,4.0019,23.5213,14.1259,14.9167,14.3389
6612,-59.9173,-12.1376,0.6973,0.7,0.375,4.0028,23.5213,14.1278,14.9167,14.3389
6613,-60.7413,-12.2344,0.6973,0.7,0.1903,3.988,23.5213,14.1278,14.9167,14.3389
6614,-61.4653,-12.2458,0.6974,0.7,0.1458,4.0269,23.5222,14.1287,14.9167,14.3389
6615,-62.1879,-12.2943,0.6975,0.7,0.0792,4.0259,23.5222,14.1306,14.9167,14.337
6616,-62.5941,-12.2477,0.6976,0.7,0.0875,3.9731,23.5222,14.1315,14.9176,14.337
6617,-62.7541,-12.2838,0.6976,0.7,0.1431,3.9639,23.5222,14.1306,14.9176,14.338
6618,-63.2538,-12.2293,0.6977,0.7,0.0903,4.0639,23.5231,14.1296,14.9176,14.338
6619,-63.3741,-12.1956,0.6977,0.7,0.0639,4.038,23.5231,14.1296,14.9176,14.337
6620,-63.7288,-12.157,0.6978,0.7,0.0958,4.012,23.5231,14.1287,14.9176,14.3389
6621,-64.3626,-12.0946,0.6979,0.7,0.0597,4.0065,23.5231,14.1296,14.9176,14.3407
6622,-64.4229,-11.9961,0.6979,0.7,0.075,3.9981,23.5231,14.1296,14.9176,14.3426
6623,-64.8134,-11.9425,0.698,0.7,0.1139,4.0157,23.5241,14.1287,14.9176,14.3417
6624,-65.2229,-11.7944,0.698,0.7,0.1653,4.0111,23.5241,14.1269,14.9176,14.3398
6625,-64.9572,-11.6014,0.698,0.7,0.1708,3.9861,23.5241,14.1296,14.9185,14.3417
6626,-65.4163,-11.4945,0.698,0.7,0.2653,4.025,23.5241,14.1296,14.9185,14.3407
6627,-65.3031,-11.319,0.698,0.7,0.3625,4.0639,23.5241,14.1287,14.9185,14.3407
6628,-64.9228,-11.2071,0.698,0.7,0.4028,4.0009,23.525,14.1269,14.9185,14.3407
6629,-65.4375,-11.0651,0.698,0.7,0.2889,3.9889,23.525,14.1269,14.9185,14.3417
6630,-65.1883,-10.8509,0.698,0.7,0.5514,4.0269,23.525,14.1269,14.9185,14.3435
6631,-65.0018,-10.8031,0.698,0.7,0.5083,3.9556,23.525,14.125,14.9185,14.3426
6632,-64.296,-10.7441,0.6978,0.7,0.3583,3.9593,23.5259,14.1278,14.9185,14.3454
6633,-64.2068,-10.6637,0.6978,0.7,0.45,3.9898,23.5259,14.125,14.9194,14.3426
6634,-63.6598,-10.5733,0.6978,0.7,0.4556,4.0583,23.5259,14.1269,14.9194,14.3417
6635,-62.9843,-10.4521,0.6977,0.7,0.7111,4.0093,23.5269,14.1259,14.9194,14.3407
6636,-62.3972,-10.269,0.6977,0.7,1.2708,3.9898,23.5269,14.1278,14.9194,14.3417
6637,-61.8855,-10.1294,0.6976,0.7,2.4208,3.9574,23.5269,14.1287,14.9194,14.3407
6638,-60.8596,-10.0937,0.6975,0.7,3.1486,3.9861,23.5269,14.1278,14.9194,14.3398
6639,-60.0708,-10.0855,0.6974,0.7,3.2542,3.9435,23.5278,14.1259,14.9194,14.338
6640,-55.2697,-10.2991,0.6971,0.7,3.4097,4.0204,23.5278,14.1241,14.9204,14.3361
6641,-54.1061,-10.7448,0.6967,0.7,2.6014,3.9815,23.5278,14.1231,14.9204,14.3361
6642,-53.0978,-10.8638,0.6965,0.7,2.4139,4.013,23.5287,14.1231,14.9204,14.337
6643,-53.3386,-10.9334,0.6965,0.7,2.1931,3.9935,23.5287,14.1259,14.9204,14.3389
6644,-54.1318,-10.949,0.6964,0.7,2.2792,4.0074,23.5287,14.1278,14.9204,14.337
6645,-53.6197,-11.1361,0.6961,0.7,1.8639,3.975,23.5296,14.1287,14.9204,14.3361
6646,-54.9645,-11.2887,0.696,0.7,1.5389,3.95,23.5296,14.1306,14.9213,14.337
6647,-54.9373,-11.5027,0.6958,0.7,1.4361,4.0019,23.5306,14.1296,14.9213,14.3398
6648,-56.0426,-11.6157,0.6956,0.7,1.0389,3.9759,23.5306,14.1333,14.9213,14.3435
6649,-56.7977,-11.7336,0.6954,0.7,0.8611,4.0278,23.5306,14.1333,14.9213,14.3417
6650,-57.1078,-11.8682,0.6953,0.7,0.7083,3.9815,23.5315,14.1333,14.9213,14.3435
6651,-56.8859,-11.8732,0.6952,0.7,0.7694,4.0954,23.5315,14.1343,14.9222,14.3472
6652,-58.2156,-11.9867,0.6951,0.7,0.6792,4.013,23.5324,14.137,14.9222,14.3472
6653,-58.4643,-12.0514,0.695,0.7,0.4111,3.9898,23.5324,14.1389,14.9222,14.3519
6654,-59.3711,-12.141,0.6949,0.7,0.4153,3.9667,23.5324,14.1417,14.9222,14.3537
6655,-59.5659,-12.2131,0.6949,0.7,0.2917,3.9583,23.5333,14.1435,14.9222,14.3528
6656,-59.6319,-12.1913,0.6948,0.7,0.2736,4.0611,23.5333,14.1426,14.9231,14.3537
6657,-59.6665,-12.2234,0.6947,0.7,0.35,3.9898,23.5343,14.1463,14.9231,14.3565
6658,-60.2682,-12.2505,0.6945,0.7,0.3,4.0361,23.5343,14.1472,14.9231,14.3583
6659,-60.1209,-12.2451,0.6945,0.7,0.2472,3.9843,23.5352,14.15,14.9231,14.362
6660,-60.8926,-12.2766,0.6944,0.7,0.1972,4.0074,23.5352,14.1537,14.9241,14.3648
6661,-60.4719,-12.2413,0.6943,0.7,0.1861,4.0102,23.5361,14.1546,14.9241,14.3676
6662,-60.3638,-12.2532,0.6943,0.7,0.1819,3.9796,23.5361,14.1593,14.9241,14.3713
6663,-61.1926,-12.2868,0.6942,0.7,0.1125,4.0037,23.537,14.1611,14.9241,14.3722
6664,-61.3471,-12.2271,0.6942,0.7,0.2569,4.0093,23.537,14.1639,14.925,14.375
6665,-62.0257,-12.3296,0.6943,0.7,0.1306,3.975,23.538,14.1648,14.925,14.3759
6666,-62.3848,-12.2612,0.6943,0.7,0.1097,4.0056,23.538,14.1639,14.925,14.3741
6667,-62.4441,-12.3051,0.6943,0.7,0.0556,4.0019,23.5389,14.162,14.925,14.3741
6668,-62.9665,-12.2734,0.6943,0.7,0.0569,3.9824,23.5398,14.1639,14.9259,14.3769
6669,-63.2508,-12.2707,0.6943,0.7,0.0458,3.9611,23.5398,14.163,14.9259,14.375
6670,-63.943,-12.2086,0.6944,0.7,0.0528,3.9898,23.5407,14.1648,14.9259,14.3759
6671,-63.9777,-12.2211,0.6944,0.7,0.0611,3.9593,23.5407,14.1676,14.9269,14.3796
6672,-64.1224,-12.1407,0.6944,0.7,0.0792,3.9963,23.5417,14.1676,14.9269,14.3796
6673,-64.3657,-12.1308,0.6944,0.7,0.0542,4.062,23.5417,14.1694,14.9269,14.3806
6674,-64.376,-12.041,0.6944,0.7,0.0625,4.0509,23.5426,14.1704,14.9269,14.3806
6675,-64.3911,-12.0075,0.6945,0.7,0.1403,4.0204,23.5426,14.1704,14.9278,14.3806
6676,-64.9905,-11.9821,0.6945,0.7,0.0736,4.0019,23.5435,14.1769,14.9278,14.3861
6677,-64.9809,-11.8858,0.6946,0.7,0.1625,3.9759,23.5444,14.1806,14.9278,14.3889
6678,-65.2934,-11.7872,0.6947,0.7,0.1097,3.9963,23.5444,14.1815,14.9278,14.3898
6679,-65.3683,-11.7078,0.6946,0.7,0.1236,4.0324,23.5454,14.1833,14.9287,14.3907
6680,-65.5656,-11.6678,0.6947,0.7,0.1514,3.9509,23.5454,14.188,14.9287,14.3926
6681,-65.5319,-11.5618,0.6947,0.7,0.2319,3.9981,23.5463,14.1926,14.9287,14.3954
6682,-65.4113,-11.4541,0.6947,0.7,0.2778,4.0519,23.5463,14.1935,14.9296,14.3944
6683,-65.4765,-11.4145,0.6947,0.7,0.3292,3.9639,23.5472,14.1954,14.9296,14.3954
6684,-65.2716,-11.3431,0.6947,0.7,0.2264,3.9954,23.5472,14.1991,14.9296,14.4
6685,-65.3889,-11.1117,0.6948,0.7,0.3264,4.0083,23.5481,14.1991,14.9296,14.4
6686,-64.533,-10.9877,0.6948,0.7,0.4597,3.9593,23.5491,14.2028,14.9306,14.4037
6687,-64.5596,-10.8221,0.6948,0.7,0.3972,3.9694,23.5491,14.2056,14.9306,14.4037
6688,-63.1659,-10.5908,0.6948,0.7,0.2514,3.9454,23.55,14.2111,14.9306,14.4111
6689,-63.17,-10.5314,0.6949,0.7,0.5319,4.025,23.55,14.212,14.9315,14.4111
6690,-61.81,-10.3583,0.695,0.7,1.0986,4.0009,23.5509,14.2148,14.9315,14.413
6691,-61.2969,-10.2923,0.6951,0.7,1.8667,4.0435,23.5509,14.2148,14.9315,14.4139
6692,-61.0879,-10.0811,0.6952,0.7,3.1486,4.0083,23.5519,14.2157,14.9315,14.4157
6693,-57.5669,-10.1991,0.695,0.7,3.4292,3.9954,23.5528,14.2185,14.9324,14.4185
6694,-55.0671,-10.4588,0.6948,0.7,3.1472,3.9944,23.5528,14.2213,14.9324,14.4176
6695,-53.874,-10.9716,0.6944,0.7,2.2028,4.0343,23.5537,14.2259,14.9324,14.4222
6696,-54.0425,-11.2614,0.6941,0.7,1.7417,3.9907,23.5537,14.2259,14.9324,14.4231
6697,-54.5198,-11.4284,0.694,0.7,1.5181,4.0407,23.5546,14.2306,14.9333,14.4269
6698,-54.9119,-11.4434,0.694,0.7,1.4125,4.0491,23.5546,14.2315,14.9333,14.4269
6699,-56.0954,-11.5871,0.6939,0.7,1.2083,3.937,23.5556,14.2343,14.9333,14.4287
6700,-56.5586,-11.722,0.6939,0.7,0.8403,3.9981,23.5565,14.237,14.9343,14.4333
6701,-57.4615,-11.8942,0.6938,0.7,0.7736,3.9722,23.5565,14.238,14.9343,14.4333
6702,-57.3722,-11.8905,0.694,0.7,0.6806,3.9843,23.5574,14.2398,14.9343,14.438
6703,-58.4913,-11.9462,0.694,0.7,0.6569,4.0065,23.5574,14.2417,14.9343,14.4398
6704,-59.7576,-12.0874,0.6941,0.7,0.4264,4.0222,23.5583,14.2435,14.9352,14.4417
6705,-60.1466,-12.2033,0.6941,0.7,0.2333,3.9528,23.5583,14.2435,14.9352,14.4426
6706,-61.0515,-12.2383,0.6943,0.7,0.225,4.0194,23.5593,14.2444,14.9352,14.4435
6707,-61.5084,-12.2785,0.6943,0.7,0.1681,3.9843,23.5593,14.2444,14.9361,14.4435
6708,-62.2643,-12.2661,0.6944,0.7,0.1361,4.0343,23.5602,14.2454,14.9361,14.4463
6709,-62.7632,-12.2775,0.6945,0.7,0.0472,4.0083,23.5602,14.2454,14.9361,14.4472
6710,-62.8319,-12.295,0.6945,0.7,0.0889,4.0102,23.5611,14.2481,14.9361,14.4491
6711,-63.3202,-12.2711,0.6946,0.7,0.0625,4.0019,23.5611,14.2472,14.937,14.4481
6712,-63.6254,-12.2048,0.6947,0.7,0.0569,3.9889,23.562,14.2491,14.937,14.4481
6713,-63.7717,-12.1423,0.6948,0.7,0.1097,3.975,23.563,14.2472,14.937,14.4472
6714,-64.2523,-12.0773,0.695,0.7,0.1236,4.0296,23.563,14.2491,14.937,14.4509
6715,-64.7174,-11.9786,0.6951,0.7,0.1083,3.9889,23.5639,14.2491,14.938,14.4565
6716,-65.0348,-11.8462,0.6952,0.7,0.1222,3.9954,23.5639,14.2519,14.938,14.4574
6717,-65.3392,-11.7052,0.6953,0.7,0.1153,4.0074,23.5648,14.2537,14.938,14.4593
6718,-65.2209,-11.6014,0.6953,0.7,0.2458,4.0074,23.5648,14.2556,14.938,14.4611
6719,-65.0843,-11.532,0.6954,0.7,0.1833,4.0917,23.5657,14.2574,14.9389,14.462
6720,-65.3455,-11.3711,0.6955,0.7,0.3583,3.9741,23.5657,14.2602,14.9389,14.463
6721,-65.1121,-11.2484,0.6956,0.7,0.275,4.0259,23.5667,14.2602,14.9389,14.462
6722,-65.0569,-11.2073,0.6958,0.7,0.4764,4.0389,23.5667,14.2593,14.9389,14.4611
6723,-64.5618,-11.0235,0.6959,0.7,0.4139,3.9407,23.5676,14.2583,14.9398,14.463
6724,-63.8541,-10.8347,0.6961,0.7,0.6125,4.013,23.5676,14.2593,14.9398,14.4611
6725,-63.589,-10.637,0.6962,0.7,0.3889,3.9639,23.5676,14.2657,14.9398,14.4657
6726,-62.5516,-10.4872,0.6963,0.7,0.6819,3.9296,23.5685,14.2639,14.9398,14.4639
6727,-61.99,-10.2395,0.6964,0.7,1.9042,4.0,23.5685,14.2685,14.9398,14.4694
6728,-59.9005,-10.0669,0.6964,0.7,3.4806,3.9648,23.5694,14.2713,14.9407,14.4676
6729,-57.6185,-10.1895,0.6962,0.7,3.4056,3.962,23.5694,14.2713,14.9407,14.4667
6730,-55.3025,-10.5861,0.6959,0.7,2.9847,4.013,23.5704,14.2722,14.9407,14.4685
6731,-53.3008,-11.2075,0.6955,0.7,1.7347,4.0009,23.5704,14.2713,14.9407,14.4685
6732,-55.6503,-11.4913,0.6953,0.7,1.2417,3.9824,23.5704,14.2713,14.9417,14.4694
6733,-56.3365,-11.7154,0.6952,0.7,0.7722,4.0102,23.5713,14.275,14.9417,14.4722
6734,-58.8182,-11.9698,0.6952,0.7,0.5403,3.9676,23.5713,14.2769,14.9417,14.4741
6735,-59.5207,-12.1346,0.6952,0.7,0.3639,4.0222,23.5722,14.2796,14.9417,14.4769
6736,-59.8396,-12.1501,0.6953,0.7,0.2611,4.025,23.5722,14.2796,14.9417,14.4769
6737,-60.3078,-12.2235,0.6953,0.7,0.1764,3.9759,23.5731,14.2843,14.9426,14.4806
6738,-61.1102,-12.2654,0.6954,0.7,0.1375,4.0472,23.5731,14.2852,14.9426,14.4815
6739,-62.2797,-12.3046,0.6955,0.7,0.0792,4.0074,23.5731,14.2843,14.9426,14.4824
6740,-62.741,-12.288,0.6956,0.7,0.0403,4.0194,23.5741,14.287,14.9426,14.4824
6741,-63.3936,-12.2596,0.6956,0.7,0.0347,4.0204,23.5741,14.2889,14.9426,14.4833
6742,-63.6233,-12.2259,0.6957,0.7,0.0083,3.9963,23.575,14.2898,14.9435,14.4852
6743,-63.9117,-12.1593,0.6957,0.7,0.0347,4.0139,23.575,14.2917,14.9435,14.4889
6744,-64.2664,-12.1203,0.6958,0.7,0.0792,4.0259,23.5759,14.2944,14.9435,14.4898
6745,-64.7011,-12.0415,0.6958,0.7,0.1389,3.9676,23.5759,14.2972,14.9435,14.4917
6746,-64.6908,-12.0247,0.6958,0.7,0.0958,4.0593,23.5759,14.3,14.9435,14.4944
6747,-65.101,-11.9035,0.6959,0.7,0.1208,4.0102,23.5769,14.2981,14.9444,14.4926
6748,-64.9475,-11.8767,0.6959,0.7,0.1,3.9926,23.5769,14.2991,14.9444,14.4935
6749,-64.9846,-11.7721,0.6959,0.7,0.1542,3.9889,23.5778,14.3046,14.9444,14.4972
6750,-65.1144,-11.6135,0.696,0.7,0.1458,3.9843,23.5778,14.3065,14.9444,14.4981
6751,-65.6365,-11.5372,0.6961,0.7,0.1819,4.0074,23.5787,14.3056,14.9454,14.4981
6752,-65.2298,-11.3268,0.6962,0.7,0.3194,3.988,23.5787,14.3046,14.9454,14.4972
6753,-65.3929,-11.2405,0.6963,0.7,0.3472,4.0019,23.5787,14.3065,14.9454,14.4963
6754,-65.1302,-11.0748,0.6964,0.7,0.3958,3.9824,23.5796,14.3056,14.9454,14.4935
6755,-64.7276,-10.9594,0.6965,0.7,0.4625,4.0667,23.5796,14.3093,14.9454,14.4954
6756,-64.4976,-10.9086,0.6966,0.7,0.6458,3.9852,23.5806,14.3093,14.9463,14.4954
6757,-63.9389,-10.6497,0.6967,0.7,0.4403,4.05,23.5806,14.3083,14.9463,14.4963
6758,-62.7364,-10.4257,0.6968,0.7,0.5847,4.0713,23.5806,14.3111,14.9463,14.4954
6759,-62.014,-10.2849,0.6968,0.7,1.0389,4.0444,23.5815,14.312,14.9463,14.4972
6760,-61.1896,-10.1396,0.6969,0.7,2.7583,4.0315,23.5815,14.3139,14.9463,14.4972
6761,-59.6016,-10.1037,0.6969,0.7,3.5653,4.038,23.5824,14.313,14.9472,14.4972
6762,-56.3257,-10.3744,0.6967,0.7,3.0611,4.0306,23.5824,14.313,14.9472,14.4991
6763,-54.3325,-10.7347,0.6965,0.7,2.6903,3.9093,23.5824,14.3157,14.9472,14.5028
6764,-54.3014,-10.9125,0.6963,0.7,2.2208,3.9759,23.5833,14.3157,14.9472,14.5037
6765,-54.3839,-11.4197,0.696,0.7,1.3097,4.0074,23.5833,14.3139,14.9472,14.5019
6766,-55.7277,-11.6152,0.696,0.7,1.0236,3.9991,23.5833,14.3157,14.9472,14.5009
6767,-55.843,-11.8628,0.6959,0.7,0.6472,4.0046,23.5843,14.3139,14.9481,14.5
6768,-57.3049,-11.9534,0.6958,0.7,0.6667,3.9926,23.5843,14.3148,14.9481,14.5019
6769,-58.6108,-12.0301,0.6958,0.7,0.5569,3.9694,23.5852,14.3157,14.9481,14.5009
6770,-59.2189,-12.1063,0.6958,0.7,0.3958,4.0519,23.5852,14.3167,14.9481,14.5009
6771,-59.7921,-12.1698,0.6959,0.7,0.2653,3.9944,23.5852,14.3194,14.9481,14.5028
6772,-60.4333,-12.2159,0.6958,0.7,0.2278,3.9963,23.5861,14.3185,14.9491,14.5046
6773,-61.1081,-12.2075,0.6959,0.7,0.2083,4.0139,23.5861,14.3139,14.9491,14.5
6774,-61.5187,-12.2617,0.6958,0.7,0.1694,4.0194,23.5861,14.3139,14.9491,14.5009
6775,-61.8168,-12.2615,0.6959,0.7,0.1583,3.9389,23.587,14.3139,14.9491,14.5028
6776,-62.1753,-12.2631,0.6959,0.7,0.1194,4.0611,23.587,14.3139,14.9491,14.5028
6777,-62.2979,-12.2922,0.696,0.7,0.0931,4.0398,23.588,14.313,14.9491,14.5
6778,-62.7991,-12.2626,0.6961,0.7,0.0667,4.0454,23.588,14.3139,14.95,14.5009
6779,-63.49,-12.2349,0.6962,0.7,0.0833,4.0417,23.588,14.3176,14.95,14.5046
6780,-63.7162,-12.1917,0.6963,0.7,0.0153,4.0278,23.5889,14.3176,14.95,14.5028
6781,-63.926,-12.1498,0.6964,0.7,0.0694,3.9602,23.5889,14.3167,14.95,14.5028
6782,-64.0728,-12.0744,0.6966,0.7,0.1069,4.0111,23.5889,14.3176,14.95,14.5009
6783,-64.3699,-12.0186,0.6966,0.7,0.0861,4.0454,23.5898,14.3204,14.9509,14.5009
6784,-64.7073,-11.8552,0.6969,0.7,0.0694,3.9954,23.5898,14.3231,14.9509,14.5056
6785,-65.0439,-11.851,0.697,0.7,0.1208,4.0019,23.5898,14.3241,14.9509,14.5037
6786,-64.7534,-11.7208,0.6972,0.7,0.1917,3.9898,23.5907,14.3241,14.9509,14.5046
6787,-64.9433,-11.6364,0.6973,0.7,0.2042,3.9963,23.5907,14.3213,14.9509,14.5028
6788,-65.279,-11.4627,0.6975,0.7,0.2111,4.0231,23.5907,14.3213,14.9509,14.5019
6789,-65.3135,-11.3116,0.6977,0.7,0.4181,3.9426,23.5917,14.3231,14.9509,14.5028
6790,-65.4568,-11.2026,0.6978,0.7,0.4472,3.938,23.5917,14.325,14.9519,14.5065
6791,-65.29,-11.0164,0.6979,0.7,0.3139,4.0481,23.5917,14.3222,14.9519,14.5046
6792,-64.5142,-10.7942,0.6979,0.7,0.4944,4.0093,23.5917,14.3231,14.9519,14.5074
6793,-63.9698,-10.6012,0.6979,0.7,0.4583,3.9898,23.5926,14.325,14.9519,14.5102
6794,-62.8561,-10.5221,0.6979,0.7,0.4931,4.0139,23.5926,14.3259,14.9519,14.5102
6795,-62.2766,-10.3345,0.698,0.7,1.3639,4.0009,23.5926,14.3287,14.9519,14.513
6796,-61.3701,-10.1703,0.698,0.7,2.6264,4.0324,23.5935,14.325,14.9519,14.512
6797,-58.9531,-10.1022,0.6979,0.7,3.6792,4.013,23.5935,14.325,14.9528,14.5157
6798,-57.9881,-10.187,0.6978,0.7,3.5083,4.0213,23.5935,14.3259,14.9528,14.5167
6799,-57.2665,-10.3716,0.6976,0.7,3.0944,4.0352,23.5935,14.3269,14.9528,14.5148
6800,-55.0318,-10.4982,0.6975,0.7,3.2611,3.9954,23.5944,14.3287,14.9528,14.5148
6801,-55.0622,-10.7158,0.6974,0.7,2.3986,4.0009,23.5944,14.3306,14.9528,14.5148
6802,-55.484,-10.9578,0.6974,0.7,2.0111,3.9954,23.5944,14.3315,14.9528,14.5157
6803,-55.1091,-11.3862,0.6973,0.7,1.4097,4.0231,23.5944,14.3324,14.9528,14.5157
6804,-55.84,-11.5534,0.6973,0.7,1.2681,4.0083,23.5954,14.3324,14.9528,14.5139
6805,-56.8499,-11.7677,0.6972,0.7,0.7181,4.0407,23.5954,14.3343,14.9537,14.5157
6806,-57.8581,-11.8613,0.6973,0.7,0.6069,3.9694,23.5954,14.3343,14.9537,14.5157
6807,-58.7428,-11.9385,0.6975,0.7,0.4903,4.0028,23.5954,14.3361,14.9537,14.5157
6808,-59.5986,-12.0794,0.6976,0.7,0.4042,3.9889,23.5963,14.3361,14.9537,14.513
6809,-60.1774,-12.0672,0.6978,0.7,0.3861,4.0102,23.5963,14.3333,14.9537,14.513
6810,-60.8802,-12.1895,0.6979,0.7,0.1861,4.0083,23.5963,14.3315,14.9537,14.512
6811,-61.7462,-12.2821,0.6979,0.7,0.1278,4.0028,23.5963,14.3278,14.9537,14.5083
6812,-62.5877,-12.2799,0.698,0.7,0.1653,3.9556,23.5963,14.3269,14.9537,14.5083
6813,-62.9036,-12.2794,0.6981,0.7,0.0653,4.0019,23.5963,14.3241,14.9537,14.5046
6814,-63.7469,-12.2312,0.6982,0.7,0.0444,4.0074,23.5972,14.3278,14.9537,14.5074
6815,-63.9099,-12.1782,0.6982,0.7,0.0528,3.9657,23.5972,14.3287,14.9546,14.5074
6816,-64.1783,-12.0792,0.6982,0.7,0.0861,4.0296,23.5972,14.3296,14.9546,14.5093
6817,-64.7141,-12.0816,0.6983,0.7,0.0861,4.0241,23.5972,14.3315,14.9546,14.5093
6818,-64.8267,-11.9974,0.6983,0.7,0.0708,4.025,23.5972,14.3333,14.9546,14.5093
6819,-64.9005,-11.8714,0.6983,0.7,0.1028,3.9741,23.5981,14.3324,14.9546,14.5083
6820,-65.0436,-11.7643,0.6984,0.7,0.175,3.9722,23.5981,14.3343,14.9546,14.5093
6821,-65.2829,-11.6483,0.6984,0.7,0.2486,3.9787,23.5981,14.3324,14.9546,14.5093
6822,-65.2964,-11.5977,0.6984,0.7,0.1014,3.9787,23.5981,14.3333,14.9546,14.5102
6823,-65.6337,-11.366,0.6985,0.7,0.3306,3.9426,23.5981,14.3324,14.9546,14.5111
6824,-65.362,-11.2737,0.6984,0.7,0.3264,4.0528,23.5981,14.3315,14.9546,14.5093
6825,-65.0076,-11.1527,0.6984,0.7,0.3681,4.0407,23.5991,14.3324,14.9546,14.5102
6826,-65.2692,-11.0159,0.6984,0.7,0.3861,3.9972,23.5991,14.3324,14.9556,14.5074
6827,-64.68,-10.9401,0.6984,0.7,0.4569,4.0231,23.5991,14.3333,14.9556,14.5093
6828,-64.4816,-10.8163,0.6984,0.7,0.5333,4.0481,23.5991,14.3333,14.9556,14.5093
6829,-64.3594,-10.6507,0.6985,0.7,0.4583,4.0139,23.6,14.3333,14.9556,14.5093
6830,-63.2579,-10.5867,0.6985,0.7,0.4528,4.0315,23.6,14.3352,14.9556,14.5139
6831,-62.8367,-10.3907,0.6986,0.7,0.7444,4.0426,23.6,14.3343,14.9556,14.513
6832,-62.1694,-10.2696,0.6986,0.7,1.2167,4.0065,23.6,14.3352,14.9556,14.5139
6833,-61.1662,-10.1441,0.6985,0.7,2.5014,4.0306,23.6,14.338,14.9556,14.513
6834,-59.9998,-10.0605,0.6985,0.7,3.4736,4.0269,23.6009,14.3343,14.9556,14.5139
6835,-59.8668,-10.0924,0.6985,0.7,3.0653,3.962,23.6009,14.3333,14.9556,14.513
6836,-59.345,-10.1827,0.6985,0.7,3.1694,4.0065,23.6009,14.3324,14.9565,14.513
6837,-56.6114,-10.3405,0.6984,0.7,3.1819,3.9778,23.6009,14.3343,14.9565,14.5148
6838,-55.1848,-10.5973,0.6982,0.7,2.6278,4.038,23.6009,14.3352,14.9565,14.5157
6839,-54.6177,-10.8491,0.6981,0.7,2.1917,3.9676,23.6019,14.3361,14.9565,14.5167
6840,-55.1554,-11.2243,0.6979,0.7,1.7306,3.9944,23.6019,14.3361,14.9565,14.5148
6841,-56.0097,-11.5522,0.6978,0.7,1.1931,4.0324,23.6019,14.3343,14.9565,14.513
6842,-56.6058,-11.7598,0.6978,0.7,0.9264,3.9713,23.6019,14.3315,14.9565,14.513
6843,-57.7383,-11.9837,0.6977,0.7,0.4611,4.0843,23.6019,14.3296,14.9565,14.5102
6844,-58.7891,-12.0437,0.6977,0.7,0.4333,3.9935,23.6028,14.3269,14.9565,14.512
6845,-59.66,-12.1559,0.6977,0.7,0.2347,3.9972,23.6028,14.3241,14.9565,14.5083
6846,-60.5652,-12.1894,0.6977,0.7,0.1667,3.9991,23.6028,14.3231,14.9565,14.5074
6847,-61.3289,-12.2252,0.6978,0.7,0.1833,3.9907,23.6028,14.3204,14.9574,14.5037
6848,-62.0169,-12.2901,0.6979,0.7,0.0944,3.988,23.6028,14.3213,14.9574,14.5074
6849,-61.8923,-12.263,0.6979,0.7,0.1278,3.9954,23.6028,14.325,14.9574,14.5093
6850,-62.4376,-12.1799,0.6981,0.7,0.1597,3.988,23.6037,14.3269,14.9574,14.5111
6851,-62.6635,-12.2038,0.6983,0.7,0.1222,4.0296,23.6037,14.3241,14.9574,14.5111
6852,-63.3228,-12.2134,0.6984,0.7,0.0875,4.038,23.6037,14.3241,14.9574,14.5111
6853,-63.5534,-12.1258,0.6986,0.7,0.0819,4.037,23.6037,14.3231,14.9574,14.5111
6854,-63.8456,-12.0823,0.6987,0.7,0.1014,3.925,23.6037,14.3241,14.9574,14.5139
6855,-64.2418,-12.0106,0.6989,0.7,0.0486,4.0167,23.6037,14.3231,14.9574,14.5148
6856,-64.7002,-11.9258,0.699,0.7,0.1306,4.062,23.6037,14.3231,14.9574,14.5139
6857,-64.9607,-11.7857,0.6991,0.7,0.0819,4.0222,23.6046,14.3185,14.9574,14.5093
6858,-65.0476,-11.6905,0.6992,0.7,0.2583,4.0463,23.6046,14.3204,14.9574,14.5111
6859,-64.9322,-11.6023,0.6992,0.7,0.2319,3.9954,23.6046,14.3194,14.9574,14.5083
6860,-65.1559,-11.548,0.6992,0.7,0.2444,3.9454,23.6046,14.3176,14.9574,14.5056
6861,-65.125,-11.347,0.6994,0.7,0.4278,3.9713,23.6046,14.3185,14.9583,14.5046
6862,-65.2641,-11.2669,0.6996,0.7,0.3319,4.0065,23.6046,14.3204,14.9583,14.5074
6863,-64.9234,-11.0895,0.6996,0.7,0.4236,4.0028,23.6046,14.3185,14.9583,14.5083
6864,-64.2183,-10.8345,0.6997,0.7,0.6069,3.9722,23.6046,14.3176,14.9583,14.5074
6865,-64.1745,-10.7134,0.6997,0.7,0.6375,3.9926,23.6046,14.3213,14.9583,14.5102
6866,-62.7098,-10.5041,0.6998,0.7,0.4819,4.0,23.6046,14.3213,14.9583,14.5083
6867,-62.2246,-10.2982,0.6998,0.7,1.4431,3.9741,23.6056,14.3185,14.9583,14.5065
6868,-61.2915,-10.2064,0.6998,0.7,2.4653,4.0148,23.6056,14.3176,14.9583,14.5037
6869,-60.3512,-10.175,0.6998,0.7,3.1153,3.9537,23.6056,14.3176,14.9583,14.5028
6870,-56.7794,-10.2503,0.6996,0.7,3.7306,4.05,23.6056,14.3157,14.9583,14.5009
6871,-54.2299,-10.5682,0.6994,0.7,2.7736,3.9944,23.6056,14.3139,14.9583,14.5019
6872,-53.9631,-11.0963,0.699,0.7,2.2028,3.9657,23.6056,14.3139,14.9583,14.5028
6873,-55.2565,-11.492,0.6988,0.7,1.2306,4.025,23.6056,14.3139,14.9583,14.5056
6874,-56.0738,-11.6013,0.6989,0.7,0.9833,4.0324,23.6056,14.313,14.9583,14.5046
6875,-57.0302,-11.8769,0.6988,0.7,0.6444,3.9833,23.6056,14.3093,14.9583,14.5037
6876,-58.72,-12.026,0.6987,0.7,0.5486,3.962,23.6056,14.3083,14.9583,14.5056
6877,-59.2651,-12.095,0.6987,0.7,0.3944,4.0352,23.6056,14.3102,14.9583,14.5065
6878,-60.0598,-12.1422,0.6987,0.7,0.2528,3.987,23.6056,14.3083,14.9583,14.5046
6879,-60.4551,-12.2369,0.6988,0.7,0.1917,4.0231,23.6065,14.3093,14.9583,14.5056
6880,-61.3288,-12.246,0.6989,0.7,0.1486,4.0102,23.6065,14.3065,14.9583,14.5046
6881,-62.0828,-12.2445,0.699,0.7,0.1181,4.0074,23.6065,14.3028,14.9583,14.5056
6882,-62.5407,-12.2829,0.6991,0.7,0.1056,4.0667,23.6065,14.3019,14.9583,14.5037
6883,-63.0538,-12.23,0.6991,0.7,0.0903,4.0259,23.6065,14.3037,14.9583,14.5046
6884,-63.2946,-12.2271,0.6992,0.7,0.1375,3.8972,23.6065,14.3028,14.9583,14.5074
6885,-63.4114,-12.1493,0.6993,0.7,0.1444,3.9917,23.6065,14.3019,14.9583,14.5056
6886,-63.9373,-12.1614,0.6994,0.7,0.0653,4.0037,23.6065,14.2991,14.9583,14.5019
6887,-64.1197,-12.1586,0.6994,0.7,0.0583,3.9852,23.6065,14.2981,14.9593,14.5028
6888,-64.3155,-12.0345,0.6995,0.7,0.0764,4.0583,23.6065,14.2991,14.9593,14.5056
6889,-64.7325,-12.0165,0.6995,0.7,0.0972,4.037,23.6065,14.2981,14.9593,14.5056
6890,-65.0764,-11.9034,0.6995,0.7,0.1208,4.0176,23.6065,14.2954,14.9593,14.5028
6891,-64.8822,-11.8257,0.6995,0.7,0.1556,3.9778,23.6065,14.2954,14.9593,14.5046
6892,-64.9926,-11.7558,0.6995,0.7,0.175,3.9185,23.6065,14.2972,14.9593,14.5083
6893,-65.0283,-11.7456,0.6996,0.7,0.1264,4.0565,23.6065,14.2935,14.9593,14.5065
6894,-64.6498,-11.6656,0.6996,0.7,0.2486,3.9667,23.6074,14.2954,14.9593,14.5065
6895,-65.03,-11.6278,0.6997,0.7,0.2125,3.9694,23.6074,14.2954,14.9593,14.5065
6896,-64.9453,-11.6029,0.6998,0.7,0.1875,3.9917,23.6074,14.2963,14.9593,14.5074
6897,-65.1296,-11.604,0.6998,0.7,0.1611,4.0417,23.6074,14.2963,14.9593,14.5074
6898,-65.198,-11.5955,0.6998,0.7,0.1819,3.9944,23.6074,14.2954,14.9593,14.5111
6899,-65.0266,-11.5842,0.7,0.7,0.3264,3.9491,23.6074,14.2954,14.9593,14.512
6900,-64.6381,-11.6387,0.7001,0.7,0.2792,3.9889,23.6074,14.2935,14.9593,14.512
6901,-65.0616,-11.601,0.7004,0.7,0.2569,4.0028,23.6074,14.2926,14.9593,14.5093
6902,-64.8922,-11.6203,0.7005,0.7,0.1375,4.0204,23.6074,14.2907,14.9593,14.5083
6903,-65.0305,-11.562,0.7006,0.7,0.275,3.9769,23.6074,14.2907,14.9593,14.5111
6904,-64.8559,-11.5727,0.7007,0.7,0.1931,3.9926,23.6074,14.2889,14.9593,14.5102
6905,-65.0118,-11.5456,0.7008,0.7,0.2917,3.9704,23.6074,14.288,14.9593,14.5093
6906,-65.1313,-11.4424,0.701,0.7,0.2042,4.0056,23.6074,14.287,14.9593,14.5065
6907,-65.0117,-11.4265,0.7012,0.7,0.3514,4.038,23.6074,14.2852,14.9593,14.5046
6908,-64.809,-11.377,0.7014,0.7,0.3139,3.9796,23.6074,14.2861,14.9593,14.5056
6909,-64.8526,-11.2943,0.7015,0.7,0.3931,3.9815,23.6074,14.2852,14.9593,14.5046
6910,-65.0115,-11.2904,0.7017,0.7,0.2861,3.9824,23.6065,14.2824,14.9593,14.5037
6911,-64.4587,-11.1488,0.7019,0.7,0.5375,4.0241,23.6065,14.2796,14.9593,14.5009
6912,-64.7713,-11.0622,0.702,0.7,0.4292,3.9472,23.6065,14.2778,14.9593,14.5
6913,-64.7695,-10.8982,0.7022,0.7,0.5139,4.0102,23.6065,14.2778,14.9583,14.4981
6914,-64.014,-10.8115,0.7023,0.7,0.4278,3.987,23.6065,14.2769,14.9583,14.4963
6915,-63.803,-10.6859,0.7023,0.7,0.5319,3.9537,23.6065,14.2731,14.9583,14.4935
6916,-63.3703,-10.6175,0.7024,0.7,0.4931,3.9843,23.6065,14.2676,14.9583,14.487
6917,-63.7104,-10.649,0.7026,0.7,0.6597,3.9954,23.6056,14.263,14.9583,14.4833
6918,-63.0524,-10.5903,0.7027,0.7,0.7389,3.9704,23.6056,14.2583,14.9583,14.4806
6919,-62.6071,-10.4719,0.7027,0.7,1.1,4.0306,23.6056,14.2574,14.9583,14.4796
6920,-62.0039,-10.3832,0.7027,0.7,1.5111,4.0056,23.6056,14.2565,14.9583,14.4806
6921,-61.93,-10.3566,0.7028,0.7,1.775,4.0111,23.6056,14.2528,14.9583,14.4769
6922,-61.2871,-10.3034,0.7028,0.7,2.2125,4.0611,23.6046,14.2519,14.9583,14.4778
6923,-59.7666,-10.1549,0.7029,0.7,3.4597,4.0537,23.6046,14.2481,14.9574,14.4741
6924,-57.3323,-10.2693,0.7027,0.7,3.1792,3.9694,23.6046,14.2463,14.9574,14.4722
6925,-58.6031,-10.3015,0.7028,0.7,3.0639,3.975,23.6046,14.2435,14.9574,14.4694
6926,-58.3464,-10.3174,0.703,0.7,3.125,4.0435,23.6037,14.2398,14.9574,14.4676
6927,-57.1417,-10.3961,0.7031,0.7,2.9958,3.9704,23.6037,14.2417,14.9574,14.4657
6928,-55.1817,-10.7374,0.703,0.7,2.4792,4.0056,23.6037,14.2407,14.9574,14.4648
6929,-55.356,-10.8873,0.7029,0.7,2.1389,4.0509,23.6037,14.2389,14.9574,14.4639
6930,-55.9565,-10.9118,0.7031,0.7,1.9292,3.9806,23.6028,14.2398,14.9574,14.463
6931,-55.0206,-10.9652,0.7031,0.7,1.9167,3.9963,23.6028,14.2398,14.9565,14.4593
6932,-55.1484,-11.0035,0.7031,0.7,2.0625,4.0093,23.6028,14.238,14.9565,14.4574
6933,-55.9192,-10.8693,0.7033,0.7,2.15,4.0269,23.6019,14.237,14.9565,14.4556
6934,-54.7352,-10.8667,0.7034,0.7,2.25,4.0269,23.6019,14.2343,14.9565,14.4528
6935,-55.8004,-10.9419,0.7035,0.7,2.1056,3.9907,23.6019,14.2315,14.9565,14.4491
6936,-54.8528,-10.9596,0.7035,0.7,1.95,4.012,23.6009,14.2296,14.9565,14.4481
6937,-54.8556,-11.0272,0.7035,0.7,1.8222,4.025,23.6009,14.2241,14.9556,14.4417
6938,-55.5119,-11.2017,0.7035,0.7,1.5194,3.988,23.6009,14.2185,14.9556,14.437
6939,-56.3089,-11.3823,0.7035,0.7,1.275,3.9731,23.6,14.2139,14.9556,14.4343
6940,-56.6327,-11.5029,0.7036,0.7,1.0417,4.0037,23.6,14.2139,14.9556,14.4343
6941,-56.7939,-11.6338,0.7035,0.7,1.1403,4.0074,23.6,14.2148,14.9556,14.4352
6942,-56.8357,-11.6177,0.7037,0.7,0.95,3.9639,23.5991,14.2102,14.9546,14.4296
6943,-56.992,-11.6797,0.7037,0.7,0.8319,4.0222,23.5991,14.2065,14.9546,14.425
6944,-57.3173,-11.7687,0.7037,0.7,0.7042,3.95,23.5981,14.2028,14.9546,14.4241
6945,-58.047,-11.9907,0.7036,0.7,0.5694,3.9583,23.5981,14.1991,14.9546,14.4204
6946,-57.749,-11.7875,0.7038,0.7,0.7958,3.9944,23.5981,14.1981,14.9546,14.4167
6947,-57.113,-11.7313,0.704,0.7,0.6639,4.0185,23.5972,14.1935,14.9537,14.4139
6948,-58.0161,-11.8143,0.7041,0.7,0.7306,3.9769,23.5972,14.1917,14.9537,14.413
6949,-58.0334,-11.8626,0.7041,0.7,0.5486,3.9759,23.5963,14.1889,14.9537,14.412
6950,-57.6165,-11.7877,0.7042,0.7,0.8333,4.0315,23.5963,14.187,14.9537,14.4074
6951,-57.8148,-11.8287,0.7041,0.7,0.5417,4.0361,23.5954,14.1852,14.9537,14.4074
6952,-58.2607,-11.8816,0.7041,0.7,0.6097,3.9981,23.5954,14.1833,14.9528,14.4056
6953,-58.8939,-12.0109,0.7041,0.7,0.4917,4.0009,23.5954,14.1787,14.9528,14.4019
6954,-58.9553,-12.0518,0.7041,0.7,0.3931,3.9759,23.5944,14.1787,14.9528,14.4019
6955,-59.0802,-12.0462,0.7041,0.7,0.3431,4.0926,23.5944,14.1769,14.9528,14.3991
6956,-59.5428,-12.1802,0.7041,0.7,0.2222,3.95,23.5935,14.175,14.9519,14.3972
6957,-60.2262,-12.1511,0.7042,0.7,0.2722,3.9769,23.5935,14.1731,14.9519,14.3935
6958,-60.5064,-12.1425,0.7043,0.7,0.2056,4.0537,23.5926,14.1713,14.9519,14.3926
6959,-60.6405,-12.1708,0.7044,0.7,0.2167,4.0426,23.5926,14.1657,14.9519,14.3852
6960,-61.1252,-12.1489,0.7045,0.7,0.2153,4.0694,23.5917,14.1602,14.9509,14.3833
6961,-60.8741,-12.1164,0.7047,0.7,0.1917,4.013,23.5917,14.1574,14.9509,14.3833
6962,-61.3058,-12.1477,0.7048,0.7,0.1861,4.0083,23.5907,14.1565,14.9509,14.3806
6963,-61.6438,-12.1234,0.7049,0.7,0.2583,4.0389,23.5907,14.15,14.9509,14.3769
6964,-61.5582,-12.2046,0.705,0.7,0.1681,4.0454,23.5898,14.1472,14.95,14.3704
6965,-61.8521,-12.2012,0.705,0.7,0.1458,3.9593,23.5898,14.1454,14.95,14.3667
6966,-62.2472,-12.2607,0.705,0.7,0.1222,4.0111,23.5889,14.1435,14.95,14.3648
6967,-62.0431,-12.2427,0.705,0.7,0.1333,3.9944,23.5889,14.1389,14.95,14.362
6968,-62.3271,-12.2271,0.7051,0.7,0.0694,3.975,23.588,14.138,14.9491,14.3611
6969,-62.2474,-12.2093,0.7051,0.7,0.125,4.0065,23.588,14.137,14.9491,14.3611
6970,-62.3272,-12.224,0.705,0.7,0.1153,3.988,23.587,14.1352,14.9491,14.3565
6971,-62.9504,-12.2021,0.7051,0.7,0.0972,3.9981,23.587,14.1315,14.9491,14.3537
6972,-63.3253,-12.2174,0.705,0.7,0.1556,3.9648,23.5861,14.125,14.9481,14.3519
6973,-63.7875,-12.1701,0.705,0.7,0.1028,4.0463,23.5861,14.1204,14.9481,14.35
6974,-63.7397,-12.1567,0.7049,0.7,0.0764,3.962,23.5852,14.1194,14.9481,14.35
6975,-63.8707,-12.1059,0.7049,0.7,0.1042,4.0148,23.5852,14.1157,14.9481,14.3463
6976,-63.9805,-12.1053,0.7048,0.7,0.0875,4.0139,23.5843,14.1139,14.9472,14.3454
6977,-63.8135,-12.1167,0.7048,0.7,0.0972,3.9593,23.5843,14.1139,14.9472,14.3444
6978,-63.9537,-12.088,0.7047,0.7,0.1111,3.9583,23.5833,14.1139,14.9472,14.3435
6979,-64.1583,-12.09,0.7047,0.7,0.1125,3.9861,23.5833,14.1102,14.9472,14.3417
6980,-63.7406,-12.1088,0.7047,0.7,0.1458,3.9463,23.5824,14.1093,14.9463,14.3417
6981,-63.6483,-12.1002,0.7047,0.7,0.1597,4.0083,23.5824,14.1056,14.9463,14.3352
6982,-64.1715,-12.042,0.7049,0.7,0.0917,3.9907,23.5815,14.1083,14.9463,14.337
6983,-64.2946,-11.9962,0.7049,0.7,0.1194,3.9806,23.5815,14.1056,14.9463,14.3333
6984,-64.6392,-11.8773,0.705,0.7,0.1181,4.0287,23.5806,14.1037,14.9454,14.3343
6985,-64.7554,-11.8327,0.705,0.7,0.1764,4.0037,23.5806,14.1019,14.9454,14.3324
6986,-64.9367,-11.7552,0.7051,0.7,0.2069,4.037,23.5796,14.1009,14.9454,14.3306
6987,-65.0195,-11.6736,0.7051,0.7,0.2153,3.9833,23.5796,14.1,14.9454,14.3278
6988,-65.2053,-11.5399,0.7052,0.7,0.2597,4.0083,23.5787,14.1,14.9444,14.3259
6989,-65.1132,-11.4826,0.7053,0.7,0.3639,3.9963,23.5787,14.0981,14.9444,14.3231
6990,-64.8846,-11.3716,0.7053,0.7,0.3653,4.0269,23.5787,14.0981,14.9444,14.3213
6991,-65.2006,-11.1963,0.7053,0.7,0.2472,3.9667,23.5778,14.0972,14.9444,14.3176
6992,-64.8024,-11.1109,0.7053,0.7,0.4667,4.0139,23.5778,14.0981,14.9435,14.3176
6993,-64.731,-11.0944,0.7053,0.7,0.5486,4.0102,23.5769,14.0935,14.9435,14.313
6994,-64.7793,-11.0009,0.7053,0.7,0.4875,3.975,23.5769,14.0935,14.9435,14.3139
6995,-64.338,-10.8147,0.7054,0.7,0.5972,3.9694,23.5759,14.0917,14.9435,14.3139
6996,-63.8831,-10.7321,0.7054,0.7,0.4819,4.0157,23.5759,14.0907,14.9426,14.3102
6997,-63.5564,-10.6753,0.7054,0.7,0.4681,3.9889,23.575,14.087,14.9426,14.3056
6998,-62.2086,-10.4386,0.7053,0.7,0.9125,3.9824,23.575,14.087,14.9426,14.3037
6999,-61.9997,-10.3612,0.7053,0.7,1.5986,3.9815,23.5741,14.0833,14.9426,14.3019
7000,-60.9726,-10.2265,0.7053,0.7,2.6514,4.0704,23.5741,14.0815,14.9426,14.2991
7001,-59.1371,-10.2279,0.7052,0.7,3.0403,3.9833,23.5731,14.0796,14.9417,14.2972
7002,-57.4966,-10.2842,0.7051,0.7,3.1167,3.9981,23.5731,14.0778,14.9417,14.2991
7003,-56.8487,-10.4009,0.705,0.7,2.8708,3.987,23.5722,14.0759,14.9417,14.2972
7004,-55.9791,-10.6427,0.7047,0.7,2.3917,3.9787,23.5722,14.0759,14.9417,14.2963
7005,-55.4782,-10.7177,0.7047,0.7,2.2972,4.0074,23.5713,14.0778,14.9407,14.2954
7006,-56.2263,-10.6644,0.7047,0.7,2.3111,3.9991,23.5713,14.075,14.9407,14.2935
7007,-54.027,-10.9621,0.7046,0.7,1.8444,3.9843,23.5713,14.0759,14.9407,14.2917
7008,-55.1211,-11.0436,0.7046,0.7,1.7986,4.0083,23.5704,14.0722,14.9407,14.2898
7009,-55.625,-11.0047,0.7047,0.7,1.5361,4.0343,23.5704,14.0713,14.9398,14.2907
7010,-55.6819,-11.2883,0.7045,0.7,1.2417,4.0426,23.5694,14.0704,14.9398,14.288
7011,-55.65,-11.3553,0.7046,0.7,1.2806,3.9926,23.5694,14.0685,14.9398,14.287
7012,-56.4794,-11.2543,0.7048,0.7,1.375,4.0157,23.5685,14.0685,14.9398,14.2843
7013,-56.0389,-11.4368,0.7048,0.7,1.1889,4.0176,23.5685,14.0648,14.9389,14.2806
7014,-56.7437,-11.5453,0.7048,0.7,1.1583,3.9954,23.5676,14.0639,14.9389,14.2806
7015,-56.7276,-11.6949,0.7047,0.7,0.7833,4.0194,23.5676,14.0602,14.9389,14.2778
7016,-57.7015,-11.8736,0.7047,0.7,0.7083,4.0204,23.5667,14.0574,14.9389,14.2759
7017,-58.1975,-11.8294,0.7047,0.7,0.7403,4.0,23.5667,14.0528,14.938,14.2704
7018,-58.343,-11.9379,0.7047,0.7,0.4931,4.0009,23.5657,14.0491,14.938,14.2657
7019,-59.1414,-12.0117,0.7048,0.7,0.3931,3.9713,23.5657,14.0435,14.938,14.2639
7020,-60.374,-12.1277,0.7048,0.7,0.1958,4.0491,23.5648,14.0435,14.938,14.2602
7021,-60.5135,-12.122,0.7048,0.7,0.2306,3.9694,23.5648,14.0444,14.937,14.2574
7022,-60.8826,-12.1534,0.7049,0.7,0.1847,4.0065,23.5639,14.0426,14.937,14.2556
7023,-61.3022,-12.2385,0.7049,0.7,0.0931,4.037,23.5639,14.0398,14.937,14.2546
7024,-61.8678,-12.2819,0.7049,0.7,0.1014,3.9741,23.563,14.0343,14.937,14.25
7025,-62.3148,-12.1529,0.7051,0.7,0.1486,4.0259,23.563,14.0324,14.9361,14.2481
7026,-62.5548,-12.2481,0.7051,0.7,0.1167,3.9944,23.562,14.0315,14.9361,14.2463
7027,-62.9943,-12.2456,0.7051,0.7,0.0944,4.0361,23.562,14.0296,14.9361,14.2417
7028,-62.931,-12.2024,0.7051,0.7,0.1222,3.988,23.5611,14.0296,14.9361,14.2398
7029,-63.2572,-12.2042,0.7051,0.7,0.1056,4.0287,23.5611,14.0287,14.9352,14.238
7030,-63.5171,-12.1236,0.7051,0.7,0.0681,4.012,23.5602,14.0278,14.9352,14.2361
7031,-63.6396,-12.1412,0.7052,0.7,0.1458,4.0278,23.5593,14.0278,14.9352,14.237
7032,-64.2741,-12.1247,0.7051,0.7,0.0931,3.9861,23.5593,14.0278,14.9352,14.237
7033,-64.4366,-12.0576,0.7051,0.7,0.1208,4.0037,23.5583,14.025,14.9343,14.2361
7034,-64.6677,-11.9466,0.705,0.7,0.1014,4.0056,23.5583,14.0259,14.9343,14.2352
7035,-64.431,-11.8962,0.7049,0.7,0.1125,4.0241,23.5574,14.025,14.9343,14.2333
7036,-64.8135,-11.8634,0.7049,0.7,0.1194,3.9926,23.5574,14.025,14.9343,14.2324
7037,-65.3075,-11.718,0.7048,0.7,0.2444,3.9731,23.5574,14.025,14.9333,14.2324
7038,-65.3253,-11.632,0.7047,0.7,0.1986,4.0,23.5565,14.025,14.9333,14.2324
7039,-65.264,-11.4865,0.7047,0.7,0.2597,4.0269,23.5565,14.0231,14.9333,14.2306
7040,-65.4745,-11.2882,0.7046,0.7,0.2917,3.9481,23.5556,14.0204,14.9333,14.2278
7041,-65.2078,-11.1265,0.7044,0.7,0.4292,3.9417,23.5556,14.0167,14.9324,14.2231
7042,-64.5106,-10.9423,0.7044,0.7,0.4944,3.9935,23.5546,14.0167,14.9324,14.225
7043,-64.79,-10.8965,0.7043,0.7,0.4806,4.0157,23.5546,14.0167,14.9324,14.225
7044,-63.9541,-10.7676,0.7043,0.7,0.4681,4.0056,23.5546,14.0176,14.9324,14.225
7045,-63.4577,-10.5406,0.7043,0.7,0.6472,3.9713,23.5537,14.0176,14.9324,14.225
7046,-62.1922,-10.3411,0.7043,0.7,1.6181,3.9796,23.5537,14.0167,14.9315,14.2241
7047,-60.3929,-10.1311,0.7042,0.7,3.3236,4.0204,23.5528,14.0148,14.9315,14.2213
7048,-59.1185,-10.1681,0.704,0.7,3.7417,3.9787,23.5528,14.0102,14.9315,14.2204
7049,-56.2818,-10.4455,0.7038,0.7,2.875,4.0194,23.5528,14.0083,14.9315,14.2213
7050,-53.9457,-10.9394,0.7033,0.7,1.8764,3.9176,23.5519,14.0102,14.9315,14.2204
7051,-55.1677,-11.2037,0.703,0.7,1.5556,3.9907,23.5519,14.0093,14.9315,14.2204
7052,-55.2417,-11.5468,0.7028,0.7,1.1528,4.0056,23.5519,14.0102,14.9306,14.2213
7053,-57.1693,-11.8205,0.7025,0.7,0.7014,4.0435,23.5509,14.0083,14.9306,14.2194
7054,-58.1631,-11.9705,0.7023,0.7,0.6375,4.0074,23.5509,14.0065,14.9306,14.2176
7055,-58.5021,-12.0552,0.7022,0.7,0.375,3.9917,23.5509,14.0019,14.9306,14.2185
7056,-59.5654,-12.1281,0.7021,0.7,0.3597,4.0278,23.5509,14.0028,14.9306,14.2194
7057,-60.3667,-12.186,0.702,0.7,0.2333,4.0194,23.55,14.0028,14.9306,14.2213
7058,-60.9615,-12.2297,0.702,0.7,0.1722,4.038,23.55,14.0019,14.9306,14.2213
7059,-61.511,-12.2179,0.7021,0.7,0.0875,4.0306,23.55,14.0019,14.9296,14.2213
7060,-62.4258,-12.289,0.7021,0.7,0.1319,4.0157,23.55,14.0028,14.9296,14.2194
7061,-62.738,-12.2863,0.7019,0.7,0.0889,3.9852,23.5491,14.0019,14.9296,14.2157
7062,-63.29,-12.2677,0.7019,0.7,0.0792,4.0009,23.5491,14.0,14.9296,14.2139
7063,-63.5851,-12.2361,0.7019,0.7,0.0403,4.0546,23.5491,13.9991,14.9296,14.213
7064,-63.9558,-12.1824,0.7018,0.7,0.0722,4.0296,23.5491,13.9981,14.9296,14.213
7065,-63.8149,-12.1479,0.7018,0.7,0.1111,4.0139,23.5491,13.9954,14.9296,14.2111
7066,-63.9603,-12.0778,0.7018,0.7,0.1181,4.0241,23.5481,13.9954,14.9296,14.2102
7067,-64.3357,-12.0515,0.7019,0.7,0.1375,3.9676,23.5481,13.9935,14.9296,14.2083
7068,-64.5641,-12.0059,0.7019,0.7,0.1069,4.0167,23.5481,13.9926,14.9287,14.2074
7069,-64.6405,-11.9356,0.7018,0.7,0.1125,3.9731,23.5481,13.9926,14.9287,14.2056
7070,-64.8631,-11.8491,0.7018,0.7,0.1431,3.9861,23.5481,13.9917,14.9287,14.2065
7071,-65.1015,-11.7261,0.7019,0.7,0.1972,4.0352,23.5472,13.9926,14.9287,14.2074
7072,-65.2033,-11.5141,0.7019,0.7,0.2389,3.9796,23.5472,13.9917,14.9287,14.2056
7073,-65.3305,-11.3768,0.7018,0.7,0.2708,3.9731,23.5472,13.9935,14.9287,14.2065
7074,-65.4789,-11.2243,0.7017,0.7,0.3292,3.9981,23.5472,13.9926,14.9287,14.2046
7075,-65.0572,-11.0703,0.7017,0.7,0.4264,3.9824,23.5472,13.9935,14.9287,14.2056
7076,-64.6673,-10.9396,0.7016,0.7,0.4,4.0083,23.5472,13.9935,14.9287,14.2056
7077,-64.0157,-10.6705,0.7016,0.7,0.5917,4.0167,23.5472,13.9944,14.9287,14.2065
7078,-62.7617,-10.4768,0.7015,0.7,0.6278,3.9685,23.5472,13.9935,14.9287,14.2065
7079,-61.7833,-10.179,0.7014,0.7,2.2278,3.9676,23.5463,13.9944,14.9287,14.2056
7080,-61.3178,-10.1306,0.7013,0.7,2.5708,3.9778,23.5463,13.9944,14.9287,14.2074
7081,-60.1206,-10.1359,0.7012,0.7,3.1375,3.988,23.5463,13.9935,14.9287,14.2065
7082,-56.5942,-10.2947,0.7009,0.7,3.1306,3.9944,23.5463,13.9926,14.9287,14.2046
7083,-55.0052,-10.5573,0.7005,0.7,2.9556,3.9944,23.5463,13.9907,14.9287,14.2046
7084,-53.7808,-10.8456,0.7002,0.7,2.4597,4.0444,23.5463,13.9907,14.9278,14.2065
7085,-54.668,-11.0273,0.7,0.7,1.8472,3.9528,23.5463,13.9898,14.9278,14.2074
7086,-55.9424,-11.2711,0.6998,0.7,1.4042,4.0204,23.5463,13.9907,14.9278,14.2065
7087,-55.8039,-11.5578,0.6995,0.7,1.0889,3.9778,23.5463,13.9935,14.9278,14.2102
7088,-56.6336,-11.6583,0.6994,0.7,0.8181,4.0185,23.5463,13.9935,14.9278,14.2102
7089,-57.7041,-11.8618,0.6994,0.7,0.6667,3.9556,23.5463,13.9917,14.9278,14.2083
7090,-58.3989,-11.9858,0.6993,0.7,0.4403,4.0639,23.5463,13.9926,14.9278,14.2093
7091,-59.8004,-12.196,0.6992,0.7,0.2903,3.9778,23.5463,13.9926,14.9278,14.2093
7092,-60.8838,-12.2421,0.6992,0.7,0.2528,3.9713,23.5463,13.9963,14.9278,14.2102
7093,-61.104,-12.2489,0.6991,0.7,0.1639,3.9889,23.5463,13.9954,14.9287,14.2111
7094,-61.4961,-12.2316,0.6991,0.7,0.1708,3.9907,23.5463,13.9926,14.9287,14.2093
7095,-62.2026,-12.2774,0.6991,0.7,0.0764,4.0676,23.5463,13.9944,14.9287,14.212
7096,-63.1654,-12.3025,0.6992,0.7,0.0528,3.9546,23.5463,13.9954,14.9287,14.2139
7097,-63.2641,-12.2624,0.699,0.7,0.0736,4.0454,23.5463,13.9944,14.9287,14.2148
7098,-63.499,-12.223,0.6989,0.7,0.0653,4.0593,23.5472,13.9944,14.9287,14.2148
7099,-63.7637,-12.208,0.6988,0.7,0.0333,4.0528,23.5472,13.9963,14.9287,14.2167
7100,-64.3317,-12.1893,0.6988,0.7,0.0778,3.9565,23.5472,13.9963,14.9287,14.2176
7101,-64.2027,-12.1925,0.6986,0.7,0.0528,3.9944,23.5472,13.9963,14.9287,14.2157
7102,-64.3137,-12.1881,0.6985,0.7,0.0389,3.9963,23.5472,13.9972,14.9287,14.2157
7103,-64.4963,-12.11,0.6984,0.7,0.0806,3.9889,23.5472,13.9963,14.9287,14.213
7104,-64.6351,-12.0783,0.6983,0.7,0.0333,4.0139,23.5472,13.9981,14.9287,14.2148
7105,-64.5479,-12.0169,0.6982,0.7,0.1056,4.0343,23.5472,14.0019,14.9287,14.2157
7106,-65.0527,-11.9841,0.6981,0.7,0.05,3.988,23.5481,14.0,14.9287,14.212
7107,-64.794,-11.9562,0.6979,0.7,0.1069,4.0306,23.5481,14.0046,14.9287,14.2176
7108,-65.0871,-11.8722,0.6978,0.7,0.0819,4.0093,23.5481,14.0056,14.9287,14.2185
7109,-65.4136,-11.747,0.6977,0.7,0.1389,4.0074,23.5481,14.0056,14.9287,14.2176
7110,-65.0072,-11.6117,0.6976,0.7,0.1139,3.9824,23.5491,14.0093,14.9296,14.2231
7111,-65.5678,-11.5026,0.6976,0.7,0.1792,4.0065,23.5491,14.0093,14.9296,14.2241
7112,-65.3856,-11.4339,0.6975,0.7,0.1236,3.9815,23.5491,14.0102,14.9296,14.2241
7113,-65.6377,-11.3138,0.6974,0.7,0.2861,4.0148,23.5491,14.012,14.9296,14.225
7114,-65.6003,-11.2029,0.6973,0.7,0.3625,4.0204,23.55,14.012,14.9296,14.2278
7115,-65.0751,-11.0125,0.6973,0.7,0.3917,3.9713,23.55,14.013,14.9296,14.2278
7116,-64.853,-10.869,0.6973,0.7,0.4889,3.9935,23.55,14.0139,14.9296,14.2315
7117,-64.7743,-10.7167,0.6973,0.7,0.5667,4.0074,23.5509,14.0148,14.9306,14.2333
7118,-63.7459,-10.5345,0.6971,0.7,0.4236,3.9444,23.5509,14.0157,14.9306,14.2361
7119,-63.0423,-10.4591,0.697,0.7,0.5694,3.962,23.5509,14.0222,14.9306,14.2417
7120,-62.5948,-10.2786,0.697,0.7,1.1069,3.9713,23.5519,14.0306,14.9306,14.25
7121,-61.3642,-10.113,0.6969,0.7,2.9222,4.0083,23.5519,14.0361,14.9306,14.2556
7122,-60.9078,-10.0508,0.6968,0.7,2.8181,4.0343,23.5519,14.0389,14.9315,14.2583
7123,-59.6109,-10.0305,0.6965,0.7,3.6917,4.0324,23.5528,14.038,14.9315,14.262
7124,-57.2028,-10.1974,0.6962,0.7,3.5028,4.013,23.5528,14.0417,14.9315,14.263
7125,-55.6589,-10.3211,0.696,0.7,3.1514,3.9787,23.5537,14.0426,14.9315,14.2648
7126,-53.9874,-10.6142,0.6957,0.7,3.0861,4.0407,23.5537,14.0472,14.9315,14.2685
7127,-54.091,-10.7675,0.6955,0.7,2.4778,3.9574,23.5537,14.0472,14.9324,14.2694
7128,-54.5236,-10.9443,0.6953,0.7,2.1639,3.9852,23.5546,14.05,14.9324,14.2741
7129,-54.1255,-11.3139,0.6952,0.7,1.6292,3.9954,23.5546,14.0546,14.9324,14.2759
7130,-55.5341,-11.511,0.6951,0.7,1.1569,3.9861,23.5556,14.0574,14.9324,14.2815
7131,-56.6791,-11.5897,0.6951,0.7,1.0583,3.9944,23.5556,14.0602,14.9324,14.2833
7132,-57.5956,-11.7513,0.6951,0.7,0.8875,3.9537,23.5565,14.063,14.9333,14.2852
7133,-58.5746,-12.0073,0.6949,0.7,0.575,4.0083,23.5565,14.0657,14.9333,14.288
7134,-59.3123,-12.1175,0.6949,0.7,0.4153,4.0083,23.5574,14.0676,14.9333,14.288
7135,-59.7405,-12.1936,0.6949,0.7,0.2847,3.9769,23.5574,14.0685,14.9333,14.2898
7136,-60.6797,-12.213,0.695,0.7,0.1861,4.0222,23.5583,14.0722,14.9343,14.2944
7137,-61.1103,-12.2963,0.6949,0.7,0.1486,3.9935,23.5583,14.0713,14.9343,14.2963
7138,-61.718,-12.3039,0.6949,0.7,0.1125,3.9713,23.5583,14.075,14.9343,14.3
7139,-62.2147,-12.2975,0.6949,0.7,0.0569,3.9093,23.5593,14.0769,14.9343,14.3009
7140,-62.393,-12.2888,0.6948,0.7,0.0681,4.025,23.5593,14.0787,14.9343,14.3056
7141,-62.4998,-12.2809,0.6948,0.7,0.0583,3.975,23.5602,14.0824,14.9352,14.3074
7142,-63.2403,-12.2581,0.6949,0.7,0.0444,4.0519,23.5602,14.0833,14.9352,14.3083
7143,-63.2349,-12.219,0.695,0.7,0.0861,3.9843,23.5611,14.0824,14.9352,14.3083
7144,-63.8875,-12.2097,0.695,0.7,0.0486,4.0074,23.5611,14.0861,14.9352,14.3139
7145,-64.314,-12.1017,0.6949,0.7,0.1236,4.0009,23.562,14.0898,14.9361,14.3176
7146,-64.4632,-12.0539,0.6949,0.7,0.0833,3.9843,23.562,14.0907,14.9361,14.3176
7147,-64.8302,-11.9274,0.695,0.7,0.1097,3.987,23.563,14.0907,14.9361,14.3176
7148,-65.0155,-11.8707,0.695,0.7,0.0764,3.9556,23.563,14.0917,14.9361,14.3222
7149,-65.1929,-11.7607,0.695,0.7,0.1319,3.9704,23.5639,14.0917,14.937,14.3231
7150,-65.405,-11.5834,0.695,0.7,0.1944,4.062,23.5639,14.1,14.937,14.3296
7151,-65.5905,-11.5534,0.695,0.7,0.1792,4.0056,23.5648,14.1037,14.937,14.3324
7152,-65.2264,-11.4192,0.6949,0.7,0.2806,3.9796,23.5648,14.1056,14.938,14.3352
7153,-65.2984,-11.3786,0.695,0.7,0.3333,4.0028,23.5657,14.1083,14.938,14.338
7154,-64.9392,-11.1957,0.695,0.7,0.3361,4.0204,23.5667,14.1093,14.938,14.3398
7155,-64.8692,-11.0774,0.6951,0.7,0.5,4.0204,23.5667,14.1102,14.938,14.3407
7156,-64.8291,-10.862,0.6951,0.7,0.4972,4.0287,23.5676,14.1139,14.9389,14.3481
7157,-64.3697,-10.6876,0.6952,0.7,0.5847,4.0269,23.5676,14.1148,14.9389,14.3528
7158,-63.5006,-10.5104,0.6951,0.7,0.4917,4.0093,23.5685,14.1148,14.9389,14.3565
7159,-61.7164,-10.3012,0.6951,0.7,1.6569,4.0028,23.5685,14.1194,14.9389,14.3602
7160,-61.6762,-10.1229,0.6951,0.7,2.9611,4.0056,23.5694,14.1194,14.9398,14.3611
7161,-60.3611,-10.0347,0.6951,0.7,3.3917,4.0259,23.5694,14.1231,14.9398,14.3639
7162,-57.5625,-10.1982,0.6949,0.7,3.4958,4.0083,23.5704,14.1204,14.9398,14.363
7163,-55.1328,-10.4679,0.6947,0.7,3.1597,4.0009,23.5713,14.125,14.9407,14.3657
7164,-54.0364,-10.6629,0.6946,0.7,2.6181,3.9935,23.5713,14.1241,14.9407,14.3667
7165,-54.2455,-10.9511,0.6944,0.7,2.0361,4.0093,23.5722,14.1259,14.9407,14.3685
7166,-54.4122,-11.2559,0.6943,0.7,1.5583,4.0157,23.5722,14.1278,14.9407,14.3713
7167,-55.4354,-11.4662,0.6942,0.7,1.3153,4.0009,23.5731,14.1296,14.9417,14.3741
7168,-56.7771,-11.7089,0.6942,0.7,0.7931,3.9537,23.5731,14.1333,14.9417,14.3778
7169,-58.3482,-11.9812,0.6941,0.7,0.4861,4.05,23.5741,14.1343,14.9417,14.3806
7170,-58.4118,-12.0243,0.6942,0.7,0.4417,4.0111,23.5741,14.137,14.9417,14.3824
7171,-59.5091,-12.1892,0.6942,0.7,0.2694,4.0148,23.575,14.138,14.9426,14.3833
7172,-60.4569,-12.1975,0.6943,0.7,0.2347,3.9972,23.575,14.137,14.9426,14.3824
7173,-61.059,-12.2528,0.6944,0.7,0.1972,4.0306,23.5759,14.1407,14.9426,14.387
7174,-61.694,-12.2759,0.6945,0.7,0.1028,3.9769,23.5759,14.1444,14.9426,14.3917
7175,-62.2526,-12.2875,0.6945,0.7,0.0806,3.9898,23.5769,14.1463,14.9435,14.3907
7176,-62.5633,-12.2749,0.6945,0.7,0.0653,4.0,23.5769,14.1472,14.9435,14.3935
7177,-62.9494,-12.2507,0.6946,0.7,0.1194,4.0083,23.5778,14.1472,14.9435,14.3963
7178,-63.3958,-12.2185,0.6947,0.7,0.0667,3.9806,23.5787,14.1491,14.9435,14.3991
7179,-63.6745,-12.1706,0.6948,0.7,0.0472,4.0111,23.5787,14.1528,14.9444,14.4028
7180,-64.0372,-12.1511,0.6948,0.7,0.0903,4.0083,23.5796,14.1528,14.9444,14.4037
7181,-64.2093,-12.0718,0.6949,0.7,0.1486,3.9481,23.5796,14.1556,14.9444,14.4065
7182,-64.5195,-12.0826,0.695,0.7,0.0847,3.988,23.5806,14.1574,14.9454,14.4083
7183,-64.3935,-12.0196,0.695,0.7,0.1236,3.9685,23.5806,14.1583,14.9454,14.4083
7184,-64.6065,-11.8887,0.6951,0.7,0.1167,3.9972,23.5815,14.1611,14.9454,14.4093
7185,-64.4911,-11.7901,0.6952,0.7,0.175,4.0324,23.5815,14.1639,14.9454,14.412
7186,-65.1631,-11.6881,0.6953,0.7,0.1806,3.9963,23.5824,14.1667,14.9463,14.4185
7187,-65.2831,-11.608,0.6954,0.7,0.2681,4.0157,23.5824,14.1704,14.9463,14.4204
7188,-65.0853,-11.4701,0.6956,0.7,0.3014,4.0426,23.5833,14.175,14.9463,14.4222
7189,-65.0318,-11.2597,0.6956,0.7,0.4208,4.0074,23.5833,14.175,14.9463,14.4222
7190,-64.6121,-11.1105,0.6957,0.7,0.3944,3.9972,23.5843,14.1759,14.9472,14.4241
7191,-64.7612,-10.9428,0.6958,0.7,0.4958,4.0046,23.5843,14.1778,14.9472,14.4259
7192,-64.4205,-10.8178,0.6959,0.7,0.575,4.0231,23.5852,14.1778,14.9472,14.4287
7193,-63.4721,-10.6449,0.6959,0.7,0.4458,4.087,23.5852,14.1796,14.9472,14.4287
7194,-62.7263,-10.5711,0.6959,0.7,0.6528,4.0315,23.5861,14.1824,14.9472,14.4315
7195,-62.6315,-10.4313,0.696,0.7,1.0056,3.9241,23.5861,14.1833,14.9481,14.4352
7196,-61.5581,-10.2667,0.6962,0.7,2.1458,4.0222,23.5861,14.1852,14.9481,14.4361
7197,-60.6865,-10.1637,0.6962,0.7,2.8444,4.0343,23.587,14.187,14.9481,14.437
7198,-57.662,-10.2202,0.6961,0.7,3.475,4.0102,23.587,14.1843,14.9481,14.4343
7199,-57.7919,-10.4098,0.6961,0.7,2.675,4.0065,23.588,14.1843,14.9491,14.4343
7200,-55.4309,-10.5936,0.696,0.7,2.7111,4.0111,23.588,14.1861,14.9491,14.4389
7201,-55.3895,-10.8805,0.6959,0.7,2.0792,4.0083,23.5889,14.1852,14.9491,14.4389
7202,-56.0567,-11.2351,0.6958,0.7,1.3319,3.9787,23.5889,14.1861,14.9491,14.438
7203,-56.2468,-11.6403,0.6956,0.7,0.9806,4.0111,23.5889,14.188,14.9491,14.4398
7204,-57.4314,-11.8441,0.6956,0.7,0.7431,4.0574,23.5898,14.1926,14.95,14.4417
7205,-58.4332,-11.8989,0.6957,0.7,0.5417,3.975,23.5898,14.1954,14.95,14.4463
7206,-58.9087,-12.0187,0.6958,0.7,0.3917,3.9935,23.5907,14.1944,14.95,14.4491
7207,-59.4172,-12.0936,0.6958,0.7,0.2764,3.9722,23.5907,14.1954,14.95,14.4481
7208,-60.1755,-12.1353,0.696,0.7,0.3125,3.9509,23.5907,14.1944,14.95,14.4472
7209,-60.3376,-12.1636,0.6961,0.7,0.2931,4.0148,23.5917,14.1944,14.9509,14.4491
7210,-61.6719,-12.2038,0.6964,0.7,0.1347,3.9843,23.5917,14.1963,14.9509,14.4546
7211,-61.8696,-12.2331,0.6965,0.7,0.0667,4.0222,23.5917,14.1935,14.9509,14.4528
7212,-62.1366,-12.2507,0.6966,0.7,0.1264,3.9833,23.5926,14.1963,14.9509,14.4546
7213,-62.822,-12.2794,0.6968,0.7,0.0583,4.0046,23.5926,14.2009,14.9509,14.4602
7214,-63.0428,-12.1956,0.697,0.7,0.1042,4.0269,23.5926,14.2009,14.9509,14.4611
7215,-63.512,-12.1504,0.6972,0.7,0.1306,3.9944,23.5935,14.2028,14.9509,14.4667
7216,-63.7211,-12.1544,0.6973,0.7,0.0806,3.9398,23.5935,14.2028,14.9519,14.4667
7217,-63.9912,-12.086,0.6975,0.7,0.1139,3.9991,23.5935,14.2065,14.9519,14.4667
7218,-64.3107,-12.0242,0.6976,0.7,0.0931,4.0019,23.5935,14.2093,14.9519,14.4676
7219,-64.3212,-11.9517,0.6977,0.7,0.1042,4.0306,23.5944,14.2093,14.9519,14.4713
7220,-64.7529,-11.8859,0.6979,0.7,0.0708,4.012,23.5944,14.2093,14.9519,14.4704
7221,-64.9713,-11.739,0.6981,0.7,0.1042,4.0241,23.5944,14.2065,14.9519,14.4694
7222,-64.9651,-11.682,0.6982,0.7,0.1903,4.0176,23.5944,14.2046,14.9519,14.4676
7223,-65.0398,-11.5547,0.6984,0.7,0.2347,4.0231,23.5954,14.2046,14.9519,14.4648
7224,-65.3033,-11.4368,0.6986,0.7,0.2569,4.0167,23.5954,14.2046,14.9528,14.4648
7225,-64.701,-11.2961,0.6987,0.7,0.3889,3.9963,23.5954,14.2046,14.9528,14.4639
7226,-64.4871,-11.0979,0.6989,0.7,0.4375,4.012,23.5954,14.2074,14.9528,14.4648
7227,-64.4832,-11.0191,0.6991,0.7,0.5625,3.9907,23.5954,14.2056,14.9528,14.4648
7228,-64.2218,-10.8363,0.6991,0.7,0.5694,4.0102,23.5954,14.2065,14.9528,14.4648
7229,-63.3329,-10.7078,0.6993,0.7,0.5097,3.9898,23.5963,14.2046,14.9528,14.4639
7230,-62.5564,-10.4733,0.6994,0.7,0.6986,3.9972,23.5963,14.2065,14.9528,14.4657
7231,-61.9826,-10.3314,0.6995,0.7,1.5847,3.9843,23.5963,14.2046,14.9528,14.4657
7232,-61.6007,-10.1729,0.6996,0.7,2.8653,3.9935,23.5963,14.2065,14.9528,14.4685
7233,-59.4892,-10.2386,0.6996,0.7,3.5833,4.012,23.5963,14.2074,14.9528,14.4685
7234,-54.4437,-10.6675,0.6992,0.7,2.8208,3.9731,23.5963,14.2074,14.9528,14.4685
7235,-53.9275,-10.8417,0.699,0.7,2.3069,3.9546,23.5963,14.2056,14.9528,14.4676
7236,-53.8714,-11.1546,0.6988,0.7,1.9194,4.012,23.5963,14.2065,14.9528,14.4667
7237,-55.1114,-11.2177,0.6987,0.7,1.7181,3.937,23.5963,14.2083,14.9528,14.4667
7238,-54.9381,-11.1782,0.6987,0.7,1.7542,4.0157,23.5972,14.2083,14.9528,14.4676
7239,-54.8331,-11.3625,0.6985,0.7,1.4417,4.0546,23.5972,14.2065,14.9528,14.4648
7240,-54.6712,-11.6771,0.6983,0.7,0.9958,3.9491,23.5972,14.2056,14.9537,14.4639
7241,-56.1436,-11.811,0.6981,0.7,0.9111,3.9963,23.5972,14.2065,14.9537,14.4676
7242,-58.5407,-12.0784,0.6979,0.7,0.3833,3.9389,23.5972,14.2074,14.9537,14.4685
7243,-58.2879,-12.0432,0.6978,0.7,0.4403,4.0185,23.5972,14.2046,14.9537,14.4694
7244,-59.352,-12.1446,0.6977,0.7,0.3722,4.0176,23.5972,14.2093,14.9537,14.475
7245,-59.7918,-12.2083,0.6976,0.7,0.2903,3.9704,23.5981,14.2093,14.9537,14.4759
7246,-60.0362,-12.2186,0.6976,0.7,0.1958,3.9991,23.5981,14.2102,14.9537,14.4741
7247,-60.408,-12.1997,0.6976,0.7,0.2181,4.0491,23.5981,14.2111,14.9537,14.4704
7248,-60.8042,-12.2277,0.6976,0.7,0.1847,3.988,23.5981,14.213,14.9537,14.4713
7249,-61.5843,-12.3086,0.6976,0.7,0.1069,4.0,23.5981,14.2111,14.9537,14.4713
7250,-62.221,-12.2814,0.6976,0.7,0.1569,4.0296,23.5981,14.213,14.9537,14.4713
7251,-62.3831,-12.2787,0.6977,0.7,0.0861,4.0324,23.5991,14.213,14.9537,14.4731
7252,-62.8119,-12.2849,0.6977,0.7,0.1083,4.0519,23.5991,14.2093,14.9546,14.4704
7253,-63.3159,-12.2573,0.6978,0.7,0.0486,3.9926,23.5991,14.2056,14.9546,14.4676
7254,-63.518,-12.2882,0.6977,0.7,0.0403,3.9435,23.5991,14.2046,14.9546,14.4667
7255,-63.8234,-12.2214,0.6976,0.7,0.0333,4.0389,23.6,14.2046,14.9546,14.4648
7256,-64.2489,-12.1507,0.6976,0.7,0.0792,3.9898,23.6,14.2028,14.9546,14.4667
7257,-64.3898,-12.061,0.6976,0.7,0.1236,3.9602,23.6,14.2046,14.9546,14.4676
7258,-64.6553,-12.0192,0.6976,0.7,0.0917,4.025,23.6,14.2056,14.9546,14.4667
7259,-64.9006,-11.9663,0.6977,0.7,0.1069,4.0167,23.6,14.2093,14.9546,14.4704
7260,-65.0159,-11.9093,0.6977,0.7,0.0986,4.0194,23.6009,14.2093,14.9546,14.4713
7261,-64.9546,-11.8511,0.6977,0.7,0.0861,4.0296,23.6009,14.2102,14.9556,14.4713
7262,-65.1953,-11.7056,0.6978,0.7,0.1208,4.0204,23.6009,14.2074,14.9556,14.4694
7263,-65.411,-11.6305,0.6978,0.7,0.1542,3.9898,23.6009,14.2083,14.9556,14.4704
7264,-65.2328,-11.5115,0.6979,0.7,0.2069,3.9778,23.6019,14.2065,14.9556,14.4713
7265,-65.2549,-11.4151,0.6979,0.7,0.2681,4.0343,23.6019,14.2083,14.9556,14.475
7266,-65.3701,-11.3374,0.698,0.7,0.3958,3.9657,23.6019,14.2102,14.9556,14.4759
7267,-65.2274,-11.0966,0.6981,0.7,0.4722,3.9731,23.6019,14.2083,14.9556,14.4759
7268,-64.8401,-10.9359,0.6982,0.7,0.4097,4.0028,23.6028,14.2093,14.9556,14.4778
7269,-63.6691,-10.7272,0.6982,0.7,0.6361,4.0306,23.6028,14.2139,14.9565,14.4787
7270,-62.9049,-10.4981,0.6982,0.7,0.4986,4.038,23.6028,14.212,14.9565,14.4787
7271,-62.4989,-10.3878,0.6982,0.7,0.7333,4.0019,23.6028,14.212,14.9565,14.4796
7272,-62.1303,-10.3233,0.6982,0.7,1.4944,4.0083,23.6037,14.2139,14.9565,14.4787
7273,-61.9094,-10.1875,0.6982,0.7,2.1597,4.0343,23.6037,14.2148,14.9565,14.4769
7274,-60.9298,-10.0717,0.6982,0.7,3.1236,4.0352,23.6037,14.2157,14.9565,14.4796
7275,-59.3236,-10.0534,0.6981,0.7,3.7528,3.9639,23.6037,14.2167,14.9565,14.4806
7276,-57.6087,-10.2333,0.6979,0.7,3.5056,4.0148,23.6046,14.2157,14.9565,14.4769
7277,-55.7507,-10.4325,0.6978,0.7,3.0694,3.962,23.6046,14.2185,14.9565,14.4778
7278,-54.1804,-10.6946,0.6975,0.7,2.6903,3.9833,23.6046,14.2157,14.9574,14.4759
7279,-52.9081,-11.2049,0.6971,0.7,1.6889,4.0231,23.6046,14.2157,14.9574,14.4741
7280,-54.0285,-11.3517,0.6969,0.7,1.5444,4.0083,23.6056,14.2167,14.9574,14.4759
7281,-54.9025,-11.6156,0.6967,0.7,1.1722,3.9685,23.6056,14.2157,14.9574,14.4759
7282,-56.5473,-11.7866,0.6966,0.7,0.8681,4.0074,23.6056,14.2176,14.9574,14.4741
7283,-57.7685,-11.912,0.6965,0.7,0.6875,3.9991,23.6056,14.2167,14.9574,14.4731
7284,-58.6772,-12.0515,0.6965,0.7,0.5236,3.9667,23.6065,14.2157,14.9574,14.475
7285,-59.9517,-12.1575,0.6965,0.7,0.3778,3.9815,23.6065,14.2176,14.9583,14.4769
7286,-60.7375,-12.2302,0.6965,0.7,0.2111,4.0167,23.6065,14.2185,14.9583,14.4759
7287,-61.1673,-12.3027,0.6965,0.7,0.1389,3.9852,23.6074,14.2213,14.9583,14.4778
7288,-61.7666,-12.2597,0.6966,0.7,0.1306,4.0037,23.6074,14.2194,14.9583,14.4796
7289,-62.1703,-12.2735,0.6967,0.7,0.1333,4.0241,23.6074,14.2185,14.9583,14.4796
7290,-62.4141,-12.2837,0.6967,0.7,0.1069,4.0315,23.6083,14.2204,14.9583,14.4833
7291,-62.9408,-12.2949,0.6968,0.7,0.0486,3.9481,23.6083,14.2213,14.9583,14.4861
7292,-63.2269,-12.2371,0.6969,0.7,0.0736,3.9611,23.6083,14.2231,14.9593,14.4861
7293,-63.6149,-12.3073,0.6968,0.7,0.0236,4.0056,23.6083,14.225,14.9593,14.4889
7294,-63.7899,-12.1928,0.6968,0.7,0.0444,3.9648,23.6093,14.2231,14.9593,14.4889
7295,-63.6914,-12.1695,0.6969,0.7,0.0889,3.9519,23.6093,14.2278,14.9593,14.4898
7296,-64.1319,-12.1517,0.6969,0.7,0.0722,3.9731,23.6093,14.2259,14.9593,14.4898
7297,-64.3109,-12.0491,0.6971,0.7,0.1236,3.9898,23.6102,14.2259,14.9593,14.4926
7298,-64.6386,-11.9684,0.6972,0.7,0.1611,4.0,23.6102,14.2278,14.9593,14.4963
7299,-64.7372,-11.9057,0.6973,0.7,0.1722,4.0019,23.6102,14.2269,14.9602,14.4954
7300,-65.0593,-11.8415,0.6972,0.7,0.0764,3.987,23.6111,14.2315,14.9602,14.5019
7301,-65.397,-11.6831,0.6972,0.7,0.2194,4.0148,23.6111,14.2287,14.9602,14.5028
7302,-65.5177,-11.5082,0.6972,0.7,0.1375,3.9639,23.6111,14.2296,14.9602,14.5056
7303,-65.3335,-11.4012,0.6972,0.7,0.2903,4.0019,23.6111,14.2324,14.9602,14.5056
7304,-65.1453,-11.317,0.6972,0.7,0.3653,4.0287,23.612,14.2343,14.9602,14.5056
7305,-65.0281,-11.1929,0.6973,0.7,0.4056,4.0093,23.612,14.2361,14.9611,14.5074
7306,-64.8489,-11.0659,0.6974,0.7,0.375,4.0176,23.612,14.2352,14.9611,14.5074
7307,-64.6328,-10.8733,0.6975,0.7,0.6375,4.0259,23.613,14.2352,14.9611,14.5074
7308,-64.374,-10.764,0.6975,0.7,0.5583,3.9602,23.613,14.238,14.9611,14.5074
7309,-63.4383,-10.4704,0.6975,0.7,0.5583,4.05,23.613,14.2389,14.9611,14.5074
7310,-62.4429,-10.2814,0.6975,0.7,1.4389,4.0,23.6139,14.238,14.9611,14.5056
7311,-61.9515,-10.181,0.6974,0.7,2.15,4.0213,23.6139,14.2389,14.9611,14.5074
7312,-60.8839,-10.1212,0.6974,0.7,2.9958,4.0046,23.6139,14.2398,14.962,14.5102
7313,-58.3853,-10.1894,0.6972,0.7,3.3111,3.9389,23.6148,14.2398,14.962,14.512
7314,-56.8543,-10.3597,0.6971,0.7,3.0583,3.9722,23.6148,14.2417,14.962,14.5148
7315,-54.5245,-10.6892,0.6969,0.7,2.6306,3.9907,23.6148,14.2426,14.962,14.5157
7316,-54.1942,-10.9802,0.6966,0.7,1.9222,4.0139,23.6157,14.2444,14.962,14.5185
7317,-54.896,-11.1913,0.6965,0.7,1.6694,4.0009,23.6157,14.2444,14.962,14.5185
7318,-55.3963,-11.4168,0.6964,0.7,1.4111,3.9917,23.6157,14.25,14.963,14.5222
7319,-54.8873,-11.5754,0.6963,0.7,1.0069,3.9519,23.6167,14.25,14.963,14.5231
7320,-56.7961,-11.7232,0.6963,0.7,0.8819,4.0454,23.6167,14.25,14.963,14.5213
7321,-58.4617,-11.8967,0.6964,0.7,0.8014,3.9731,23.6167,14.25,14.963,14.5231
7322,-58.826,-12.0082,0.6964,0.7,0.4542,3.9991,23.6176,14.25,14.963,14.5231
7323,-59.9352,-12.1427,0.6964,0.7,0.2069,4.0102,23.6176,14.2491,14.963,14.5222
7324,-60.2408,-12.2151,0.6963,0.7,0.2083,3.9861,23.6176,14.2519,14.9639,14.5241
7325,-61.085,-12.2598,0.6963,0.7,0.1958,3.9898,23.6185,14.25,14.9639,14.5269
7326,-61.2582,-12.2625,0.6964,0.7,0.2097,4.0074,23.6185,14.2509,14.9639,14.5287
7327,-61.3783,-12.2579,0.6964,0.7,0.1375,4.0417,23.6185,14.2528,14.9639,14.5315
7328,-61.9619,-12.2705,0.6965,0.7,0.1431,3.9907,23.6185,14.2537,14.9639,14.5324
7329,-61.6509,-12.2139,0.6966,0.7,0.1528,3.9759,23.6194,14.2519,14.9639,14.5324
7330,-62.3811,-12.254,0.6967,0.7,0.0833,4.0093,23.6194,14.2509,14.9648,14.5333
7331,-62.9967,-12.2318,0.6968,0.7,0.0292,3.9806,23.6194,14.2509,14.9648,14.5315
7332,-63.241,-12.22,0.697,0.7,0.0514,4.0241,23.6204,14.2509,14.9648,14.5324
7333,-63.5518,-12.2093,0.6971,0.7,0.0472,4.0111,23.6204,14.2519,14.9648,14.5296
7334,-63.9755,-12.1588,0.6972,0.7,0.0667,3.9546,23.6204,14.2537,14.9648,14.5315
7335,-63.8206,-12.0768,0.6974,0.7,0.0667,4.0037,23.6213,14.2537,14.9648,14.5333
7336,-64.0994,-12.0154,0.6976,0.7,0.1306,4.0287,23.6213,14.2528,14.9648,14.5315
7337,-64.1867,-11.9757,0.6979,0.7,0.1472,4.0028,23.6213,14.2537,14.9648,14.5333
7338,-64.4787,-11.9474,0.6981,0.7,0.1264,3.9972,23.6213,14.2528,14.9657,14.5352
7339,-64.2921,-11.8479,0.6983,0.7,0.1597,4.0148,23.6222,14.2537,14.9657,14.5352
7340,-64.8241,-11.7911,0.6985,0.7,0.1181,4.0741,23.6222,14.2528,14.9657,14.5324
7341,-64.8543,-11.6935,0.6986,0.7,0.1264,4.0028,23.6222,14.2509,14.9657,14.5333
7342,-64.6444,-11.6606,0.6989,0.7,0.1958,4.0565,23.6222,14.2481,14.9657,14.5324
7343,-64.9515,-11.5494,0.6992,0.7,0.2944,3.9991,23.6222,14.2491,14.9657,14.5315
7344,-64.7551,-11.4801,0.6994,0.7,0.2514,3.9491,23.6222,14.2481,14.9657,14.5315
7345,-65.1033,-11.3899,0.6996,0.7,0.2597,3.9991,23.6222,14.2463,14.9657,14.5296
7346,-64.8264,-11.2844,0.6997,0.7,0.375,4.0102,23.6231,14.2491,14.9657,14.5324
7347,-64.6008,-11.2592,0.6999,0.7,0.3972,3.9991,23.6231,14.2454,14.9657,14.5315
7348,-64.794,-11.0145,0.7001,0.7,0.5556,3.9926,23.6231,14.2417,14.9657,14.5296
7349,-64.3619,-10.8836,0.7001,0.7,0.4292,4.0009,23.6231,14.2398,14.9657,14.5278
7350,-63.9982,-10.7957,0.7002,0.7,0.4986,3.9954,23.6231,14.2444,14.9657,14.5315
7351,-63.4327,-10.8445,0.7003,0.7,0.4819,3.9861,23.6231,14.2407,14.9657,14.5287
7352,-63.543,-10.7933,0.7006,0.7,0.5181,3.9519,23.6231,14.2417,14.9657,14.5287
7353,-63.7195,-10.8068,0.7007,0.7,0.5986,3.963,23.6231,14.237,14.9657,14.525
7354,-63.6765,-10.8686,0.7009,0.7,0.5931,4.013,23.6231,14.238,14.9657,14.525
7355,-63.9717,-10.8897,0.7012,0.7,0.5403,3.987,23.6231,14.2389,14.9657,14.5231
7356,-64.2955,-10.8987,0.7014,0.7,0.5347,3.963,23.6231,14.238,14.9657,14.5213
7357,-64.279,-10.827,0.7016,0.7,0.5347,4.0028,23.6231,14.2361,14.9657,14.5194
7358,-63.8069,-10.7179,0.7017,0.7,0.6514,3.9981,23.6231,14.2324,14.9657,14.5176
7359,-63.269,-10.6608,0.7018,0.7,0.5514,4.0176,23.6222,14.2315,14.9657,14.5139
7360,-63.443,-10.6178,0.702,0.7,0.5236,3.9843,23.6222,14.2333,14.9657,14.5148
7361,-63.1729,-10.5819,0.7021,0.7,0.7361,4.0407,23.6222,14.2324,14.9657,14.512
7362,-62.6683,-10.4688,0.7023,0.7,0.9375,4.0343,23.6222,14.2287,14.9657,14.5111
7363,-62.5713,-10.4255,0.7024,0.7,1.0389,4.0306,23.6222,14.2306,14.9657,14.513
7364,-62.2573,-10.3385,0.7024,0.7,1.7653,3.9741,23.6222,14.2287,14.9657,14.5111
7365,-60.957,-10.157,0.7024,0.7,2.6597,4.0204,23.6222,14.2259,14.9657,14.5111
7366,-60.0772,-10.1904,0.7023,0.7,3.3833,4.0074,23.6213,14.2259,14.9657,14.5102
7367,-58.6316,-10.1958,0.7022,0.7,3.1597,3.9713,23.6213,14.2213,14.9648,14.5074
7368,-56.2624,-10.4604,0.7021,0.7,3.0875,3.9944,23.6213,14.2204,14.9648,14.5083
7369,-56.0287,-10.6834,0.702,0.7,2.3681,3.9917,23.6213,14.2194,14.9648,14.5074
7370,-55.0852,-11.0098,0.7018,0.7,1.8958,4.0037,23.6213,14.2176,14.9648,14.5074
7371,-55.9944,-11.1372,0.7018,0.7,1.6375,3.987,23.6204,14.2148,14.9648,14.5056
7372,-55.2744,-11.3682,0.7018,0.7,1.3153,3.9685,23.6204,14.212,14.9648,14.5037
7373,-56.5298,-11.5443,0.7017,0.7,1.2153,3.9426,23.6204,14.2102,14.9648,14.5009
7374,-57.3755,-11.5819,0.7019,0.7,1.0236,4.0037,23.6204,14.2074,14.9648,14.4963
7375,-56.4766,-11.6524,0.702,0.7,1.0361,4.0204,23.6204,14.2074,14.9648,14.4935
7376,-57.8454,-11.8735,0.702,0.7,0.5958,4.1065,23.6194,14.2065,14.9648,14.4944
7377,-58.1369,-11.8929,0.7021,0.7,0.7806,4.0426,23.6194,14.2046,14.9639,14.4935
7378,-59.1542,-11.9925,0.7022,0.7,0.3944,4.0056,23.6194,14.2037,14.9639,14.4935
7379,-59.6334,-12.0981,0.7023,0.7,0.3806,3.9954,23.6194,14.2046,14.9639,14.4935
7380,-60.4191,-12.148,0.7024,0.7,0.3028,4.0111,23.6185,14.2056,14.9639,14.4935
7381,-61.145,-12.2021,0.7026,0.7,0.2417,4.0009,23.6185,14.2,14.9639,14.4898
7382,-61.6992,-12.2551,0.7027,0.7,0.1542,4.0083,23.6185,14.1991,14.9639,14.4898
7383,-62.253,-12.2637,0.7028,0.7,0.0694,3.9546,23.6185,14.1972,14.9639,14.4889
7384,-62.6439,-12.1871,0.7029,0.7,0.1361,3.962,23.6176,14.1954,14.963,14.487
7385,-63.0543,-12.2533,0.703,0.7,0.0736,4.0167,23.6176,14.1972,14.963,14.4852
7386,-63.1206,-12.1627,0.7031,0.7,0.1583,3.9852,23.6176,14.1954,14.963,14.4815
7387,-63.6497,-12.163,0.7032,0.7,0.0597,3.9639,23.6167,14.1944,14.963,14.4796
7388,-63.6125,-12.1219,0.7033,0.7,0.1069,3.912,23.6167,14.1935,14.963,14.4778
7389,-63.5911,-12.0332,0.7033,0.7,0.0792,4.0491,23.6167,14.188,14.963,14.4741
7390,-64.0064,-12.043,0.7035,0.7,0.1486,3.9944,23.6157,14.1889,14.962,14.4722
7391,-64.5725,-11.9155,0.7036,0.7,0.1361,4.0444,23.6157,14.1852,14.962,14.4685
7392,-64.4946,-11.8811,0.7037,0.7,0.15,4.0065,23.6157,14.1843,14.962,14.4667
7393,-64.859,-11.8009,0.7038,0.7,0.1111,3.9731,23.6148,14.1833,14.962,14.462
7394,-65.1642,-11.6964,0.7038,0.7,0.2083,4.0185,23.6148,14.1759,14.962,14.4583
7395,-65.0281,-11.5476,0.7039,0.7,0.325,3.937,23.6148,14.1704,14.962,14.4537
7396,-65.0382,-11.3973,0.7039,0.7,0.3042,3.962,23.6139,14.1685,14.9611,14.4519
7397,-64.8422,-11.2263,0.704,0.7,0.4014,4.0343,23.6139,14.1667,14.9611,14.4472
7398,-65.127,-11.0818,0.7041,0.7,0.5347,3.9778,23.6139,14.1676,14.9611,14.4463
7399,-64.9981,-11.107,0.7041,0.7,0.3569,3.9769,23.613,14.1657,14.9611,14.4444
7400,-64.568,-10.9585,0.7042,0.7,0.3903,3.9722,23.613,14.1639,14.9611,14.4426
7401,-64.403,-10.8353,0.7042,0.7,0.4444,4.0537,23.612,14.162,14.9602,14.4407
7402,-64.2081,-10.8617,0.7043,0.7,0.5528,4.012,23.612,14.1648,14.9602,14.4417
7403,-64.3381,-10.8383,0.7044,0.7,0.5125,3.9972,23.612,14.1593,14.9602,14.4389
7404,-63.4177,-10.7376,0.7045,0.7,0.6028,4.0343,23.6111,14.1574,14.9602,14.4343
7405,-63.9784,-10.6976,0.7045,0.7,0.6139,4.0361,23.6111,14.1556,14.9602,14.4315
7406,-63.1617,-10.6461,0.7046,0.7,0.6611,3.9389,23.6111,14.1519,14.9602,14.4287
7407,-63.3401,-10.6295,0.7047,0.7,0.5375,4.0019,23.6102,14.1509,14.9593,14.4269
7408,-62.9017,-10.6265,0.7048,0.7,0.75,4.0222,23.6102,14.15,14.9593,14.4231
7409,-63.3552,-10.5747,0.705,0.7,0.7292,3.9741,23.6093,14.1491,14.9593,14.4213
7410,-63.0035,-10.5093,0.7051,0.7,0.9611,3.987,23.6093,14.1491,14.9593,14.4213
7411,-61.851,-10.3561,0.7052,0.7,1.6472,3.9787,23.6083,14.1491,14.9583,14.4204
7412,-61.6744,-10.2154,0.7052,0.7,2.5097,3.9759,23.6083,14.1444,14.9583,14.4185
7413,-61.0867,-10.2398,0.7052,0.7,2.6431,4.0148,23.6083,14.1407,14.9583,14.4157
7414,-60.4295,-10.254,0.7052,0.7,2.7944,4.0037,23.6074,14.1398,14.9583,14.413
7415,-59.3066,-10.1904,0.7053,0.7,3.3903,3.9843,23.6074,14.1389,14.9583,14.4093
7416,-57.688,-10.3684,0.7051,0.7,2.8708,4.0185,23.6065,14.137,14.9574,14.4083
7417,-54.549,-10.6935,0.7047,0.7,2.5528,4.0046,23.6065,14.1315,14.9574,14.4046
7418,-54.7548,-10.9074,0.7045,0.7,1.9611,3.9898,23.6056,14.1296,14.9574,14.4037
7419,-54.4931,-11.195,0.7043,0.7,1.7694,4.0352,23.6056,14.1259,14.9574,14.4028
7420,-55.7659,-11.1754,0.7043,0.7,1.6028,3.9824,23.6046,14.1222,14.9565,14.4009
7421,-54.8933,-11.3924,0.7041,0.7,1.275,4.0102,23.6046,14.1167,14.9565,14.3954
7422,-56.6873,-11.5127,0.7041,0.7,0.9667,3.9843,23.6037,14.1157,14.9565,14.3917
7423,-56.6439,-11.7243,0.704,0.7,0.825,3.9852,23.6037,14.1148,14.9565,14.3907
7424,-58.0769,-11.8319,0.704,0.7,0.6694,4.0315,23.6037,14.1111,14.9565,14.3898
7425,-57.9483,-11.8244,0.7041,0.7,0.6931,4.0,23.6028,14.1074,14.9556,14.3843
7426,-58.3755,-11.9078,0.7041,0.7,0.8347,3.9639,23.6028,14.1074,14.9556,14.3824
7427,-58.0857,-11.8267,0.7042,0.7,0.5806,3.9528,23.6019,14.1028,14.9556,14.3778
7428,-58.917,-11.9967,0.7043,0.7,0.4764,3.988,23.6019,14.1009,14.9556,14.3796
7429,-58.7202,-12.0605,0.7044,0.7,0.3417,4.0213,23.6009,14.0981,14.9546,14.3759
7430,-59.4973,-12.0628,0.7044,0.7,0.3681,4.0111,23.6009,14.0944,14.9546,14.3741
7431,-60.1303,-12.1585,0.7044,0.7,0.3083,4.0037,23.6,14.0907,14.9546,14.3713
7432,-60.4423,-12.1718,0.7045,0.7,0.2597,4.0231,23.6,14.088,14.9546,14.3685
7433,-60.9422,-12.2027,0.7044,0.7,0.1653,3.9519,23.5991,14.0861,14.9537,14.3639
7434,-61.4809,-12.2058,0.7044,0.7,0.2569,3.9954,23.5991,14.0824,14.9537,14.3583
7435,-61.7665,-12.2352,0.7045,0.7,0.1097,3.988,23.5981,14.0824,14.9537,14.3583
7436,-61.8664,-12.2136,0.7045,0.7,0.0958,4.0417,23.5981,14.0815,14.9537,14.3556
7437,-62.4921,-12.2224,0.7044,0.7,0.0861,4.0194,23.5981,14.0796,14.9528,14.3537
7438,-62.3755,-12.2341,0.7045,0.7,0.1,4.025,23.5972,14.075,14.9528,14.35
7439,-62.6374,-12.2777,0.7045,0.7,0.0667,4.0009,23.5972,14.0722,14.9528,14.3417
7440,-62.9874,-12.2372,0.7044,0.7,0.0819,3.9926,23.5963,14.0722,14.9528,14.3417
7441,-62.4817,-12.1828,0.7044,0.7,0.1139,3.9954,23.5963,14.0713,14.9519,14.3417
7442,-63.0286,-12.2193,0.7044,0.7,0.0792,3.9824,23.5954,14.0685,14.9519,14.3407
7443,-62.8156,-12.1778,0.7045,0.7,0.1125,4.0213,23.5954,14.0667,14.9519,14.3389
7444,-63.0653,-12.1953,0.7046,0.7,0.0542,4.0139,23.5944,14.0657,14.9519,14.3389
7445,-62.9448,-12.1886,0.7046,0.7,0.0764,4.0583,23.5944,14.063,14.9519,14.337
7446,-63.249,-12.175,0.7047,0.7,0.1014,3.9954,23.5935,14.0657,14.9509,14.338
7447,-63.6784,-12.1254,0.7048,0.7,0.1,3.9963,23.5935,14.0602,14.9509,14.3352
7448,-63.2284,-12.1219,0.7048,0.7,0.1806,3.9991,23.5926,14.0556,14.9509,14.3343
7449,-63.1263,-12.1323,0.7049,0.7,0.1042,4.0972,23.5926,14.0565,14.9509,14.3324
7450,-63.7737,-12.1096,0.705,0.7,0.0792,3.9991,23.5917,14.0546,14.95,14.3315
7451,-63.9451,-12.0709,0.705,0.7,0.1458,3.9944,23.5917,14.0519,14.95,14.3306
7452,-64.0741,-12.0198,0.705,0.7,0.075,3.9639,23.5907,14.0481,14.95,14.3287
7453,-64.3004,-12.0304,0.705,0.7,0.0681,3.9556,23.5907,14.0463,14.95,14.3278
7454,-64.403,-11.9551,0.7051,0.7,0.1472,3.987,23.5898,14.0444,14.9491,14.325
7455,-64.5046,-11.9282,0.7051,0.7,0.175,3.9917,23.5898,14.0444,14.9491,14.3241
7456,-64.4457,-11.9428,0.705,0.7,0.1097,3.9991,23.5889,14.0407,14.9491,14.3231
7457,-64.536,-11.9054,0.7051,0.7,0.1903,3.9972,23.5889,14.0361,14.9491,14.3194
7458,-64.5982,-11.8387,0.7051,0.7,0.1417,4.0241,23.588,14.0333,14.9481,14.3167
7459,-64.2734,-11.8263,0.7052,0.7,0.1333,3.9898,23.588,14.0306,14.9481,14.3139
7460,-64.1439,-11.8008,0.7054,0.7,0.2722,3.9694,23.587,14.0296,14.9481,14.312
7461,-64.2959,-11.8368,0.7056,0.7,0.2347,4.0269,23.587,14.0287,14.9481,14.312
7462,-64.0104,-11.8972,0.7058,0.7,0.1556,3.9778,23.5861,14.0241,14.9472,14.3111
7463,-64.0675,-11.911,0.706,0.7,0.1861,3.9852,23.5861,14.0222,14.9472,14.3093
7464,-64.27,-11.927,0.7061,0.7,0.0708,3.9917,23.5852,14.0213,14.9472,14.3083
7465,-64.3953,-11.9753,0.7062,0.7,0.0847,3.9676,23.5852,14.0213,14.9463,14.3037
7466,-64.3905,-11.9367,0.7062,0.7,0.1597,4.0296,23.5843,14.0176,14.9463,14.3009
7467,-64.2304,-11.9428,0.7062,0.7,0.1167,4.0333,23.5843,14.0139,14.9463,14.2963
7468,-64.479,-12.0116,0.7062,0.7,0.0931,3.962,23.5833,14.0074,14.9463,14.2926
7469,-64.2211,-12.0311,0.7061,0.7,0.1208,4.0046,23.5824,14.0046,14.9454,14.2898
7470,-64.1165,-12.0457,0.7061,0.7,0.1278,3.9491,23.5824,14.0046,14.9454,14.288
7471,-63.9773,-12.0945,0.7061,0.7,0.1292,4.0,23.5815,14.0028,14.9454,14.287
7472,-63.7756,-12.1243,0.706,0.7,0.1278,3.9787,23.5806,13.9991,14.9444,14.2861
7473,-63.9865,-12.134,0.7059,0.7,0.1444,4.0556,23.5806,13.9981,14.9444,14.2852
7474,-63.9857,-12.1099,0.7058,0.7,0.1097,3.9806,23.5796,13.9972,14.9444,14.2843
7475,-64.3675,-12.0663,0.7058,0.7,0.1139,4.0028,23.5796,13.9935,14.9435,14.2796
7476,-64.4832,-12.0239,0.7057,0.7,0.0792,3.9843,23.5787,13.9926,14.9435,14.2787
7477,-64.7321,-11.9843,0.7057,0.7,0.0778,3.9981,23.5787,13.9898,14.9435,14.2769
7478,-64.5729,-11.9501,0.7057,0.7,0.0764,4.0074,23.5778,13.9815,14.9435,14.2694
7479,-64.6399,-11.8743,0.7057,0.7,0.1403,4.012,23.5769,13.9778,14.9426,14.2648
7480,-64.6375,-11.7797,0.7056,0.7,0.15,4.0417,23.5769,13.9731,14.9426,14.2602
7481,-64.9704,-11.6474,0.7057,0.7,0.2,3.9731,23.5759,13.9704,14.9426,14.2574
7482,-65.1293,-11.5631,0.7058,0.7,0.2625,4.013,23.5759,13.9694,14.9417,14.2556
7483,-65.2791,-11.427,0.7058,0.7,0.3208,4.0731,23.575,13.9685,14.9417,14.2528
7484,-65.2072,-11.3212,0.7058,0.7,0.3458,3.9806,23.575,13.9667,14.9417,14.2519
7485,-65.1816,-11.1392,0.7058,0.7,0.2931,4.025,23.5741,13.963,14.9417,14.2481
7486,-65.296,-11.0532,0.7058,0.7,0.4736,3.988,23.5741,13.9602,14.9407,14.2463
7487,-64.5103,-10.8776,0.7057,0.7,0.5361,3.9843,23.5731,13.9574,14.9407,14.2435
7488,-64.1274,-10.7471,0.7056,0.7,0.4778,4.0306,23.5731,13.9583,14.9407,14.2435
7489,-63.4488,-10.6564,0.7055,0.7,0.4278,4.013,23.5722,13.9565,14.9407,14.2417
7490,-62.7061,-10.5238,0.7055,0.7,0.7931,4.0296,23.5722,13.9537,14.9398,14.2389
7491,-62.144,-10.4267,0.7055,0.7,1.2153,4.0093,23.5713,13.9546,14.9398,14.2398
7492,-61.7213,-10.3237,0.7056,0.7,2.1069,3.9907,23.5713,13.9519,14.9398,14.2389
7493,-61.4349,-10.2256,0.7056,0.7,2.9097,3.9935,23.5704,13.9509,14.9398,14.2389
7494,-60.6544,-10.2092,0.7055,0.7,3.2083,3.9509,23.5704,13.9454,14.9389,14.237
7495,-58.3732,-10.3064,0.7054,0.7,3.1542,4.0259,23.5694,13.9463,14.9389,14.2361
7496,-58.7449,-10.3294,0.7055,0.7,2.8347,3.9954,23.5694,13.9454,14.9389,14.2361
7497,-56.0811,-10.5571,0.7054,0.7,2.4736,3.9843,23.5685,13.9463,14.9389,14.2361
7498,-55.5505,-10.7944,0.7052,0.7,2.2444,3.9306,23.5685,13.9444,14.938,14.2361
7499,-55.5354,-10.863,0.7051,0.7,1.9208,4.0472,23.5676,13.9426,14.938,14.2324
7500,-55.2412,-11.1212,0.705,0.7,1.7319,3.9648,23.5676,13.9435,14.938,14.2296
7501,-55.9536,-11.378,0.7049,0.7,1.2708,4.0944,23.5667,13.9435,14.938,14.2287
7502,-56.9399,-11.7154,0.7047,0.7,0.8222,4.025,23.5667,13.9417,14.937,14.2287
7503,-57.9721,-11.9563,0.7046,0.7,0.4292,4.0185,23.5657,13.9389,14.937,14.2241
7504,-58.6746,-12.0709,0.7044,0.7,0.4111,3.9898,23.5657,13.9361,14.937,14.2204
7505,-59.4652,-12.1284,0.7044,0.7,0.3333,3.9398,23.5648,13.9333,14.937,14.2185
7506,-60.418,-12.1617,0.7043,0.7,0.2306,3.9648,23.5648,13.9333,14.9361,14.2167
7507,-61.1746,-12.2099,0.7043,0.7,0.1583,3.9944,23.5639,13.9333,14.9361,14.2176
7508,-61.8154,-12.2831,0.7043,0.7,0.1458,4.0231,23.5639,13.9333,14.9361,14.2167
7509,-62.0301,-12.2445,0.7043,0.7,0.1056,4.0231,23.563,13.9306,14.9361,14.2148
7510,-63.0696,-12.2384,0.7043,0.7,0.0625,3.9898,23.563,13.9287,14.9352,14.213
7511,-63.1038,-12.2764,0.7042,0.7,0.0778,4.0065,23.562,13.9287,14.9352,14.2111
7512,-63.1557,-12.2151,0.7041,0.7,0.1014,4.0269,23.562,13.9278,14.9352,14.2093
7513,-63.5795,-12.1795,0.7041,0.7,0.0944,3.9648,23.562,13.925,14.9352,14.2065
7514,-63.5742,-12.1114,0.704,0.7,0.0639,4.0417,23.5611,13.9204,14.9343,14.2028
7515,-63.9309,-12.1184,0.704,0.7,0.0722,3.9407,23.5611,13.9204,14.9343,14.2009
7516,-63.9458,-12.0943,0.7039,0.7,0.0958,4.0056,23.5602,13.9176,14.9343,14.1981
7517,-64.3648,-12.0389,0.7039,0.7,0.0431,4.0296,23.5602,13.9148,14.9343,14.1981
7518,-64.2733,-11.9797,0.7039,0.7,0.1167,4.0407,23.5602,13.9139,14.9343,14.1963
7519,-64.8832,-11.8913,0.7039,0.7,0.1542,4.0509,23.5593,13.913,14.9333,14.1935
7520,-64.7639,-11.8048,0.7038,0.7,0.0931,4.0889,23.5593,13.913,14.9333,14.1926
7521,-65.1592,-11.7368,0.7038,0.7,0.2208,3.9917,23.5583,13.913,14.9333,14.1917
7522,-65.2439,-11.623,0.7038,0.7,0.2375,3.9824,23.5583,13.9102,14.9333,14.1907
7523,-64.9682,-11.5035,0.7038,0.7,0.1986,4.012,23.5583,13.9074,14.9333,14.188
7524,-65.3076,-11.4188,0.7037,0.7,0.2625,3.963,23.5574,13.9056,14.9333,14.1852
7525,-65.1098,-11.2267,0.7036,0.7,0.3583,4.0324,23.5574,13.9065,14.9324,14.1843
7526,-64.7195,-11.1044,0.7035,0.7,0.3847,4.0185,23.5574,13.9065,14.9324,14.1852
7527,-64.9149,-10.9343,0.7035,0.7,0.5597,3.9602,23.5565,13.9074,14.9324,14.1843
7528,-64.3888,-10.857,0.7034,0.7,0.4056,4.0361,23.5565,13.9083,14.9324,14.1815
7529,-63.9973,-10.661,0.7033,0.7,0.4736,3.9815,23.5565,13.9093,14.9324,14.1787
7530,-63.1062,-10.531,0.7032,0.7,0.4847,4.0269,23.5565,13.912,14.9324,14.1824
7531,-62.463,-10.4315,0.7032,0.7,0.9722,4.0148,23.5556,13.9148,14.9324,14.187
7532,-62.3186,-10.2119,0.7031,0.7,2.0139,4.0102,23.5556,13.9139,14.9315,14.187
7533,-61.1498,-10.1757,0.703,0.7,2.9903,3.9741,23.5556,13.9139,14.9315,14.1889
7534,-59.8746,-10.169,0.7028,0.7,3.0639,4.0278,23.5556,13.913,14.9315,14.188
7535,-58.9021,-10.2024,0.7026,0.7,3.1556,3.9917,23.5546,13.912,14.9315,14.187
7536,-56.847,-10.4079,0.7024,0.7,2.8333,4.0093,23.5546,13.912,14.9315,14.188
7537,-55.4463,-10.6252,0.7022,0.7,2.5944,4.0046,23.5546,13.9111,14.9315,14.187
7538,-54.6211,-10.825,0.7019,0.7,2.2972,3.9657,23.5546,13.9102,14.9315,14.187
7539,-54.5818,-11.1144,0.7018,0.7,1.9153,3.9713,23.5546,13.9065,14.9315,14.1852
7540,-55.9401,-11.1909,0.7018,0.7,1.7361,4.0231,23.5537,13.9074,14.9315,14.1843
7541,-55.6807,-11.4118,0.7017,0.7,1.3222,4.0333,23.5537,13.9028,14.9306,14.1815
7542,-56.7779,-11.5191,0.7018,0.7,1.0944,4.0333,23.5537,13.9009,14.9306,14.1815
7543,-56.9634,-11.6889,0.7017,0.7,0.8097,4.0407,23.5537,13.9009,14.9306,14.1815
7544,-57.7612,-11.743,0.7017,0.7,0.6639,3.9796,23.5537,13.9,14.9306,14.1806
7545,-58.5985,-12.0053,0.7016,0.7,0.4361,3.9787,23.5528,13.8972,14.9306,14.1787
7546,-59.2345,-12.0957,0.7016,0.7,0.2792,4.0333,23.5528,13.8972,14.9306,14.1778
7547,-59.8391,-12.1067,0.7016,0.7,0.2653,4.0093,23.5528,13.8972,14.9306,14.1769
7548,-60.3349,-12.1339,0.7016,0.7,0.2861,3.9657,23.5528,13.8944,14.9306,14.1769
7549,-59.8917,-12.1649,0.7016,0.7,0.1875,4.0093,23.5519,13.8954,14.9306,14.1769
7550,-60.6614,-12.1378,0.7017,0.7,0.275,4.0157,23.5519,13.8963,14.9296,14.1778
7551,-61.3219,-12.2286,0.7017,0.7,0.1361,3.9722,23.5519,13.8935,14.9296,14.1796
7552,-62.1375,-12.2689,0.7017,0.7,0.1236,3.9787,23.5519,13.8935,14.9296,14.1778
7553,-62.3579,-12.2614,0.7017,0.7,0.1181,4.0296,23.5519,13.8926,14.9296,14.1778
7554,-62.7712,-12.2597,0.7016,0.7,0.0639,3.9759,23.5509,13.8926,14.9296,14.1778
7555,-62.6503,-12.2062,0.7016,0.7,0.1139,3.9926,23.5509,13.8944,14.9296,14.1769
7556,-63.2358,-12.1482,0.7018,0.7,0.1556,3.975,23.5509,13.8944,14.9296,14.1778
7557,-63.5705,-12.1933,0.7018,0.7,0.1208,4.0102,23.5509,13.8944,14.9296,14.1769
7558,-63.6561,-12.1625,0.7018,0.7,0.0708,3.9787,23.5509,13.8944,14.9296,14.175
7559,-63.3344,-12.1107,0.7019,0.7,0.1181,4.0065,23.5509,13.8954,14.9296,14.175
7560,-63.4895,-12.0608,0.7021,0.7,0.1347,3.9833,23.55,13.8935,14.9287,14.1722
7561,-64.034,-12.0274,0.7022,0.7,0.1139,4.0019,23.55,13.8944,14.9287,14.1722
7562,-64.2368,-12.0161,0.7022,0.7,0.1111,4.0565,23.55,13.8926,14.9287,14.1713
7563,-64.1043,-11.9576,0.7023,0.7,0.1736,3.9852,23.55,13.8954,14.9287,14.1722
7564,-64.4044,-11.9313,0.7023,0.7,0.1306,4.0343,23.5491,13.8944,14.9287,14.1713
7565,-64.738,-11.9344,0.7023,0.7,0.0625,4.0009,23.5491,13.8926,14.9287,14.1704
7566,-64.7884,-11.8425,0.7022,0.7,0.1486,4.0028,23.5491,13.8926,14.9287,14.1694
7567,-64.6141,-11.7586,0.7024,0.7,0.2056,4.0602,23.5491,13.8926,14.9287,14.1704
7568,-65.1162,-11.7291,0.7024,0.7,0.1903,3.9824,23.5491,13.8926,14.9287,14.1713
7569,-65.3048,-11.6446,0.7024,0.7,0.1458,3.9991,23.5481,13.8917,14.9278,14.1704
7570,-65.1548,-11.6019,0.7023,0.7,0.1806,4.0259,23.5481,13.888,14.9278,14.1694
7571,-65.1809,-11.515,0.7023,0.7,0.2278,4.0463,23.5481,13.8889,14.9278,14.1704
7572,-65.1717,-11.4397,0.7022,0.7,0.3125,3.9722,23.5481,13.888,14.9278,14.1704
7573,-64.9495,-11.3215,0.7022,0.7,0.4056,4.0019,23.5481,13.8889,14.9278,14.1704
7574,-65.2986,-11.233,0.7023,0.7,0.3611,4.0074,23.5472,13.8889,14.9278,14.1685
7575,-65.4427,-11.1107,0.7023,0.7,0.3833,4.0,23.5472,13.888,14.9278,14.1667
7576,-64.6793,-10.894,0.7021,0.7,0.5306,4.0546,23.5472,13.888,14.9278,14.1657
7577,-64.3806,-10.8125,0.7021,0.7,0.5222,4.0296,23.5472,13.888,14.9278,14.1648
7578,-64.2899,-10.6629,0.702,0.7,0.5986,4.0093,23.5472,13.8889,14.9278,14.1648
7579,-62.8277,-10.4972,0.702,0.7,0.5653,4.025,23.5472,13.8889,14.9278,14.1657
7580,-62.3532,-10.3047,0.7019,0.7,1.4097,4.0491,23.5463,13.8898,14.9278,14.1648
7581,-61.6898,-10.1873,0.7017,0.7,2.7056,3.9972,23.5463,13.8917,14.9269,14.1648
7582,-60.2998,-10.1964,0.7016,0.7,3.1375,3.9954,23.5463,13.8898,14.9269,14.163
7583,-59.0186,-10.1812,0.7015,0.7,3.2417,4.0111,23.5463,13.888,14.9269,14.1611
7584,-55.6396,-10.4798,0.7012,0.7,2.9292,4.0278,23.5463,13.8852,14.9269,14.1602
7585,-53.5805,-10.7863,0.7009,0.7,2.4361,4.0519,23.5463,13.8833,14.9269,14.1602
7586,-55.382,-11.0228,0.7008,0.7,1.6847,3.9593,23.5463,13.8843,14.9269,14.162
7587,-55.1232,-11.2535,0.7007,0.7,1.5722,3.9741,23.5463,13.8833,14.9269,14.162
7588,-55.619,-11.482,0.7006,0.7,1.1361,3.9722,23.5463,13.8852,14.9269,14.1639
7589,-57.2154,-11.5404,0.7005,0.7,1.1153,3.9741,23.5463,13.8843,14.9269,14.162
7590,-56.9363,-11.7383,0.7005,0.7,0.8375,4.0398,23.5463,13.8824,14.9269,14.1593
7591,-57.2275,-11.8409,0.7005,0.7,0.6389,4.0194,23.5454,13.8833,14.9269,14.1593
7592,-58.3839,-11.9142,0.7004,0.7,0.4861,3.9481,23.5454,13.8815,14.9269,14.1556
7593,-58.1909,-11.8994,0.7004,0.7,0.6736,3.9093,23.5454,13.8806,14.9269,14.1574
7594,-59.8128,-12.1396,0.7003,0.7,0.3694,4.0028,23.5454,13.8824,14.9269,14.1602
7595,-60.6378,-12.1844,0.7002,0.7,0.2917,4.0065,23.5454,13.8833,14.9269,14.1602
7596,-60.7924,-12.2244,0.7002,0.7,0.1181,4.0389,23.5454,13.8843,14.9269,14.1593
7597,-61.3252,-12.2712,0.7001,0.7,0.1667,4.0102,23.5454,13.8852,14.9269,14.1593
7598,-61.4412,-12.233,0.7001,0.7,0.1222,3.9389,23.5454,13.8852,14.9269,14.1583
7599,-62.0365,-12.2665,0.7001,0.7,0.0903,3.9787,23.5454,13.8833,14.9269,14.1574
7600,-62.6588,-12.2832,0.7001,0.7,0.0708,3.9991,23.5454,13.8824,14.9269,14.1574
7601,-62.9338,-12.236,0.7001,0.7,0.0292,4.0676,23.5454,13.8824,14.9269,14.1593
7602,-63.078,-12.1872,0.7001,0.7,0.1056,4.0056,23.5454,13.8815,14.9269,14.1602
7603,-63.4213,-12.1813,0.7001,0.7,0.0819,3.937,23.5454,13.8843,14.9269,14.162
7604,-63.8924,-12.1563,0.7,0.7,0.0569,3.9815,23.5454,13.8843,14.9269,14.1639
7605,-64.2405,-12.0492,0.7,0.7,0.0708,3.9741,23.5454,13.8861,14.9269,14.1667
7606,-64.2662,-12.0381,0.7001,0.7,0.0403,4.0176,23.5454,13.8861,14.9269,14.1648
7607,-64.4833,-11.9378,0.7001,0.7,0.1472,4.0037,23.5454,13.887,14.9269,14.1657
7608,-64.5833,-11.9021,0.7002,0.7,0.1208,3.938,23.5454,13.8889,14.9269,14.1667
7609,-64.8362,-11.8626,0.7002,0.7,0.1042,4.0278,23.5454,13.8898,14.9269,14.1676
7610,-65.0671,-11.753,0.7002,0.7,0.1194,4.0185,23.5454,13.8907,14.9269,14.1704
7611,-65.4738,-11.6541,0.7002,0.7,0.1556,3.9815,23.5454,13.8926,14.9269,14.1704
7612,-65.6649,-11.4574,0.7001,0.7,0.3042,3.9843,23.5454,13.8944,14.9269,14.1722
7613,-65.3371,-11.2793,0.7,0.7,0.3611,3.9491,23.5454,13.8944,14.9269,14.1722
7614,-65.2557,-11.1025,0.6999,0.7,0.3681,3.9685,23.5454,13.8963,14.9269,14.1759
7615,-64.3341,-10.9161,0.6998,0.7,0.4861,3.9991,23.5454,13.8963,14.9269,14.1769
7616,-64.1885,-10.8177,0.6998,0.7,0.6208,4.0093,23.5454,13.8972,14.9269,14.1778
7617,-64.3535,-10.7127,0.6998,0.7,0.2986,3.9926,23.5454,13.8972,14.9269,14.1787
7618,-63.5324,-10.5649,0.6997,0.7,0.4542,3.9704,23.5454,13.8991,14.9269,14.1796
7619,-63.1277,-10.4934,0.6996,0.7,0.6361,3.9722,23.5454,13.9,14.9269,14.1806
7620,-62.4603,-10.4518,0.6996,0.7,1.0792,3.9472,23.5454,13.9019,14.9269,14.1806
7621,-62.1046,-10.3596,0.6997,0.7,1.9153,4.0194,23.5454,13.9056,14.9269,14.1833
7622,-61.058,-10.1974,0.6997,0.7,3.0819,4.025,23.5454,13.9065,14.9269,14.1852
7623,-58.905,-10.2721,0.6996,0.7,3.0472,3.9815,23.5454,13.9065,14.9269,14.1852
7624,-56.4673,-10.4177,0.6994,0.7,2.7903,3.9954,23.5463,13.9102,14.9269,14.1861
7625,-54.9193,-10.7144,0.6992,0.7,2.425,4.0083,23.5463,13.9111,14.9269,14.187
7626,-54.2237,-10.9611,0.699,0.7,1.9069,3.9824,23.5463,13.9093,14.9269,14.1833
7627,-54.5019,-11.3198,0.6988,0.7,1.5069,3.9954,23.5463,13.9083,14.9269,14.1852
7628,-55.3416,-11.4,0.6988,0.7,1.2917,3.9528,23.5463,13.9083,14.9269,14.1843
7629,-55.7429,-11.6828,0.6987,0.7,0.8528,3.9972,23.5463,13.9074,14.9269,14.187
7630,-57.4069,-11.6945,0.6988,0.7,0.725,4.0435,23.5463,13.9093,14.9269,14.1898
7631,-57.7003,-11.8405,0.6987,0.7,0.6611,3.9907,23.5463,13.9148,14.9269,14.1926
7632,-59.1484,-11.9726,0.6988,0.7,0.5028,4.0074,23.5463,13.9157,14.9269,14.1926
7633,-59.4521,-12.12,0.6987,0.7,0.3819,3.9741,23.5463,13.9176,14.9269,14.1926
7634,-60.4192,-12.1958,0.6987,0.7,0.1514,3.9972,23.5463,13.9213,14.9269,14.1963
7635,-61.2675,-12.2361,0.6987,0.7,0.2181,3.9796,23.5472,13.9231,14.9269,14.1972
7636,-61.6939,-12.2472,0.6988,0.7,0.1472,4.0398,23.5472,13.9222,14.9269,14.1963
7637,-62.0933,-12.2545,0.6989,0.7,0.1389,4.0519,23.5472,13.925,14.9269,14.2
7638,-62.6818,-12.2866,0.699,0.7,0.0361,3.9676,23.5472,13.925,14.9278,14.2
7639,-63.2435,-12.2416,0.6989,0.7,0.1069,3.9574,23.5472,13.9269,14.9278,14.2009
7640,-63.5742,-12.2217,0.699,0.7,0.0431,4.0361,23.5472,13.9296,14.9278,14.2037
7641,-63.844,-12.143,0.699,0.7,0.0319,4.012,23.5472,13.9315,14.9278,14.2056
7642,-63.9654,-12.1064,0.6991,0.7,0.0847,3.9852,23.5472,13.9343,14.9278,14.2056
7643,-64.0116,-12.0033,0.6992,0.7,0.1236,4.0185,23.5472,13.9343,14.9278,14.2046
7644,-64.1107,-11.9701,0.6993,0.7,0.1292,4.0907,23.5472,13.9361,14.9278,14.2046
7645,-64.2505,-11.9758,0.6994,0.7,0.1333,3.9704,23.5472,13.938,14.9278,14.2046
7646,-64.3777,-11.8849,0.6996,0.7,0.2486,3.9907,23.5472,13.9398,14.9278,14.2065
7647,-64.703,-11.8188,0.6997,0.7,0.0722,4.0435,23.5472,13.938,14.9278,14.2028
7648,-65.1679,-11.6738,0.6998,0.7,0.2028,3.9963,23.5481,13.9389,14.9278,14.2046
7649,-65.0956,-11.6488,0.6998,0.7,0.2153,4.0,23.5481,13.9398,14.9278,14.2056
7650,-65.0831,-11.5522,0.6999,0.7,0.1903,4.0148,23.5481,13.9398,14.9278,14.2056
7651,-65.2579,-11.3889,0.6999,0.7,0.2611,3.9991,23.5481,13.938,14.9278,14.2046
7652,-65.217,-11.2191,0.6999,0.7,0.3542,3.9722,23.5481,13.9407,14.9278,14.2074
7653,-64.8256,-11.0021,0.6999,0.7,0.5,3.9944,23.5481,13.9417,14.9278,14.2083
7654,-64.4283,-10.812,0.6999,0.7,0.5333,4.0296,23.5481,13.9417,14.9278,14.2083
7655,-63.8893,-10.65,0.6998,0.7,0.3903,3.9722,23.5481,13.9444,14.9278,14.2111
7656,-63.2113,-10.5458,0.6998,0.7,0.4486,4.038,23.5481,13.9463,14.9278,14.212
7657,-62.9939,-10.4796,0.6998,0.7,0.7083,4.0519,23.5481,13.95,14.9278,14.213
7658,-61.9844,-10.3088,0.6997,0.7,1.6056,3.9593,23.5481,13.9537,14.9278,14.2148
7659,-60.9193,-10.099,0.6996,0.7,3.2875,4.062,23.5481,13.9546,14.9278,14.2148
7660,-58.794,-10.1673,0.6994,0.7,3.6667,4.0028,23.5481,13.9537,14.9278,14.2139
7661,-54.8034,-10.605,0.6989,0.7,2.7764,3.9833,23.5481,13.9537,14.9278,14.213
7662,-54.398,-10.8265,0.6987,0.7,2.1028,3.9565,23.5491,13.9528,14.9278,14.212
7663,-55.4178,-11.2216,0.6985,0.7,1.425,4.0093,23.5491,13.9546,14.9278,14.2139
7664,-55.6239,-11.5106,0.6983,0.7,1.1264,3.9574,23.5491,13.9537,14.9287,14.2139
7665,-56.4489,-11.5163,0.6983,0.7,1.0958,3.95,23.5491,13.9565,14.9287,14.2176
7666,-56.3769,-11.8872,0.6982,0.7,0.8361,4.0185,23.5491,13.9574,14.9287,14.2167
7667,-58.5769,-12.0408,0.698,0.7,0.6014,3.9944,23.5491,13.9611,14.9287,14.2185
7668,-59.7132,-12.1708,0.698,0.7,0.2972,4.0259,23.5491,13.9602,14.9287,14.2194
7669,-60.2412,-12.1905,0.6981,0.7,0.1694,4.0315,23.5491,13.9611,14.9287,14.2204
7670,-60.4138,-12.1691,0.6981,0.7,0.1194,4.0519,23.55,13.9611,14.9287,14.2231
7671,-60.7649,-12.2081,0.6982,0.7,0.1417,4.025,23.55,13.9611,14.9287,14.2222
7672,-61.2421,-12.2369,0.6983,0.7,0.1181,3.9593,23.55,13.962,14.9287,14.2222
7673,-61.748,-12.2154,0.6983,0.7,0.1,3.9833,23.55,13.9676,14.9287,14.225
7674,-62.6188,-12.2776,0.6984,0.7,0.1,4.0028,23.55,13.9685,14.9287,14.225
7675,-62.8357,-12.2163,0.6985,0.7,0.0917,3.9954,23.55,13.9685,14.9287,14.2259
7676,-63.3701,-12.2573,0.6985,0.7,0.0556,4.0028,23.55,13.9667,14.9287,14.2259
7677,-63.8161,-12.1494,0.6985,0.7,0.0833,3.9806,23.5509,13.9667,14.9287,14.225
7678,-64.0905,-12.1333,0.6986,0.7,0.0653,3.988,23.5509,13.9667,14.9287,14.225
7679,-64.3589,-12.0368,0.6986,0.7,0.0583,3.9676,23.5509,13.9667,14.9296,14.2231
7680,-64.666,-11.969,0.6988,0.7,0.0917,4.0102,23.5509,13.9667,14.9296,14.225
7681,-65.0053,-11.9139,0.6988,0.7,0.0917,3.987,23.5509,13.9676,14.9296,14.2278
7682,-65.0277,-11.7389,0.6988,0.7,0.1361,4.0074,23.5509,13.9704,14.9296,14.2306
7683,-65.3048,-11.6144,0.6989,0.7,0.1694,3.9944,23.5509,13.9694,14.9296,14.2296
7684,-65.1523,-11.454,0.6989,0.7,0.3278,4.0343,23.5519,13.9694,14.9296,14.2315
7685,-65.196,-11.3227,0.6989,0.7,0.3556,3.9963,23.5519,13.9731,14.9296,14.2343
7686,-65.1409,-11.2532,0.6989,0.7,0.3806,4.0278,23.5519,13.9741,14.9296,14.2333
7687,-65.2891,-11.2218,0.699,0.7,0.3069,3.9898,23.5519,13.9741,14.9296,14.2352
7688,-64.8457,-11.0129,0.6991,0.7,0.5569,3.9824,23.5519,13.9741,14.9296,14.2389
7689,-64.6244,-10.8823,0.6991,0.7,0.4861,4.0028,23.5519,13.9759,14.9296,14.238
7690,-63.9057,-10.8097,0.6991,0.7,0.5181,4.0333,23.5519,13.9769,14.9296,14.2398
7691,-63.7537,-10.665,0.699,0.7,0.4764,3.9907,23.5528,13.9787,14.9296,14.2389
7692,-62.9829,-10.4951,0.699,0.7,0.8986,4.0157,23.5528,13.9787,14.9296,14.2407
7693,-62.4132,-10.4236,0.699,0.7,1.3319,3.9963,23.5528,13.9796,14.9306,14.2398
7694,-61.6261,-10.2701,0.699,0.7,2.0931,4.0065,23.5528,13.9796,14.9306,14.2398
7695,-60.3417,-10.15,0.699,0.7,2.9528,4.0093,23.5528,13.9833,14.9306,14.2426
7696,-61.0905,-10.1677,0.699,0.7,2.9944,3.975,23.5528,13.9843,14.9306,14.2426
7697,-58.4501,-10.2449,0.6988,0.7,3.2972,3.9676,23.5537,13.9824,14.9306,14.2435
7698,-56.9441,-10.3484,0.6986,0.7,2.9278,3.9796,23.5537,13.9806,14.9306,14.2454
7699,-56.0262,-10.6146,0.6984,0.7,2.5028,3.9639,23.5537,13.9815,14.9306,14.2454
7700,-55.7763,-10.8564,0.6982,0.7,1.8931,3.9981,23.5537,13.9806,14.9306,14.2463
7701,-55.5074,-11.1719,0.698,0.7,1.5722,3.9481,23.5537,13.9796,14.9306,14.2463
7702,-55.6169,-11.2778,0.6979,0.7,1.6014,4.0037,23.5537,13.9824,14.9306,14.2481
7703,-55.8411,-11.4437,0.6978,0.7,1.1167,4.013,23.5546,13.9824,14.9306,14.2481
7704,-56.4956,-11.6661,0.6978,0.7,0.9292,4.0509,23.5546,13.9815,14.9306,14.25
7705,-57.9904,-11.8729,0.6978,0.7,0.5931,4.012,23.5546,13.9815,14.9315,14.2509
7706,-57.851,-11.9982,0.6978,0.7,0.4486,3.9537,23.5546,13.9824,14.9315,14.2537
7707,-59.5067,-12.0663,0.6978,0.7,0.3653,4.025,23.5546,13.9815,14.9315,14.2537
7708,-60.2879,-12.1944,0.6978,0.7,0.1722,3.9926,23.5556,13.9833,14.9315,14.2537
7709,-60.9136,-12.2241,0.6977,0.7,0.1625,3.9991,23.5556,13.9815,14.9315,14.2528
7710,-61.6792,-12.2693,0.6978,0.7,0.1292,4.0556,23.5556,13.9843,14.9315,14.2556
7711,-61.8686,-12.2609,0.6979,0.7,0.0972,4.0148,23.5556,13.9843,14.9315,14.2565
7712,-62.1644,-12.2781,0.6979,0.7,0.1014,4.0194,23.5556,13.9815,14.9315,14.2565
7713,-62.7128,-12.2643,0.698,0.7,0.0986,3.9611,23.5556,13.9806,14.9315,14.2565
7714,-63.1409,-12.2121,0.698,0.7,0.0819,4.0481,23.5565,13.9843,14.9315,14.2611
7715,-63.3916,-12.2269,0.6981,0.7,0.0653,3.9639,23.5565,13.9843,14.9315,14.2611
7716,-63.8791,-12.2165,0.698,0.7,0.0639,3.9676,23.5565,13.9861,14.9324,14.2611
7717,-64.1456,-12.0967,0.6981,0.7,0.0861,3.9935,23.5565,13.9852,14.9324,14.262
7718,-64.4701,-12.0185,0.6981,0.7,0.0778,3.95,23.5565,13.9824,14.9324,14.2611
7719,-64.5249,-11.974,0.6982,0.7,0.1264,4.0028,23.5574,13.9824,14.9324,14.262
7720,-64.7046,-11.9629,0.6983,0.7,0.1,3.9806,23.5574,13.9833,14.9324,14.2611
7721,-64.6318,-11.8502,0.6983,0.7,0.1389,3.9991,23.5574,13.9833,14.9324,14.2593
7722,-64.9063,-11.7644,0.6984,0.7,0.1458,3.9907,23.5574,13.9815,14.9324,14.2602
7723,-64.9618,-11.6768,0.6986,0.7,0.1222,3.9574,23.5574,13.9815,14.9324,14.2611
7724,-65.1267,-11.5732,0.6987,0.7,0.2097,3.9667,23.5574,13.9815,14.9324,14.263
7725,-65.3482,-11.4707,0.6988,0.7,0.2431,3.9731,23.5583,13.9815,14.9324,14.2611
7726,-65.1567,-11.3152,0.6988,0.7,0.2722,4.0231,23.5583,13.9824,14.9324,14.262
7727,-65.1044,-11.2694,0.6989,0.7,0.4097,3.9963,23.5583,13.9815,14.9324,14.2611
7728,-65.24,-11.1146,0.6989,0.7,0.4778,3.9907,23.5583,13.9833,14.9333,14.2639
7729,-64.4519,-11.0047,0.6989,0.7,0.5569,3.9861,23.5583,13.9833,14.9333,14.2648
7730,-64.4418,-10.7746,0.6989,0.7,0.4806,4.038,23.5583,13.9833,14.9333,14.2648
7731,-63.7266,-10.6202,0.6989,0.7,0.4514,4.012,23.5593,13.9843,14.9333,14.2657
7732,-62.3764,-10.4185,0.6989,0.7,1.1375,4.0185,23.5593,13.9852,14.9333,14.2667
7733,-61.8209,-10.2191,0.6989,0.7,2.4708,4.0278,23.5593,13.9833,14.9333,14.2685
7734,-60.2844,-10.1978,0.6988,0.7,3.1069,3.9926,23.5593,13.9833,14.9333,14.2685
7735,-57.1252,-10.3327,0.6987,0.7,2.9681,4.0093,23.5593,13.9852,14.9333,14.2694
7736,-56.0861,-10.5141,0.6985,0.7,2.5917,3.937,23.5593,13.9852,14.9333,14.2694
7737,-54.1001,-10.9564,0.6981,0.7,1.925,3.9806,23.5602,13.9843,14.9333,14.2694
7738,-55.1539,-11.2763,0.6979,0.7,1.4042,4.0463,23.5602,13.9833,14.9333,14.2694
7739,-55.1528,-11.4539,0.6977,0.7,1.2069,3.988,23.5602,13.9843,14.9333,14.2713
7740,-55.4963,-11.6783,0.6976,0.7,0.8736,4.0102,23.5602,13.987,14.9343,14.2741
7741,-57.2377,-11.895,0.6976,0.7,0.8083,3.9778,23.5602,13.9861,14.9343,14.2731
7742,-59.0524,-12.0592,0.6976,0.7,0.4167,4.0083,23.5611,13.9907,14.9343,14.2769
7743,-59.144,-12.0551,0.6976,0.7,0.3319,4.013,23.5611,13.9889,14.9343,14.2769
7744,-59.8139,-12.1448,0.6977,0.7,0.2472,4.0204,23.5611,13.9889,14.9343,14.2741
7745,-60.6405,-12.1966,0.6977,0.7,0.25,3.9657,23.5611,13.9907,14.9343,14.2731
7746,-61.4182,-12.2225,0.6978,0.7,0.1889,3.9454,23.5611,13.988,14.9343,14.2731
7747,-62.0248,-12.2686,0.6979,0.7,0.1264,4.0583,23.562,13.9907,14.9343,14.2769
7748,-62.7052,-12.2671,0.6979,0.7,0.1083,3.9759,23.562,13.9898,14.9343,14.2759
7749,-63.2798,-12.2402,0.6979,0.7,0.0431,4.0213,23.562,13.9907,14.9343,14.2778
7750,-63.611,-12.245,0.6979,0.7,0.0833,3.9602,23.562,13.9907,14.9343,14.2796
7751,-63.6127,-12.1825,0.6979,0.7,0.0986,4.0583,23.562,13.9907,14.9352,14.2787
7752,-64.0883,-12.1561,0.6978,0.7,0.0375,4.037,23.562,13.9926,14.9352,14.2815
7753,-64.3149,-12.0673,0.6978,0.7,0.1417,3.9917,23.563,13.9944,14.9352,14.2824
7754,-64.756,-11.9739,0.698,0.7,0.1264,3.9861,23.563,13.9935,14.9352,14.2815
7755,-64.7644,-11.9028,0.698,0.7,0.1375,4.0204,23.563,13.9954,14.9352,14.2833
7756,-65.2223,-11.8225,0.698,0.7,0.0861,3.9898,23.563,13.9954,14.9352,14.2833
7757,-65.1449,-11.7458,0.6981,0.7,0.1347,3.9861,23.5639,13.9972,14.9352,14.2833
7758,-65.108,-11.6142,0.6981,0.7,0.2111,3.9852,23.5639,13.9981,14.9352,14.2852
7759,-65.1906,-11.4434,0.6981,0.7,0.2444,3.9944,23.5639,14.0009,14.9352,14.2861
7760,-64.8715,-11.3752,0.6982,0.7,0.2833,4.0259,23.5639,14.0037,14.9361,14.2852
7761,-65.1472,-11.3186,0.6982,0.7,0.2875,3.9991,23.5639,14.0019,14.9361,14.288
7762,-64.9861,-11.173,0.6984,0.7,0.2347,4.013,23.5648,14.0019,14.9361,14.287
7763,-64.5975,-11.0088,0.6984,0.7,0.4833,3.9741,23.5648,14.0028,14.9361,14.287
7764,-64.5165,-10.866,0.6985,0.7,0.5042,4.0213,23.5648,14.0028,14.9361,14.288
7765,-63.8811,-10.6769,0.6985,0.7,0.4903,3.9861,23.5648,14.0037,14.9361,14.2907
7766,-62.6264,-10.5015,0.6984,0.7,0.6569,4.0213,23.5648,14.0046,14.9361,14.2926
7767,-62.5864,-10.3685,0.6985,0.7,1.0625,4.0315,23.5657,14.0028,14.9361,14.2907
7768,-61.3745,-10.2311,0.6984,0.7,2.4292,4.025,23.5657,14.0028,14.9361,14.2917
7769,-59.2107,-10.131,0.6983,0.7,3.3097,4.075,23.5657,14.0028,14.9361,14.2917
7770,-56.957,-10.3514,0.698,0.7,3.1153,3.9019,23.5657,14.0019,14.937,14.2926
7771,-56.5978,-10.4073,0.6979,0.7,2.8597,4.0222,23.5667,14.0028,14.937,14.2926
7772,-53.8355,-10.8302,0.6975,0.7,2.3042,3.9889,23.5667,14.0028,14.937,14.2944
7773,-54.971,-11.0277,0.6975,0.7,1.8931,4.0287,23.5667,14.0037,14.937,14.2954
7774,-55.544,-11.509,0.6973,0.7,1.1278,4.0204,23.5667,14.0046,14.937,14.2991
7775,-56.7743,-11.7793,0.6971,0.7,0.8403,4.0009,23.5676,14.0056,14.937,14.3019
7776,-57.2431,-11.8657,0.6971,0.7,0.6903,3.9731,23.5676,14.0065,14.937,14.3009
7777,-59.6252,-12.1236,0.697,0.7,0.3597,4.0259,23.5676,14.0065,14.937,14.3009
7778,-60.0447,-12.1755,0.697,0.7,0.2444,4.0417,23.5676,14.0074,14.938,14.3019
7779,-60.235,-12.2101,0.697,0.7,0.2514,4.0056,23.5685,14.0074,14.938,14.3019
7780,-60.7193,-12.2272,0.697,0.7,0.1917,4.0046,23.5685,14.0102,14.938,14.3046
7781,-61.3628,-12.2735,0.697,0.7,0.1528,3.987,23.5685,14.0111,14.938,14.3056
7782,-62.3296,-12.2489,0.6971,0.7,0.1458,3.9704,23.5685,14.013,14.938,14.3065
7783,-62.6157,-12.2823,0.697,0.7,0.0708,4.0167,23.5694,14.013,14.938,14.3037
7784,-63.1034,-12.2949,0.697,0.7,0.0528,4.0065,23.5694,14.0157,14.938,14.3037
7785,-63.5647,-12.2663,0.697,0.7,0.0333,3.9935,23.5694,14.0167,14.938,14.3037
7786,-63.8035,-12.2203,0.697,0.7,0.0319,3.9278,23.5694,14.0204,14.9389,14.3056
7787,-64.3293,-12.1235,0.697,0.7,0.0931,3.963,23.5704,14.0204,14.9389,14.3065
7788,-64.7415,-11.9724,0.697,0.7,0.0417,3.9898,23.5704,14.0204,14.9389,14.3065
7789,-64.7537,-11.942,0.697,0.7,0.1014,3.9963,23.5704,14.0222,14.9389,14.312
7790,-64.6457,-11.7894,0.6972,0.7,0.1625,4.0528,23.5713,14.0213,14.9389,14.3111
7791,-64.9806,-11.7679,0.6973,0.7,0.1889,3.9806,23.5713,14.0222,14.9389,14.3139
7792,-64.9814,-11.701,0.6974,0.7,0.1431,3.988,23.5713,14.0231,14.9389,14.3148
7793,-65.2202,-11.6107,0.6974,0.7,0.3028,3.9861,23.5713,14.0222,14.9398,14.3148
7794,-65.2665,-11.4748,0.6975,0.7,0.275,4.0472,23.5722,14.0204,14.9398,14.313
7795,-65.2236,-11.3484,0.6976,0.7,0.2806,3.9926,23.5722,14.0204,14.9398,14.312
7796,-65.3583,-11.2026,0.6976,0.7,0.2431,4.0361,23.5722,14.0204,14.9398,14.3139
7797,-65.092,-11.0335,0.6977,0.7,0.4028,4.0259,23.5731,14.0185,14.9398,14.3139
7798,-64.5938,-10.8708,0.6976,0.7,0.4986,3.987,23.5731,14.0204,14.9398,14.3157
7799,-64.4407,-10.6529,0.6976,0.7,0.4708,4.0602,23.5731,14.0185,14.9398,14.3148
7800,-62.9228,-10.4757,0.6976,0.7,0.5597,4.0167,23.5731,14.0194,14.9407,14.3167
7801,-61.8046,-10.2416,0.6975,0.7,1.9111,3.9565,23.5741,14.0194,14.9407,14.3204
7802,-61.0749,-10.0919,0.6975,0.7,3.2514,3.9991,23.5741,14.0213,14.9407,14.3204
7803,-59.4793,-10.1163,0.6973,0.7,3.7264,3.9778,23.5741,14.0231,14.9407,14.3222
7804,-57.0149,-10.3391,0.6971,0.7,3.0403,3.9861,23.575,14.0287,14.9407,14.325
7805,-54.7778,-10.7536,0.6967,0.7,2.4819,4.0343,23.575,14.0306,14.9407,14.325
7806,-54.3171,-11.2048,0.6964,0.7,1.5333,3.9926,23.575,14.0352,14.9417,14.3287
7807,-55.5545,-11.4837,0.6962,0.7,1.3667,4.0204,23.5759,14.0352,14.9417,14.3296
7808,-55.3141,-11.5743,0.6962,0.7,1.1694,4.0167,23.5759,14.0352,14.9417,14.3306
7809,-57.4811,-11.8699,0.6961,0.7,0.6722,3.9333,23.5759,14.0352,14.9417,14.3315
7810,-57.6031,-11.9029,0.6961,0.7,0.6569,4.0204,23.5769,14.0398,14.9417,14.3296
7811,-59.1509,-12.0833,0.6961,0.7,0.4556,3.9935,23.5769,14.0407,14.9417,14.3287
7812,-60.3595,-12.167,0.6961,0.7,0.2792,4.038,23.5769,14.0417,14.9426,14.3296
7813,-60.6394,-12.2411,0.696,0.7,0.1653,4.0157,23.5778,14.0472,14.9426,14.3352
7814,-61.7516,-12.2691,0.6961,0.7,0.1181,3.9704,23.5778,14.0491,14.9426,14.3389
7815,-62.3778,-12.2822,0.6961,0.7,0.1153,3.9889,23.5787,14.0491,14.9426,14.3398
7816,-62.6843,-12.2901,0.6961,0.7,0.0667,4.012,23.5787,14.0463,14.9426,14.337
7817,-62.7805,-12.282,0.6961,0.7,0.0681,4.0148,23.5787,14.0509,14.9426,14.3398
7818,-63.3473,-12.2281,0.6962,0.7,0.0556,4.0269,23.5796,14.0537,14.9435,14.3435
7819,-63.6568,-12.1497,0.6963,0.7,0.1042,3.9806,23.5796,14.0593,14.9435,14.3463
7820,-64.3766,-12.0878,0.6963,0.7,0.0986,3.987,23.5796,14.063,14.9435,14.3454
7821,-64.413,-12.0413,0.6963,0.7,0.1347,3.987,23.5806,14.0648,14.9435,14.3481
7822,-64.6892,-11.9385,0.6963,0.7,0.1014,3.9648,23.5806,14.0648,14.9435,14.3481
7823,-65.0052,-11.8614,0.6965,0.7,0.1472,3.9787,23.5806,14.0676,14.9444,14.3491
7824,-64.9164,-11.7699,0.6965,0.7,0.1458,3.9528,23.5815,14.0722,14.9444,14.3528
7825,-65.4341,-11.5863,0.6966,0.7,0.0986,4.0398,23.5815,14.0722,14.9444,14.3556
7826,-65.2554,-11.4393,0.6966,0.7,0.2431,4.0148,23.5824,14.0778,14.9444,14.362
7827,-65.4676,-11.2656,0.6966,0.7,0.2736,3.9917,23.5824,14.0796,14.9444,14.3639
7828,-65.1882,-11.2027,0.6967,0.7,0.3333,4.0407,23.5824,14.0815,14.9444,14.3657
7829,-65.0093,-10.9948,0.6967,0.7,0.3986,3.9796,23.5833,14.0833,14.9454,14.3676
7830,-64.9193,-10.9069,0.6967,0.7,0.4111,3.9787,23.5833,14.0806,14.9454,14.3676
7831,-64.3888,-10.7492,0.6966,0.7,0.4778,3.9278,23.5833,14.0806,14.9454,14.3676
7832,-63.9162,-10.6247,0.6966,0.7,0.4722,4.0315,23.5843,14.0843,14.9454,14.3704
7833,-63.3192,-10.4818,0.6966,0.7,0.7167,4.0213,23.5843,14.0861,14.9454,14.3704
7834,-62.2825,-10.3743,0.6966,0.7,1.0444,4.0259,23.5852,14.0843,14.9463,14.3694
7835,-61.5384,-10.2589,0.6965,0.7,1.8375,3.9944,23.5852,14.0861,14.9463,14.3694
7836,-60.6837,-10.1421,0.6964,0.7,2.9375,4.0019,23.5861,14.0889,14.9463,14.3722
7837,-60.7256,-10.1246,0.6964,0.7,2.9847,4.0093,23.5861,14.0935,14.9463,14.3778
7838,-59.5162,-10.2084,0.6963,0.7,3.1806,3.9806,23.5861,14.0963,14.9463,14.3824
7839,-57.5412,-10.2641,0.6961,0.7,3.3125,4.0065,23.587,14.0935,14.9472,14.3824
7840,-55.5767,-10.4593,0.696,0.7,2.9361,4.0361,23.587,14.0972,14.9472,14.3843
7841,-56.3494,-10.4807,0.696,0.7,2.7625,4.0231,23.588,14.0981,14.9472,14.3843
7842,-52.8988,-10.8901,0.6956,0.7,2.3667,3.9611,23.588,14.1,14.9472,14.387
7843,-53.1339,-10.8323,0.6954,0.7,2.3972,4.0315,23.588,14.1046,14.9481,14.3907
7844,-54.7619,-10.5173,0.6955,0.7,2.7708,3.9852,23.5889,14.1083,14.9481,14.3972
7845,-56.6054,-10.2196,0.6955,0.7,3.1972,4.0194,23.5889,14.1111,14.9481,14.3991
7846,-59.5445,-10.0797,0.6956,0.7,2.9681,3.9417,23.5898,14.112,14.9481,14.3981
7847,-62.2477,-10.1174,0.6955,0.7,2.2389,4.0324,23.5898,14.113,14.9481,14.3991
7848,-62.8027,-10.2878,0.6953,0.7,1.25,4.038,23.5907,14.112,14.9491,14.4
7849,-62.6222,-10.4367,0.6952,0.7,0.775,3.9602,23.5907,14.1167,14.9491,14.4019
7850,-63.5613,-10.5455,0.6951,0.7,0.4583,4.0139,23.5917,14.1194,14.9491,14.4028
7851,-63.4376,-10.4999,0.695,0.7,0.4514,3.9898,23.5917,14.1213,14.95,14.4019
7852,-63.2517,-10.5139,0.6949,0.7,0.5458,3.9435,23.5926,14.1259,14.95,14.4037
7853,-63.4037,-10.5743,0.6949,0.7,0.3861,4.0,23.5935,14.1259,14.95,14.4028
7854,-63.338,-10.454,0.6949,0.7,0.6375,4.0019,23.5935,14.1278,14.95,14.4056
7855,-62.9345,-10.246,0.6949,0.7,1.3167,3.988,23.5944,14.1333,14.9509,14.4139
7856,-62.1099,-10.265,0.6948,0.7,1.3597,3.9583,23.5944,14.1398,14.9509,14.4213
7857,-61.5456,-10.169,0.6947,0.7,2.5708,4.0537,23.5954,14.1435,14.9509,14.4269
7858,-61.4469,-10.2091,0.6947,0.7,2.2361,3.9926,23.5963,14.1463,14.9519,14.4306
7859,-61.0333,-10.1379,0.6947,0.7,2.8444,4.0148,23.5963,14.1491,14.9519,14.4343
7860,-59.8951,-10.0661,0.6947,0.7,3.35,3.9898,23.5972,14.1472,14.9519,14.4333
7861,-57.9608,-10.2082,0.6945,0.7,3.4069,3.9472,23.5972,14.1481,14.9519,14.4352
7862,-55.126,-10.4071,0.6942,0.7,3.0653,3.9954,23.5981,14.1481,14.9528,14.438
7863,-54.8783,-10.7317,0.694,0.7,2.2944,4.0269,23.5991,14.1537,14.9528,14.4417
7864,-54.5767,-10.9894,0.694,0.7,1.9403,3.9657,23.5991,14.1583,14.9528,14.4463
7865,-54.9781,-11.3318,0.6938,0.7,1.5222,4.0046,23.6,14.163,14.9537,14.4509
7866,-55.1014,-11.6705,0.6936,0.7,1.0569,4.0028,23.6,14.1648,14.9537,14.4556
7867,-57.1855,-11.7816,0.6937,0.7,0.8278,4.0204,23.6009,14.1685,14.9537,14.4583
7868,-57.167,-11.8874,0.6938,0.7,0.7639,4.0463,23.6009,14.1722,14.9537,14.4593
7869,-58.8514,-12.0738,0.6937,0.7,0.5486,3.988,23.6019,14.1722,14.9546,14.4611
7870,-59.3571,-12.1263,0.6938,0.7,0.2792,3.9546,23.6028,14.1722,14.9546,14.462
7871,-60.6529,-12.2515,0.6938,0.7,0.1306,3.9907,23.6028,14.1722,14.9546,14.4639
7872,-61.3011,-12.2542,0.6938,0.7,0.2056,3.9778,23.6037,14.1731,14.9556,14.462
7873,-61.3261,-12.3019,0.6938,0.7,0.1764,4.0241,23.6037,14.1769,14.9556,14.4639
7874,-61.5393,-12.2723,0.6939,0.7,0.1042,4.0139,23.6046,14.1778,14.9556,14.4657
7875,-62.252,-12.3131,0.6939,0.7,0.0889,4.0065,23.6056,14.1778,14.9556,14.4657
7876,-62.4307,-12.2852,0.694,0.7,0.1153,3.9852,23.6056,14.1778,14.9565,14.4676
7877,-62.7717,-12.2737,0.6941,0.7,0.1139,3.9963,23.6065,14.1787,14.9565,14.4676
7878,-63.3848,-12.2856,0.6941,0.7,0.0556,4.0167,23.6065,14.1796,14.9565,14.4694
7879,-63.35,-12.2816,0.6941,0.7,0.0444,3.9815,23.6074,14.1833,14.9574,14.4713
7880,-63.7028,-12.2801,0.6941,0.7,0.0722,4.0259,23.6074,14.1833,14.9574,14.4713
7881,-63.6996,-12.2245,0.6941,0.7,0.0667,3.9806,23.6083,14.187,14.9574,14.4731
7882,-64.0913,-12.2229,0.6941,0.7,0.0319,4.0028,23.6093,14.187,14.9574,14.4741
7883,-64.2462,-12.1701,0.6941,0.7,0.0806,4.0194,23.6093,14.1898,14.9583,14.4741
7884,-64.1705,-12.1567,0.6941,0.7,0.0875,3.975,23.6102,14.1917,14.9583,14.4769
7885,-64.5087,-12.1083,0.6941,0.7,0.0847,3.9759,23.6102,14.1944,14.9583,14.4796
7886,-64.7126,-12.0484,0.6941,0.7,0.0861,4.0593,23.6111,14.1963,14.9593,14.4833
7887,-64.8432,-11.9578,0.6941,0.7,0.1208,4.0083,23.612,14.1972,14.9593,14.4824
7888,-65.0081,-11.8712,0.6942,0.7,0.1069,3.9685,23.612,14.1972,14.9593,14.4852
7889,-65.3445,-11.7322,0.6943,0.7,0.1222,4.0019,23.613,14.1963,14.9602,14.4852
7890,-65.3789,-11.6479,0.6944,0.7,0.1944,4.0361,23.613,14.1972,14.9602,14.487
7891,-65.4093,-11.554,0.6944,0.7,0.1694,4.0,23.6139,14.1981,14.9602,14.4898
7892,-65.5095,-11.4638,0.6944,0.7,0.2486,3.9426,23.6148,14.1981,14.9602,14.4889
7893,-65.6449,-11.4066,0.6945,0.7,0.2389,4.012,23.6148,14.2009,14.9611,14.4898
7894,-65.4667,-11.3197,0.6944,0.7,0.3097,3.9944,23.6157,14.2019,14.9611,14.4917
7895,-65.3528,-11.2617,0.6944,0.7,0.3125,3.9926,23.6157,14.2065,14.9611,14.4954
7896,-65.1009,-11.25,0.6945,0.7,0.3292,4.0019,23.6167,14.2074,14.962,14.4981
7897,-65.3196,-11.0245,0.6945,0.7,0.4111,3.9306,23.6176,14.2074,14.962,14.5009
7898,-64.2216,-10.8803,0.6946,0.7,0.5111,4.0204,23.6176,14.2074,14.962,14.5019
7899,-64.3287,-10.6837,0.6947,0.7,0.4778,4.0611,23.6185,14.2111,14.963,14.5056
7900,-63.6228,-10.5902,0.6948,0.7,0.4542,3.9713,23.6185,14.213,14.963,14.5074
7901,-62.7863,-10.3671,0.6948,0.7,1.0278,4.0722,23.6194,14.2148,14.963,14.5111
7902,-61.8919,-10.3438,0.6948,0.7,1.1806,3.9806,23.6194,14.2185,14.963,14.5157
7903,-61.258,-10.1798,0.6948,0.7,2.1986,3.9528,23.6204,14.2213,14.9639,14.5213
7904,-60.3745,-10.1167,0.6948,0.7,3.3944,3.9843,23.6213,14.2259,14.9639,14.5231
7905,-57.9201,-10.2133,0.6948,0.7,3.4556,4.0352,23.6213,14.2269,14.9639,14.525
7906,-55.7754,-10.4929,0.6946,0.7,2.9042,4.0593,23.6222,14.2278,14.9648,14.5296
7907,-54.9136,-11.0729,0.6941,0.7,1.8097,4.0426,23.6222,14.2296,14.9648,14.5324
7908,-54.9602,-11.2703,0.6941,0.7,1.6569,4.0528,23.6231,14.2306,14.9648,14.5352
7909,-55.9356,-11.5226,0.6941,0.7,1.1208,3.9963,23.6241,14.2296,14.9648,14.537
7910,-56.3553,-11.7237,0.6941,0.7,1.0042,3.9667,23.6241,14.2343,14.9657,14.5398
7911,-57.8534,-11.9037,0.6942,0.7,0.5722,4.0,23.625,14.237,14.9657,14.5417
7912,-58.4974,-11.9535,0.6944,0.7,0.5819,3.9509,23.625,14.2389,14.9657,14.5454
7913,-59.2686,-12.0815,0.6945,0.7,0.3389,3.9704,23.6259,14.2407,14.9657,14.55
7914,-60.2551,-12.1404,0.6946,0.7,0.2708,4.0056,23.6259,14.2472,14.9667,14.5556
7915,-61.1925,-12.276,0.6947,0.7,0.1319,3.9704,23.6269,14.2491,14.9667,14.5565
7916,-61.8993,-12.2463,0.6948,0.7,0.1042,3.9685,23.6269,14.2537,14.9667,14.5611
7917,-62.2457,-12.2425,0.6949,0.7,0.1486,4.0509,23.6278,14.2519,14.9667,14.5602
7918,-62.3888,-12.2449,0.6951,0.7,0.0944,4.0361,23.6278,14.2528,14.9676,14.5611
7919,-62.8325,-12.2207,0.6952,0.7,0.0917,4.0083,23.6287,14.2528,14.9676,14.5611
7920,-63.373,-12.2679,0.6954,0.7,0.0792,3.9824,23.6287,14.2556,14.9676,14.563
7921,-63.6801,-12.1781,0.6956,0.7,0.1069,3.9907,23.6296,14.2556,14.9676,14.563
7922,-64.1683,-12.1612,0.6957,0.7,0.0528,4.0037,23.6296,14.2565,14.9685,14.5639
7923,-64.366,-12.0663,0.6958,0.7,0.0833,3.9926,23.6296,14.2574,14.9685,14.562
7924,-64.367,-11.979,0.6959,0.7,0.1139,4.0296,23.6306,14.2611,14.9685,14.5648
7925,-64.5073,-11.8813,0.6961,0.7,0.175,4.0093,23.6306,14.262,14.9685,14.5657
7926,-64.7629,-11.8382,0.6962,0.7,0.1472,4.063,23.6315,14.2639,14.9685,14.5685
7927,-65.0878,-11.6833,0.6964,0.7,0.1736,3.9611,23.6315,14.263,14.9694,14.5676
7928,-65.0343,-11.6655,0.6966,0.7,0.1917,3.9759,23.6315,14.263,14.9694,14.5685
7929,-65.2574,-11.5559,0.6967,0.7,0.1861,4.0083,23.6324,14.263,14.9694,14.5704
7930,-65.5421,-11.3693,0.697,0.7,0.3083,4.0009,23.6324,14.2657,14.9694,14.5722
7931,-64.9798,-11.2316,0.697,0.7,0.2847,3.9944,23.6333,14.2676,14.9694,14.575
7932,-64.7962,-11.0789,0.6972,0.7,0.5069,3.9861,23.6333,14.2676,14.9704,14.5759
7933,-64.8143,-10.8966,0.6974,0.7,0.6514,4.0287,23.6333,14.2657,14.9704,14.575
7934,-64.1004,-10.8529,0.6975,0.7,0.5528,4.0037,23.6343,14.2657,14.9704,14.5759
7935,-63.6951,-10.6755,0.6976,0.7,0.5514,4.0204,23.6343,14.2676,14.9704,14.5759
7936,-61.9087,-10.3789,0.6977,0.7,0.8347,3.975,23.6343,14.2676,14.9704,14.5759
7937,-61.6714,-10.247,0.6978,0.7,2.1792,4.0176,23.6343,14.2676,14.9704,14.5759
7938,-60.8358,-10.1402,0.6978,0.7,3.1764,3.9972,23.6352,14.2704,14.9704,14.5787
7939,-59.1636,-10.1271,0.6977,0.7,3.3819,3.9667,23.6352,14.2694,14.9713,14.5778
7940,-55.4855,-10.4906,0.6975,0.7,3.1292,4.0537,23.6352,14.2694,14.9713,14.5778
7941,-54.7159,-10.8097,0.6975,0.7,2.5125,3.9778,23.6361,14.2722,14.9713,14.5796
7942,-55.2609,-11.1239,0.6973,0.7,1.7,3.975,23.6361,14.275,14.9713,14.5778
7943,-55.7464,-11.5355,0.6972,0.7,1.3125,4.0157,23.6361,14.2741,14.9713,14.5759
7944,-57.1576,-11.8218,0.6971,0.7,0.8139,3.9648,23.6361,14.275,14.9713,14.5769
7945,-58.0788,-12.008,0.6971,0.7,0.5222,4.0426,23.637,14.2787,14.9713,14.5796
7946,-58.8503,-12.071,0.6972,0.7,0.4264,3.9944,23.637,14.2787,14.9722,14.5778
7947,-59.8614,-12.1314,0.6973,0.7,0.2597,3.9917,23.637,14.2806,14.9722,14.5796
7948,-60.4175,-12.2087,0.6973,0.7,0.2694,4.0389,23.637,14.2796,14.9722,14.5787
7949,-60.4594,-12.2002,0.6974,0.7,0.2375,3.9704,23.638,14.2778,14.9722,14.575
7950,-61.4824,-12.2542,0.6975,0.7,0.2028,3.9704,23.638,14.2769,14.9722,14.5759
7951,-61.6746,-12.2565,0.6976,0.7,0.1347,4.0204,23.638,14.2778,14.9722,14.5759
7952,-62.2428,-12.2547,0.6978,0.7,0.0639,3.9843,23.638,14.2759,14.9722,14.5741
7953,-62.8155,-12.2966,0.6978,0.7,0.0736,3.9806,23.638,14.2769,14.9722,14.575
7954,-63.0027,-12.2071,0.6979,0.7,0.0694,4.013,23.6389,14.2759,14.9722,14.5769
7955,-63.6325,-12.198,0.698,0.7,0.0708,4.0204,23.6389,14.2759,14.9722,14.5787
7956,-64.1613,-12.1215,0.6981,0.7,0.0792,3.9611,23.6389,14.2759,14.9731,14.5787
7957,-64.3567,-12.0787,0.6981,0.7,0.0403,3.9759,23.6389,14.2759,14.9731,14.5787
7958,-64.7494,-12.0119,0.6982,0.7,0.1056,3.988,23.6389,14.275,14.9731,14.5778
7959,-64.9099,-11.9043,0.6982,0.7,0.1222,3.9917,23.6398,14.2759,14.9731,14.5787
7960,-64.98,-11.8971,0.6982,0.7,0.1486,4.038,23.6398,14.2769,14.9731,14.5806
7961,-64.7334,-11.8067,0.6983,0.7,0.1194,4.0417,23.6398,14.2759,14.9731,14.5806
7962,-65.2958,-11.7113,0.6984,0.7,0.1333,3.9926,23.6398,14.275,14.9731,14.5796
7963,-65.4251,-11.5969,0.6985,0.7,0.1819,4.0065,23.6398,14.275,14.9731,14.5787
7964,-65.5478,-11.5168,0.6985,0.7,0.1861,3.9917,23.6398,14.2759,14.9731,14.575
7965,-65.1525,-11.3524,0.6985,0.7,0.2681,4.0083,23.6407,14.2787,14.9731,14.575
7966,-65.1097,-11.113,0.6986,0.7,0.4222,4.012,23.6407,14.2806,14.9731,14.575
7967,-65.0113,-11.0646,0.6986,0.7,0.4125,4.0046,23.6407,14.2796,14.9741,14.575
7968,-64.7534,-10.8642,0.6986,0.7,0.5444,3.9759,23.6407,14.2796,14.9741,14.575
7969,-64.5537,-10.7571,0.6986,0.7,0.4583,3.9796,23.6407,14.2787,14.9741,14.575
7970,-64.1323,-10.6614,0.6987,0.7,0.4222,4.0611,23.6417,14.2769,14.9741,14.5741
7971,-63.511,-10.5176,0.6987,0.7,0.4139,3.9833,23.6417,14.2778,14.9741,14.575
7972,-62.9362,-10.4553,0.6987,0.7,0.6083,3.9667,23.6417,14.2778,14.9741,14.5731
7973,-62.3677,-10.4039,0.6987,0.7,0.825,4.0074,23.6417,14.2787,14.9741,14.5741
7974,-61.6725,-10.2939,0.6987,0.7,1.1472,4.0167,23.6417,14.2778,14.9741,14.5741
7975,-61.3181,-10.2226,0.6988,0.7,2.0611,4.0185,23.6426,14.2759,14.9741,14.5731
7976,-60.3894,-10.1752,0.6988,0.7,2.9083,3.9769,23.6426,14.2787,14.9741,14.5731
7977,-59.5831,-10.1426,0.6989,0.7,3.4333,3.9444,23.6426,14.2796,14.9741,14.5741
7978,-56.9291,-10.2936,0.6987,0.7,3.0958,3.9676,23.6426,14.2796,14.975,14.5741
7979,-53.5196,-10.939,0.6982,0.7,2.2417,3.938,23.6426,14.2769,14.975,14.5713
7980,-54.4813,-11.1896,0.6981,0.7,1.6347,4.0148,23.6426,14.2778,14.975,14.5704
7981,-55.0646,-11.4832,0.698,0.7,1.2833,4.0009,23.6435,14.2796,14.975,14.5713
7982,-56.8582,-11.762,0.6979,0.7,0.9319,4.0407,23.6435,14.2815,14.975,14.5722
7983,-57.8041,-11.908,0.6979,0.7,0.5389,4.0056,23.6435,14.2806,14.975,14.5722
7984,-58.9932,-12.0409,0.6979,0.7,0.5069,4.0037,23.6435,14.2796,14.975,14.5741
7985,-59.9829,-12.2016,0.6979,0.7,0.2764,3.9963,23.6435,14.2796,14.975,14.5731
7986,-60.434,-12.1597,0.698,0.7,0.3153,3.962,23.6435,14.2806,14.975,14.5741
7987,-61.4603,-12.2479,0.698,0.7,0.1125,3.963,23.6444,14.2778,14.975,14.5713
7988,-62.2801,-12.2626,0.698,0.7,0.0778,3.9556,23.6444,14.2769,14.975,14.5704
7989,-62.049,-12.2846,0.6981,0.7,0.1181,3.9407,23.6444,14.2769,14.975,14.5713
7990,-62.351,-12.2811,0.6981,0.7,0.1333,3.9972,23.6444,14.2769,14.9759,14.5685
7991,-62.7575,-12.2598,0.6982,0.7,0.0514,3.9991,23.6444,14.2759,14.9759,14.5648
7992,-62.8303,-12.2062,0.6983,0.7,0.0139,4.0083,23.6444,14.2722,14.9759,14.562
7993,-63.736,-12.2334,0.6985,0.7,0.0694,3.9981,23.6454,14.2741,14.9759,14.563
7994,-64.0013,-12.1883,0.6985,0.7,0.0944,3.9704,23.6454,14.275,14.9759,14.5639
7995,-64.2164,-12.1761,0.6986,0.7,0.0278,3.987,23.6454,14.2741,14.9759,14.5583
7996,-64.1423,-12.0937,0.6986,0.7,0.1083,4.0556,23.6454,14.2769,14.9759,14.5611
7997,-64.6904,-12.0089,0.6986,0.7,0.0583,4.0093,23.6454,14.2731,14.9759,14.5583
7998,-64.8184,-11.9119,0.6987,0.7,0.1556,4.0056,23.6454,14.2731,14.9759,14.5574
7999,-65.1766,-11.8102,0.6988,0.7,0.1167,3.9981,23.6454,14.275,14.9759,14.5602
8000,-65.1588,-11.7234,0.6988,0.7,0.1347,4.0194,23.6463,14.275,14.9759,14.5602
8001,-65.2744,-11.6718,0.6989,0.7,0.2347,3.9676,23.6463,14.2759,14.9759,14.5611
8002,-65.1866,-11.5393,0.699,0.7,0.1306,3.9824,23.6463,14.2769,14.9759,14.563
8003,-65.4052,-11.3845,0.6991,0.7,0.1889,4.0352,23.6463,14.2787,14.9759,14.563
8004,-65.1801,-11.2061,0.6991,0.7,0.3944,4.0537,23.6463,14.2824,14.9769,14.563
8005,-65.2242,-11.0441,0.6992,0.7,0.4208,3.9546,23.6463,14.2824,14.9769,14.563
8006,-64.451,-10.8178,0.6992,0.7,0.5181,3.9981,23.6463,14.2815,14.9769,14.562
8007,-63.8465,-10.6758,0.6992,0.7,0.4958,4.0185,23.6472,14.2796,14.9769,14.5611
8008,-63.2538,-10.4862,0.6991,0.7,0.4,4.0657,23.6472,14.2796,14.9769,14.562
8009,-63.2753,-10.4663,0.6991,0.7,0.3722,4.0037,23.6472,14.2806,14.9769,14.5602
8010,-62.9972,-10.3853,0.6991,0.7,0.6014,4.0102,23.6472,14.2806,14.9769,14.5602
8011,-62.3058,-10.3086,0.6991,0.7,0.9972,4.0148,23.6472,14.2796,14.9769,14.5611
8012,-62.0543,-10.2078,0.699,0.7,1.7056,4.0102,23.6472,14.2843,14.9769,14.5648
8013,-61.698,-10.1395,0.6989,0.7,2.2056,3.9991,23.6472,14.2852,14.9769,14.5657
8014,-61.332,-10.0957,0.6988,0.7,2.5833,3.9907,23.6481,14.2843,14.9769,14.5648
8015,-59.9681,-10.1149,0.6986,0.7,3.2625,3.962,23.6481,14.2843,14.9769,14.5657
8016,-59.3707,-10.0696,0.6986,0.7,3.2472,4.0574,23.6481,14.2843,14.9769,14.5657
8017,-58.485,-10.2361,0.6985,0.7,3.1014,4.0074,23.6481,14.2861,14.9778,14.5685
8018,-57.7706,-10.2491,0.6985,0.7,3.3278,4.0037,23.6481,14.2843,14.9778,14.5676
8019,-55.8082,-10.4053,0.6984,0.7,3.2375,3.9741,23.6491,14.2843,14.9778,14.5676
8020,-55.6391,-10.4882,0.6984,0.7,2.7903,4.0,23.6491,14.2833,14.9778,14.5657
8021,-54.6196,-10.8912,0.6982,0.7,2.3306,3.9741,23.6491,14.2815,14.9778,14.5639
8022,-55.768,-11.1494,0.6981,0.7,1.8125,3.9944,23.6491,14.2824,14.9778,14.562
8023,-55.351,-11.5404,0.6979,0.7,1.1583,3.975,23.6491,14.2843,14.9778,14.562
8024,-56.3238,-11.7989,0.6978,0.7,0.8181,4.0944,23.65,14.2824,14.9778,14.5602
8025,-57.2454,-11.8659,0.6979,0.7,0.6292,4.0074,23.65,14.2843,14.9778,14.5611
8026,-58.7362,-12.0017,0.698,0.7,0.5375,4.0222,23.65,14.2898,14.9778,14.562
8027,-59.5327,-12.0689,0.698,0.7,0.4833,4.0352,23.65,14.2889,14.9778,14.563
8028,-59.6578,-12.0942,0.6981,0.7,0.3264,3.988,23.65,14.2889,14.9787,14.562
8029,-60.7753,-12.235,0.6982,0.7,0.1264,3.9824,23.65,14.2889,14.9787,14.5602
8030,-61.4217,-12.2686,0.6982,0.7,0.0903,4.0065,23.65,14.288,14.9787,14.5574
8031,-61.9886,-12.2873,0.6983,0.7,0.1014,3.9926,23.6509,14.288,14.9787,14.5556
8032,-62.7607,-12.2922,0.6983,0.7,0.0736,4.0019,23.6509,14.2852,14.9787,14.5546
8033,-62.9307,-12.2669,0.6984,0.7,0.0597,4.0194,23.6509,14.2843,14.9787,14.5565
8034,-63.2491,-12.2207,0.6985,0.7,0.0611,4.0019,23.6509,14.288,14.9787,14.5574
8035,-63.9086,-12.161,0.6986,0.7,0.0792,4.0417,23.6509,14.2926,14.9787,14.5611
8036,-64.3715,-12.0983,0.6987,0.7,0.0625,4.0241,23.6509,14.2907,14.9787,14.5593
8037,-64.3942,-12.0211,0.6988,0.7,0.1236,3.9843,23.6509,14.2907,14.9787,14.5602
8038,-64.6748,-12.0165,0.6989,0.7,0.1139,3.9565,23.6519,14.2917,14.9787,14.5593
8039,-64.8657,-11.9709,0.6988,0.7,0.0681,4.0435,23.6519,14.2944,14.9787,14.563
8040,-64.8619,-11.9027,0.6988,0.7,0.0792,3.9972,23.6519,14.2935,14.9787,14.5657
8041,-65.2875,-11.8533,0.6989,0.7,0.15,3.938,23.6519,14.2917,14.9787,14.5639
8042,-65.1783,-11.8487,0.6989,0.7,0.0889,4.0037,23.6519,14.2926,14.9787,14.5639
8043,-64.9527,-11.7232,0.6989,0.7,0.1986,3.9963,23.6519,14.2935,14.9787,14.5639
8044,-65.5647,-11.6578,0.6989,0.7,0.1597,4.0019,23.6519,14.2944,14.9796,14.5639
8045,-65.409,-11.5184,0.6989,0.7,0.1806,4.0019,23.6519,14.2954,14.9796,14.563
8046,-65.6116,-11.4195,0.699,0.7,0.1778,3.9991,23.6528,14.2981,14.9796,14.563
8047,-65.2412,-11.3277,0.6991,0.7,0.3444,4.0194,23.6528,14.3028,14.9796,14.5657
8048,-64.881,-11.2065,0.6992,0.7,0.4542,4.0565,23.6528,14.3028,14.9796,14.5657
8049,-64.9575,-11.0269,0.6992,0.7,0.5139,4.0139,23.6528,14.3046,14.9796,14.5667
8050,-64.5053,-10.8983,0.6993,0.7,0.5333,4.012,23.6528,14.3019,14.9796,14.5667
8051,-63.865,-10.7445,0.6994,0.7,0.5389,4.0472,23.6528,14.3019,14.9796,14.5676
8052,-63.415,-10.5389,0.6995,0.7,0.4931,4.0231,23.6528,14.3028,14.9796,14.5685
8053,-62.6734,-10.4271,0.6996,0.7,0.5917,3.95,23.6537,14.3028,14.9796,14.5704
8054,-62.4925,-10.3765,0.6997,0.7,0.7736,3.9824,23.6537,14.3046,14.9796,14.5713
8055,-61.6856,-10.1693,0.6997,0.7,2.0375,3.9731,23.6537,14.3065,14.9796,14.5722
8056,-60.6719,-10.0837,0.6997,0.7,3.0625,4.013,23.6537,14.3065,14.9796,14.5713
8057,-58.8343,-10.1029,0.6995,0.7,3.7292,3.9778,23.6537,14.3037,14.9796,14.5741
8058,-58.7064,-10.1978,0.6994,0.7,3.3875,4.0259,23.6537,14.3028,14.9796,14.575
8059,-56.5566,-10.3315,0.6993,0.7,3.3125,4.0454,23.6537,14.3,14.9796,14.5741
8060,-54.6373,-10.6741,0.6989,0.7,2.8458,3.963,23.6537,14.3009,14.9796,14.5731
8061,-53.4051,-10.8437,0.6988,0.7,2.5056,3.9824,23.6537,14.3009,14.9806,14.5731
8062,-54.2493,-11.1303,0.6985,0.7,2.0694,3.9907,23.6537,14.3009,14.9806,14.575
8063,-54.0466,-11.2357,0.6984,0.7,1.7611,4.0185,23.6546,14.3019,14.9806,14.575
8064,-54.0157,-11.0995,0.6983,0.7,2.1181,3.9907,23.6546,14.3065,14.9806,14.5741
8065,-53.3144,-11.0935,0.6983,0.7,2.1028,3.9935,23.6546,14.3083,14.9806,14.5769
8066,-52.9923,-11.0956,0.6982,0.7,1.9792,4.0213,23.6546,14.3102,14.9806,14.5796
8067,-54.3656,-11.1155,0.6982,0.7,1.9333,4.0444,23.6546,14.3111,14.9806,14.5806
8068,-53.8294,-11.1344,0.6982,0.7,2.0153,3.9861,23.6546,14.3093,14.9806,14.5796
8069,-54.3583,-11.1638,0.6981,0.7,2.1069,4.0194,23.6546,14.3111,14.9806,14.5824
8070,-54.4026,-11.3094,0.698,0.7,1.5319,4.0065,23.6556,14.312,14.9806,14.5824
8071,-55.5897,-11.4437,0.698,0.7,1.2972,3.9602,23.6556,14.313,14.9806,14.5833
8072,-55.2579,-11.5212,0.698,0.7,1.1833,4.0454,23.6556,14.3139,14.9806,14.5833
8073,-55.7019,-11.5676,0.698,0.7,1.0514,3.9806,23.6556,14.3157,14.9806,14.5852
8074,-55.8902,-11.7561,0.6978,0.7,1.0819,3.9889,23.6556,14.3148,14.9806,14.5843
8075,-57.2324,-11.826,0.6978,0.7,0.8153,4.0139,23.6556,14.3176,14.9815,14.5824
8076,-57.4587,-11.899,0.6978,0.7,0.6444,4.0269,23.6565,14.3176,14.9815,14.5843
8077,-58.0319,-12.0468,0.6978,0.7,0.4125,4.0676,23.6565,14.3204,14.9815,14.5861
8078,-59.5967,-12.1793,0.6978,0.7,0.275,4.0296,23.6565,14.3259,14.9815,14.5907
8079,-60.2293,-12.226,0.6977,0.7,0.2375,4.0028,23.6565,14.3269,14.9815,14.5954
8080,-60.3877,-12.2274,0.6977,0.7,0.2139,4.012,23.6565,14.3259,14.9815,14.5944
8081,-60.7587,-12.2708,0.6977,0.7,0.1528,3.9833,23.6574,14.3278,14.9815,14.5963
8082,-61.4178,-12.3072,0.6977,0.7,0.1792,4.0083,23.6574,14.3287,14.9815,14.5991
8083,-61.5434,-12.2672,0.6977,0.7,0.1736,4.0787,23.6574,14.3315,14.9815,14.5991
8084,-61.8526,-12.2933,0.6977,0.7,0.0889,4.0148,23.6574,14.3324,14.9815,14.6
8085,-62.6393,-12.3265,0.6978,0.7,0.0833,4.0083,23.6574,14.3333,14.9815,14.5981
8086,-63.0297,-12.2987,0.6978,0.7,0.075,3.9861,23.6574,14.3333,14.9824,14.5963
8087,-63.1056,-12.2622,0.6978,0.7,0.0736,4.0519,23.6583,14.3361,14.9824,14.5972
8088,-63.5162,-12.2124,0.6979,0.7,0.1389,4.0176,23.6583,14.3352,14.9824,14.5954
8089,-63.4843,-12.1863,0.698,0.7,0.0681,3.9778,23.6583,14.3352,14.9824,14.5963
8090,-63.8915,-12.168,0.698,0.7,0.0528,4.0194,23.6583,14.3333,14.9824,14.5935
8091,-64.268,-12.1199,0.6981,0.7,0.0389,3.9667,23.6583,14.3352,14.9824,14.5935
8092,-64.2913,-12.0767,0.6982,0.7,0.0694,4.0361,23.6593,14.3333,14.9824,14.5926
8093,-64.5783,-12.002,0.6983,0.7,0.0667,4.0389,23.6593,14.3343,14.9824,14.5926
8094,-64.8051,-11.9213,0.6984,0.7,0.0778,4.0074,23.6593,14.3333,14.9824,14.5926
8095,-65.1267,-11.8068,0.6984,0.7,0.1639,3.9778,23.6593,14.337,14.9824,14.5935
8096,-64.9804,-11.7116,0.6986,0.7,0.1444,4.0009,23.6593,14.3407,14.9824,14.5972
8097,-65.3101,-11.6157,0.6987,0.7,0.1819,3.9972,23.6602,14.3389,14.9833,14.5963
8098,-65.5073,-11.5801,0.6987,0.7,0.1639,4.0046,23.6602,14.3398,14.9833,14.5972
8099,-65.2595,-11.4564,0.6988,0.7,0.3236,3.9861,23.6602,14.3426,14.9833,14.5991
8100,-64.7344,-11.354,0.6989,0.7,0.3792,4.012,23.6602,14.3426,14.9833,14.5991
8101,-65.1235,-11.1515,0.6991,0.7,0.4278,3.9481,23.6602,14.3426,14.9833,14.5991
8102,-65.2245,-11.1973,0.6992,0.7,0.3097,3.9685,23.6602,14.3444,14.9833,14.6028
8103,-64.7222,-11.182,0.6994,0.7,0.4,3.9676,23.6602,14.3454,14.9833,14.6028
8104,-64.5018,-10.9069,0.6996,0.7,0.5333,3.9843,23.6611,14.3491,14.9833,14.6046
8105,-64.2218,-10.8194,0.6998,0.7,0.6056,4.0028,23.6611,14.3519,14.9833,14.6065
8106,-63.9992,-10.7649,0.6999,0.7,0.4819,4.0148,23.6611,14.3528,14.9833,14.6074
8107,-63.0741,-10.6105,0.7001,0.7,0.6194,4.037,23.6611,14.3537,14.9833,14.6083
8108,-63.0162,-10.5883,0.7002,0.7,0.7097,3.9556,23.6611,14.3546,14.9833,14.6074
8109,-63.0022,-10.5171,0.7004,0.7,1.025,3.962,23.6611,14.3537,14.9833,14.6065
8110,-62.3179,-10.5052,0.7005,0.7,1.0389,4.0028,23.6611,14.3537,14.9833,14.6074
8111,-62.7255,-10.5137,0.7007,0.7,1.1903,4.0028,23.6611,14.3583,14.9833,14.6111
8112,-62.6515,-10.4445,0.7008,0.7,1.4389,3.988,23.6611,14.3565,14.9833,14.6083
8113,-62.6102,-10.477,0.701,0.7,1.3125,3.9102,23.6611,14.3583,14.9833,14.6093
8114,-62.5959,-10.571,0.7012,0.7,1.2444,3.9694,23.6611,14.3583,14.9833,14.6046
8115,-62.8127,-10.6543,0.7014,0.7,0.9125,4.0176,23.6611,14.362,14.9833,14.6037
8116,-63.1252,-10.5946,0.7016,0.7,0.6944,4.0509,23.6611,14.3648,14.9833,14.6046
8117,-63.3933,-10.5467,0.7017,0.7,0.6444,4.0167,23.6611,14.3657,14.9833,14.6037
8118,-62.9896,-10.6055,0.7018,0.7,0.7722,3.925,23.6611,14.363,14.9833,14.6009
8119,-62.7177,-10.5897,0.7017,0.7,0.8264,4.0111,23.6602,14.3593,14.9833,14.5991
8120,-63.6144,-10.7322,0.7019,0.7,0.6042,4.0602,23.6602,14.3528,14.9833,14.5935
8121,-64.4467,-10.9375,0.702,0.7,0.5153,4.0167,23.6602,14.3519,14.9833,14.5954
8122,-64.2599,-10.9145,0.7021,0.7,0.5569,3.962,23.6602,14.3519,14.9833,14.5935
8123,-64.2906,-10.8837,0.7022,0.7,0.6819,4.0102,23.6602,14.35,14.9833,14.5926
8124,-64.3938,-10.8593,0.7023,0.7,0.4847,4.0074,23.6602,14.3472,14.9833,14.5898
8125,-64.3084,-10.869,0.7023,0.7,0.4569,3.9537,23.6602,14.3407,14.9833,14.587
8126,-64.1741,-10.8713,0.7023,0.7,0.5375,4.0185,23.6593,14.3389,14.9824,14.5806
8127,-64.2017,-10.846,0.7025,0.7,0.4833,3.9657,23.6593,14.337,14.9824,14.5787
8128,-63.6494,-10.6616,0.7026,0.7,0.5694,4.0074,23.6593,14.3361,14.9824,14.5787
8129,-63.6744,-10.7339,0.7028,0.7,0.7556,4.025,23.6593,14.3324,14.9824,14.5759
8130,-63.4437,-10.6853,0.7029,0.7,0.6583,4.0056,23.6593,14.3296,14.9824,14.5759
8131,-63.8437,-10.7738,0.703,0.7,0.5806,3.9306,23.6583,14.3269,14.9824,14.5731
8132,-63.7072,-10.7795,0.7032,0.7,0.6681,4.012,23.6583,14.3213,14.9824,14.5694
8133,-63.914,-10.7459,0.7033,0.7,0.5583,4.0028,23.6583,14.3194,14.9824,14.5685
8134,-63.5348,-10.8553,0.7035,0.7,0.4625,4.0083,23.6583,14.3148,14.9824,14.5667
8135,-63.7885,-10.7371,0.7036,0.7,0.4861,3.962,23.6574,14.3148,14.9815,14.5602
8136,-63.9355,-10.6057,0.7037,0.7,0.6042,4.0074,23.6574,14.3111,14.9815,14.5546
8137,-63.2787,-10.588,0.7038,0.7,0.6236,4.0102,23.6574,14.3074,14.9815,14.5519
8138,-62.7482,-10.5491,0.7038,0.7,0.8083,4.0185,23.6565,14.3046,14.9815,14.5491
8139,-63.5645,-10.5877,0.7038,0.7,0.8403,4.0102,23.6565,14.3037,14.9815,14.55
8140,-62.9039,-10.6183,0.7038,0.7,0.8208,4.0306,23.6565,14.3037,14.9815,14.5481
8141,-63.2627,-10.7354,0.7039,0.7,0.6458,4.0444,23.6565,14.3056,14.9806,14.5491
8142,-63.8573,-10.7897,0.704,0.7,0.5472,3.9694,23.6556,14.3065,14.9806,14.5454
8143,-63.9134,-10.7422,0.704,0.7,0.4347,3.9759,23.6556,14.3009,14.9806,14.5435
8144,-63.5052,-10.6831,0.704,0.7,0.5875,3.9954,23.6556,14.2963,14.9806,14.5417
8145,-63.5072,-10.6627,0.7041,0.7,0.5556,4.0111,23.6546,14.2954,14.9806,14.5407
8146,-63.1583,-10.6673,0.7042,0.7,0.6931,3.9722,23.6546,14.2935,14.9806,14.5417
8147,-63.0006,-10.5857,0.7043,0.7,0.7597,4.0213,23.6537,14.2898,14.9796,14.5398
8148,-62.4853,-10.5556,0.7045,0.7,1.1056,3.9722,23.6537,14.288,14.9796,14.538
8149,-62.1168,-10.4274,0.7046,0.7,1.1889,4.063,23.6537,14.2824,14.9796,14.5352
8150,-62.0583,-10.3403,0.7047,0.7,1.7528,4.0306,23.6528,14.2787,14.9796,14.5333
8151,-60.3898,-10.1405,0.7048,0.7,3.2903,4.0222,23.6528,14.2778,14.9796,14.5324
8152,-57.4128,-10.259,0.7047,0.7,3.2139,4.0287,23.6528,14.275,14.9787,14.5278
8153,-55.9739,-10.5459,0.7044,0.7,3.0417,3.975,23.6519,14.2731,14.9787,14.5259
8154,-55.0132,-10.8718,0.7043,0.7,1.9181,3.9731,23.6519,14.2694,14.9787,14.5222
8155,-55.9065,-11.0603,0.7042,0.7,1.9917,4.0231,23.6509,14.2713,14.9787,14.5204
8156,-55.5732,-11.3295,0.7041,0.7,1.3083,4.0167,23.6509,14.2731,14.9787,14.5222
8157,-56.0294,-11.4632,0.7042,0.7,1.0194,4.0509,23.65,14.2713,14.9778,14.5204
8158,-56.4335,-11.6515,0.7043,0.7,0.8222,4.0269,23.65,14.2694,14.9778,14.5185
8159,-58.2975,-11.8373,0.7042,0.7,0.5708,3.9037,23.6491,14.2657,14.9778,14.5167
8160,-59.2703,-12.0763,0.7042,0.7,0.4333,4.012,23.6491,14.263,14.9778,14.5148
8161,-59.6559,-12.0757,0.7042,0.7,0.4125,3.95,23.6491,14.2593,14.9769,14.5139
8162,-59.9117,-12.1075,0.7042,0.7,0.3056,3.975,23.6481,14.2556,14.9769,14.5102
8163,-59.5614,-12.0589,0.7044,0.7,0.2792,4.0435,23.6481,14.2546,14.9769,14.5083
8164,-60.22,-12.1192,0.7045,0.7,0.2417,4.0213,23.6472,14.2556,14.9769,14.5065
8165,-60.9396,-12.1534,0.7046,0.7,0.1639,4.0296,23.6472,14.2519,14.9759,14.5046
8166,-61.5613,-12.2765,0.7046,0.7,0.1514,3.925,23.6463,14.25,14.9759,14.5
8167,-61.85,-12.2021,0.7047,0.7,0.1833,3.9815,23.6463,14.2463,14.9759,14.4963
8168,-62.3994,-12.2198,0.7047,0.7,0.0861,4.0019,23.6454,14.2444,14.9759,14.4944
8169,-62.6467,-12.1973,0.7048,0.7,0.2069,4.0194,23.6454,14.2407,14.975,14.4889
8170,-63.1027,-12.2285,0.7049,0.7,0.0931,3.9944,23.6444,14.2398,14.975,14.4861
8171,-63.2582,-12.1932,0.705,0.7,0.1458,3.9528,23.6444,14.237,14.975,14.4824
8172,-63.6392,-12.185,0.7051,0.7,0.0653,3.9917,23.6435,14.2343,14.975,14.4769
8173,-63.9491,-12.1349,0.7052,0.7,0.1056,4.0102,23.6435,14.2324,14.9741,14.4769
8174,-64.057,-12.1199,0.7052,0.7,0.1208,3.9537,23.6426,14.2315,14.9741,14.4731
8175,-64.3538,-12.023,0.7052,0.7,0.1556,3.9537,23.6426,14.2278,14.9741,14.4713
8176,-64.8501,-11.9546,0.7052,0.7,0.0708,4.0037,23.6417,14.2241,14.9741,14.4657
8177,-64.5674,-11.8369,0.7053,0.7,0.1194,3.9806,23.6417,14.2194,14.9731,14.4602
8178,-65.1488,-11.7161,0.7054,0.7,0.1958,4.012,23.6407,14.2176,14.9731,14.4583
8179,-65.212,-11.5664,0.7055,0.7,0.1944,4.0491,23.6407,14.212,14.9731,14.4537
8180,-65.1364,-11.5013,0.7055,0.7,0.1861,4.0,23.6398,14.2083,14.9731,14.4519
8181,-65.3376,-11.4141,0.7055,0.7,0.2542,3.9556,23.6398,14.2019,14.9722,14.4481
8182,-65.0608,-11.2288,0.7055,0.7,0.4014,4.0481,23.6389,14.2009,14.9722,14.4463
8183,-64.8221,-11.0493,0.7055,0.7,0.4319,3.9917,23.6389,14.2009,14.9722,14.4454
8184,-64.7353,-10.9644,0.7056,0.7,0.3958,4.0231,23.638,14.1954,14.9722,14.4454
8185,-64.6442,-10.7682,0.7055,0.7,0.6417,3.9602,23.638,14.1935,14.9713,14.4426
8186,-63.7076,-10.667,0.7055,0.7,0.5181,3.9852,23.637,14.1917,14.9713,14.4417
8187,-63.6801,-10.7061,0.7054,0.7,0.6042,4.0231,23.637,14.1907,14.9713,14.4417
8188,-63.1585,-10.5408,0.7054,0.7,0.6222,4.0167,23.6361,14.1907,14.9713,14.4352
8189,-62.5835,-10.4277,0.7054,0.7,1.1917,4.0444,23.6361,14.1861,14.9704,14.4306
8190,-62.5174,-10.3874,0.7053,0.7,1.4389,3.9259,23.6352,14.1833,14.9704,14.4278
8191,-62.0205,-10.3314,0.7053,0.7,1.3583,3.9713,23.6352,14.1824,14.9704,14.4259
8192,-62.0157,-10.3575,0.7053,0.7,1.6569,3.9824,23.6343,14.1796,14.9704,14.4241
8193,-61.3864,-10.2548,0.7053,0.7,2.1986,4.0065,23.6343,14.1759,14.9694,14.4213
8194,-61.2316,-10.3112,0.7054,0.7,1.95,4.0102,23.6333,14.175,14.9694,14.4185
8195,-62.0375,-10.2442,0.7054,0.7,2.2514,4.0583,23.6333,14.1722,14.9694,14.4157
8196,-60.8377,-10.1743,0.7054,0.7,2.7736,3.9843,23.6324,14.1704,14.9694,14.412
8197,-60.0389,-10.204,0.7054,0.7,3.2458,4.0361,23.6324,14.1704,14.9694,14.4111
8198,-59.5974,-10.2078,0.7055,0.7,3.1847,4.0074,23.6315,14.1694,14.9685,14.4093
8199,-57.622,-10.3409,0.7055,0.7,3.2569,4.0806,23.6315,14.1694,14.9685,14.4093
8200,-55.5268,-10.5466,0.7053,0.7,2.8264,3.9824,23.6306,14.162,14.9685,14.4028
8201,-55.7988,-10.5481,0.7054,0.7,2.4806,3.9787,23.6306,14.1583,14.9685,14.4009
8202,-54.9663,-10.8057,0.7052,0.7,2.0986,3.9907,23.6296,14.1574,14.9676,14.3991
8203,-55.4386,-10.919,0.7052,0.7,2.15,4.0028,23.6296,14.1537,14.9676,14.3944
8204,-54.7544,-11.1182,0.7051,0.7,1.5847,3.9889,23.6287,14.15,14.9676,14.3917
8205,-54.7569,-11.1445,0.705,0.7,1.7125,3.9944,23.6287,14.1509,14.9667,14.3907
8206,-56.4158,-11.4599,0.7049,0.7,1.3028,4.0148,23.6278,14.1481,14.9667,14.3843
8207,-56.4586,-11.6298,0.7049,0.7,0.9403,3.9676,23.6278,14.1454,14.9667,14.3815
8208,-57.0629,-11.6939,0.7049,0.7,0.7875,4.0157,23.6269,14.1435,14.9667,14.375
8209,-57.8286,-11.7012,0.7049,0.7,0.9917,3.9926,23.6269,14.1417,14.9657,14.3769
8210,-57.2484,-11.7689,0.7049,0.7,0.8208,3.9667,23.6259,14.138,14.9657,14.3741
8211,-57.1448,-11.6758,0.705,0.7,0.8042,4.0028,23.6259,14.138,14.9657,14.3722
8212,-57.0626,-11.6684,0.705,0.7,0.9694,3.9972,23.625,14.1389,14.9657,14.3713
8213,-56.7226,-11.5002,0.7052,0.7,0.9486,3.9972,23.625,14.138,14.9648,14.3667
8214,-55.6958,-11.4243,0.7053,0.7,1.3111,3.9898,23.6241,14.137,14.9648,14.3667
8215,-55.9082,-11.2126,0.7055,0.7,1.4361,4.0167,23.6241,14.1315,14.9648,14.363
8216,-54.8309,-11.0455,0.7057,0.7,1.5764,3.9407,23.6231,14.1278,14.9648,14.3593
8217,-55.8343,-10.8813,0.7059,0.7,1.9194,3.987,23.6231,14.1259,14.9639,14.3583
8218,-56.3181,-10.708,0.7061,0.7,2.3181,3.9704,23.6222,14.1241,14.9639,14.3556
8219,-57.3406,-10.4357,0.7064,0.7,2.6639,3.9796,23.6213,14.1231,14.9639,14.3537
8220,-58.2222,-10.4085,0.7066,0.7,2.7833,3.9685,23.6213,14.1185,14.963,14.3481
8221,-56.9076,-10.4759,0.7065,0.7,2.8681,3.9981,23.6204,14.112,14.963,14.3435
8222,-56.6469,-10.4875,0.7066,0.7,2.7167,4.0315,23.6204,14.1093,14.963,14.3417
8223,-55.0515,-10.5888,0.7064,0.7,2.7097,4.0389,23.6194,14.1065,14.962,14.3398
8224,-54.8895,-10.8864,0.7062,0.7,2.2722,4.0093,23.6185,14.1037,14.962,14.338
8225,-55.3217,-10.9991,0.7061,0.7,1.8847,3.9954,23.6185,14.1028,14.962,14.338
8226,-55.3862,-11.0508,0.706,0.7,1.8514,3.9704,23.6176,14.1,14.9611,14.3361
8227,-54.7129,-11.0244,0.7059,0.7,1.8181,4.0259,23.6167,14.0991,14.9611,14.3343
8228,-54.6406,-11.2291,0.7058,0.7,1.5431,3.9259,23.6167,14.0991,14.9611,14.3352
8229,-55.9558,-11.3116,0.7058,0.7,1.2667,3.9556,23.6157,14.0954,14.9611,14.3306
8230,-56.1515,-11.618,0.7056,0.7,1.1361,4.0111,23.6157,14.0963,14.9602,14.3287
8231,-56.1716,-11.7322,0.7055,0.7,0.8014,3.9907,23.6148,14.0926,14.9602,14.3269
8232,-56.5534,-11.6331,0.7056,0.7,1.0361,4.0222,23.6148,14.0907,14.9602,14.3259
8233,-57.8056,-11.8452,0.7055,0.7,0.6028,3.9843,23.6139,14.0917,14.9593,14.3269
8234,-58.0007,-11.9694,0.7055,0.7,0.3819,4.0472,23.613,14.088,14.9593,14.3269
8235,-59.7225,-12.1112,0.7054,0.7,0.3083,3.9954,23.613,14.0861,14.9593,14.3259
8236,-60.1436,-12.1723,0.7053,0.7,0.225,4.0324,23.612,14.0861,14.9583,14.3241
8237,-60.6381,-12.17,0.7053,0.7,0.2444,3.9917,23.612,14.0852,14.9583,14.3222
8238,-60.9105,-12.1582,0.7053,0.7,0.2333,4.0213,23.6111,14.0852,14.9583,14.3222
8239,-61.402,-12.2272,0.7053,0.7,0.1486,3.9769,23.6102,14.0833,14.9583,14.3185
8240,-61.8774,-12.2707,0.7053,0.7,0.1361,4.0065,23.6102,14.0806,14.9574,14.3148
8241,-62.4146,-12.2524,0.7053,0.7,0.1306,3.9991,23.6093,14.0796,14.9574,14.312
8242,-62.4937,-12.2648,0.7053,0.7,0.1181,3.9833,23.6093,14.0787,14.9574,14.313
8243,-62.9879,-12.2404,0.7053,0.7,0.0917,4.012,23.6083,14.0815,14.9565,14.3139
8244,-63.1418,-12.2016,0.7053,0.7,0.0986,4.0213,23.6083,14.0796,14.9565,14.312
8245,-63.7624,-12.1773,0.7053,0.7,0.0792,3.9806,23.6074,14.0759,14.9565,14.3093
8246,-63.9059,-12.1637,0.7053,0.7,0.1,4.0093,23.6074,14.0713,14.9565,14.3056
8247,-64.1776,-12.0971,0.7053,0.7,0.0917,3.9843,23.6065,14.0676,14.9556,14.3019
8248,-64.3255,-11.9856,0.7052,0.7,0.0917,4.0278,23.6065,14.063,14.9556,14.2963
8249,-64.7938,-11.8508,0.7052,0.7,0.0792,3.9972,23.6056,14.0593,14.9556,14.2935
8250,-64.9507,-11.8498,0.7052,0.7,0.1556,3.9315,23.6056,14.0593,14.9556,14.2926
8251,-64.9912,-11.6587,0.7053,0.7,0.1736,4.0472,23.6046,14.0583,14.9546,14.2917
8252,-65.5212,-11.5479,0.7053,0.7,0.1042,4.0361,23.6046,14.062,14.9546,14.2935
8253,-65.6448,-11.3889,0.7052,0.7,0.2556,3.9917,23.6037,14.0602,14.9546,14.2889
8254,-65.3081,-11.1618,0.7052,0.7,0.3403,3.9574,23.6037,14.0593,14.9546,14.288
8255,-64.7649,-11.1178,0.7051,0.7,0.4181,4.0222,23.6028,14.0602,14.9537,14.2889
8256,-64.7945,-10.8965,0.7052,0.7,0.5056,4.0398,23.6028,14.0583,14.9537,14.2843
8257,-64.1911,-10.7076,0.7051,0.7,0.4028,3.987,23.6019,14.0565,14.9537,14.2824
8258,-63.2564,-10.4718,0.705,0.7,0.7458,3.963,23.6019,14.0537,14.9537,14.2796
8259,-61.5911,-10.3184,0.705,0.7,1.9056,3.9926,23.6009,14.0509,14.9528,14.2778
8260,-61.1494,-10.1274,0.7049,0.7,3.1764,3.9565,23.6009,14.0509,14.9528,14.2759
8261,-59.5852,-10.1867,0.7047,0.7,3.2889,4.0509,23.6,14.0481,14.9528,14.2741
8262,-57.7367,-10.2265,0.7046,0.7,3.3153,4.0519,23.6,14.0454,14.9528,14.2704
8263,-56.1257,-10.5068,0.7043,0.7,2.7972,4.0259,23.6,14.0435,14.9528,14.2704
8264,-54.2051,-10.9313,0.7039,0.7,2.0431,3.9963,23.5991,14.0444,14.9519,14.2713
8265,-54.1555,-11.1298,0.7038,0.7,1.7708,4.0111,23.5991,14.0407,14.9519,14.2676
8266,-55.4089,-11.3817,0.7037,0.7,1.4375,4.0296,23.5981,14.037,14.9519,14.2667
8267,-56.0529,-11.7092,0.7034,0.7,0.8819,3.9602,23.5981,14.037,14.9519,14.2685
8268,-57.7423,-11.8698,0.7033,0.7,0.8125,3.9787,23.5981,14.0333,14.9519,14.263
8269,-58.5075,-12.0144,0.7032,0.7,0.4333,3.9833,23.5972,14.0352,14.9509,14.2657
8270,-59.6062,-12.125,0.7031,0.7,0.2639,4.0537,23.5972,14.0333,14.9509,14.2639
8271,-60.0481,-12.1534,0.7031,0.7,0.2542,4.0148,23.5972,14.0333,14.9509,14.263
8272,-60.7956,-12.2221,0.7031,0.7,0.2014,3.9731,23.5963,14.0306,14.9509,14.2602
8273,-61.5298,-12.2495,0.7031,0.7,0.1778,4.0296,23.5963,14.0278,14.9509,14.2593
8274,-62.0808,-12.2547,0.7032,0.7,0.0917,4.0065,23.5963,14.0241,14.9509,14.2574
8275,-62.3247,-12.2212,0.7032,0.7,0.1236,3.9852,23.5954,14.0231,14.95,14.2565
8276,-63.0032,-12.179,0.7033,0.7,0.0708,4.0565,23.5954,14.0231,14.95,14.2556
8277,-63.0726,-12.1549,0.7034,0.7,0.0708,3.9454,23.5944,14.0231,14.95,14.2556
8278,-63.7894,-12.1429,0.7036,0.7,0.1028,3.9926,23.5944,14.025,14.95,14.2565
8279,-63.9232,-12.1264,0.7036,0.7,0.1,3.9972,23.5944,14.025,14.95,14.2556
8280,-64.4265,-12.0819,0.7036,0.7,0.1042,3.9963,23.5935,14.0269,14.9491,14.2574
8281,-64.3764,-11.9739,0.7037,0.7,0.1181,4.0315,23.5935,14.0259,14.9491,14.2556
8282,-64.7063,-11.9013,0.7037,0.7,0.1111,3.9843,23.5935,14.0259,14.9491,14.2556
8283,-64.8568,-11.8173,0.7038,0.7,0.2014,4.0056,23.5926,14.0269,14.9491,14.2546
8284,-65.0242,-11.6561,0.7038,0.7,0.2792,3.975,23.5926,14.0259,14.9491,14.2556
8285,-64.8073,-11.5556,0.7039,0.7,0.2083,4.0426,23.5926,14.0259,14.9491,14.2528
8286,-64.7018,-11.5729,0.7039,0.7,0.1889,3.9731,23.5917,14.0259,14.9481,14.2509
8287,-64.8874,-11.5546,0.7041,0.7,0.2514,3.9639,23.5917,14.0231,14.9481,14.2463
8288,-64.8513,-11.4082,0.7042,0.7,0.2667,3.9815,23.5917,14.0213,14.9481,14.2463
8289,-65.0,-11.4023,0.7042,0.7,0.3,3.9991,23.5907,14.0185,14.9481,14.2463
8290,-64.8652,-11.3813,0.7043,0.7,0.3125,3.9648,23.5907,14.0167,14.9481,14.2444
8291,-64.8486,-11.2493,0.7043,0.7,0.3986,4.0481,23.5898,14.0148,14.9472,14.2444
8292,-64.9493,-11.2736,0.7043,0.7,0.3167,3.9796,23.5898,14.013,14.9472,14.2407
8293,-64.7272,-11.0816,0.7045,0.7,0.5292,4.0194,23.5898,14.0111,14.9472,14.2389
8294,-64.2977,-11.0569,0.7046,0.7,0.4417,4.0417,23.5889,14.0111,14.9472,14.2352
8295,-64.558,-11.0746,0.7046,0.7,0.4028,4.0222,23.5889,14.0093,14.9472,14.2324
8296,-64.7237,-10.9752,0.7046,0.7,0.4458,4.0176,23.588,14.0065,14.9463,14.2306
8297,-64.497,-10.8784,0.7046,0.7,0.5097,3.9898,23.588,14.0083,14.9463,14.2306
8298,-64.4101,-10.8582,0.7046,0.7,0.4889,3.9694,23.588,14.0037,14.9463,14.2269
8299,-64.0235,-10.883,0.7047,0.7,0.4667,4.0324,23.587,14.0009,14.9463,14.2269
8300,-63.7358,-10.8019,0.7048,0.7,0.4778,3.9944,23.587,13.9991,14.9463,14.2278
8301,-63.9715,-10.7349,0.7049,0.7,0.4403,4.012,23.5861,13.9991,14.9454,14.2278
8302,-63.5388,-10.7521,0.7049,0.7,0.475,4.0102,23.5861,14.0,14.9454,14.2259
8303,-63.5478,-10.6622,0.705,0.7,0.5944,4.0352,23.5861,13.9991,14.9454,14.225
8304,-63.9585,-10.6823,0.705,0.7,0.6889,4.0444,23.5852,13.9991,14.9454,14.2231
8305,-63.4629,-10.6452,0.705,0.7,0.7792,4.0176,23.5852,13.9981,14.9454,14.2222
8306,-62.9134,-10.5777,0.705,0.7,0.7653,4.0231,23.5843,13.9972,14.9444,14.2204
8307,-62.9075,-10.5726,0.705,0.7,1.0764,4.0037,23.5843,13.9954,14.9444,14.2194
8308,-62.8753,-10.627,0.7051,0.7,1.0722,4.0398,23.5833,13.9926,14.9444,14.2157
8309,-63.4929,-10.7124,0.7052,0.7,0.7889,3.9954,23.5833,13.9907,14.9444,14.213
8310,-63.8401,-10.6973,0.7052,0.7,0.7597,4.0194,23.5833,13.988,14.9435,14.2111
8311,-63.6345,-10.7562,0.7052,0.7,0.5958,3.9704,23.5824,13.9861,14.9435,14.2102
8312,-63.9744,-10.7424,0.7053,0.7,0.6806,4.0315,23.5824,13.988,14.9435,14.2083
8313,-63.4601,-10.8068,0.7054,0.7,0.4639,3.9324,23.5815,13.9861,14.9435,14.2083
8314,-64.4109,-10.8686,0.7055,0.7,0.4361,3.9963,23.5815,13.9824,14.9426,14.2065
8315,-64.1988,-10.943,0.7056,0.7,0.425,4.0269,23.5806,13.9815,14.9426,14.2056
8316,-64.2164,-11.0218,0.7056,0.7,0.4667,4.0,23.5806,13.9759,14.9426,14.2028
8317,-64.8473,-11.0658,0.7056,0.7,0.4792,3.9926,23.5796,13.9731,14.9426,14.2009
8318,-64.8394,-11.1227,0.7056,0.7,0.3583,3.9907,23.5796,13.9731,14.9417,14.2009
8319,-64.945,-11.1749,0.7056,0.7,0.3639,4.0176,23.5787,13.9722,14.9417,14.1981
8320,-65.107,-11.3758,0.7055,0.7,0.3014,4.0102,23.5787,13.9722,14.9417,14.1991
8321,-65.1843,-11.5793,0.7054,0.7,0.2639,4.0537,23.5778,13.9704,14.9417,14.1981
8322,-64.6978,-11.8668,0.7051,0.7,0.1722,4.0157,23.5778,13.9694,14.9407,14.1981
8323,-63.9188,-12.052,0.705,0.7,0.1222,3.9648,23.5769,13.9657,14.9407,14.1926
8324,-62.9532,-12.1254,0.7049,0.7,0.1889,4.0287,23.5769,13.9657,14.9407,14.1917
8325,-62.639,-12.2392,0.7049,0.7,0.1097,3.9815,23.5759,13.9667,14.9407,14.1907
8326,-62.097,-12.2778,0.7046,0.7,0.1389,3.9731,23.5759,13.9657,14.9398,14.1907
8327,-61.3837,-12.2125,0.7045,0.7,0.1611,3.9852,23.575,13.9648,14.9398,14.1889
8328,-59.8508,-12.1156,0.7044,0.7,0.4097,3.9935,23.575,13.962,14.9398,14.187
8329,-58.8986,-11.8779,0.7045,0.7,0.4847,4.0352,23.5741,13.962,14.9398,14.1833
8330,-58.4266,-11.753,0.7046,0.7,0.7292,3.9657,23.5741,13.9611,14.9389,14.1815
8331,-56.9125,-11.8138,0.7046,0.7,0.7028,4.0222,23.5731,13.9611,14.9389,14.1824
8332,-57.0601,-11.8839,0.7045,0.7,0.7333,3.9648,23.5731,13.9611,14.9389,14.1787
8333,-58.3723,-11.8505,0.7045,0.7,0.6375,4.0056,23.5722,13.9602,14.9389,14.1778
8334,-57.5378,-11.8483,0.7045,0.7,0.6319,3.9537,23.5722,13.9593,14.938,14.1769
8335,-57.6081,-11.845,0.7045,0.7,0.6125,3.9935,23.5713,13.9593,14.938,14.175
8336,-58.1637,-11.87,0.7045,0.7,0.5611,4.0074,23.5713,13.9565,14.938,14.1713
8337,-58.0174,-11.9654,0.7044,0.7,0.4431,3.9787,23.5704,13.9565,14.938,14.1704
8338,-58.8813,-11.9991,0.7044,0.7,0.4083,4.0269,23.5704,13.9574,14.937,14.1731
8339,-58.7977,-11.967,0.7045,0.7,0.4847,3.987,23.5694,13.9528,14.937,14.1722
8340,-58.9697,-11.9339,0.7046,0.7,0.5611,4.0148,23.5694,13.9519,14.937,14.1722
8341,-58.8125,-11.9503,0.7047,0.7,0.4264,3.9583,23.5685,13.9481,14.937,14.1694
8342,-58.7277,-11.9553,0.7048,0.7,0.4236,4.0333,23.5685,13.9463,14.9361,14.1676
8343,-59.9935,-12.0859,0.7048,0.7,0.3528,4.0306,23.5676,13.9472,14.9361,14.1667
8344,-60.3641,-12.1352,0.7048,0.7,0.2597,4.0185,23.5676,13.9463,14.9361,14.1667
8345,-61.0723,-12.2591,0.7047,0.7,0.2417,4.0259,23.5667,13.9472,14.9361,14.1676
8346,-61.9072,-12.2513,0.7048,0.7,0.0542,4.0065,23.5667,13.95,14.9352,14.1685
8347,-62.2402,-12.2416,0.7047,0.7,0.1,3.9537,23.5657,13.9454,14.9352,14.1648
8348,-62.218,-12.2123,0.7047,0.7,0.1778,4.0454,23.5657,13.9454,14.9352,14.163
8349,-62.8071,-12.2629,0.7047,0.7,0.0708,4.0,23.5648,13.9417,14.9352,14.162
8350,-63.2619,-12.2471,0.7046,0.7,0.0347,4.0565,23.5648,13.938,14.9343,14.1602
8351,-63.7411,-12.2199,0.7045,0.7,0.075,4.0139,23.5639,13.937,14.9343,14.1583
8352,-63.9672,-12.1661,0.7044,0.7,0.0806,3.9713,23.5639,13.937,14.9343,14.1574
8353,-64.2222,-12.0465,0.7044,0.7,0.1056,4.0102,23.563,13.9361,14.9343,14.1565
8354,-64.4873,-11.9663,0.7044,0.7,0.0833,3.9713,23.563,13.9352,14.9343,14.1565
8355,-64.7867,-11.9102,0.7044,0.7,0.1375,3.9944,23.563,13.9352,14.9333,14.1565
8356,-64.6576,-11.8237,0.7044,0.7,0.1472,3.9787,23.562,13.9352,14.9333,14.1537
8357,-64.5466,-11.8195,0.7044,0.7,0.1833,4.025,23.562,13.9333,14.9333,14.1519
8358,-64.4694,-11.7831,0.7044,0.7,0.15,4.037,23.5611,13.9324,14.9333,14.1537
8359,-64.9561,-11.6979,0.7045,0.7,0.1042,4.0259,23.5611,13.9333,14.9324,14.1556
8360,-64.9622,-11.6042,0.7045,0.7,0.2139,4.0056,23.5602,13.9333,14.9324,14.1565
8361,-65.1398,-11.486,0.7045,0.7,0.2417,3.9981,23.5602,13.9315,14.9324,14.1537
8362,-65.0645,-11.4323,0.7044,0.7,0.3042,3.9991,23.5602,13.9296,14.9324,14.1528
8363,-65.1765,-11.3172,0.7045,0.7,0.3458,4.05,23.5593,13.9287,14.9324,14.1528
8364,-65.0445,-11.3741,0.7045,0.7,0.2653,3.9935,23.5593,13.9296,14.9315,14.1537
8365,-65.1668,-11.2401,0.7046,0.7,0.4903,4.05,23.5583,13.9306,14.9315,14.1546
8366,-64.8404,-11.1137,0.7045,0.7,0.3917,3.9917,23.5583,13.9287,14.9315,14.1537
8367,-65.035,-11.0433,0.7046,0.7,0.4375,3.9935,23.5583,13.9296,14.9315,14.1556
8368,-64.8964,-10.9608,0.7045,0.7,0.4458,4.038,23.5574,13.9324,14.9315,14.1565
8369,-64.6525,-10.9651,0.7045,0.7,0.5111,4.0093,23.5574,13.9315,14.9306,14.1556
8370,-64.5385,-10.9372,0.7045,0.7,0.4278,4.0204,23.5565,13.9324,14.9306,14.1556
8371,-64.2784,-10.8727,0.7046,0.7,0.5472,3.9991,23.5565,13.9315,14.9306,14.1537
8372,-63.5574,-10.6775,0.7046,0.7,0.4667,3.9907,23.5565,13.9324,14.9306,14.1528
8373,-63.1106,-10.5265,0.7046,0.7,0.6444,3.9074,23.5556,13.9324,14.9306,14.1519
8374,-62.2749,-10.3695,0.7045,0.7,1.5167,3.9769,23.5556,13.9306,14.9296,14.1491
8375,-61.5764,-10.3161,0.7044,0.7,2.3431,3.9537,23.5546,13.9278,14.9296,14.1472
8376,-60.6793,-10.2436,0.7044,0.7,2.7778,4.0361,23.5546,13.925,14.9296,14.1463
8377,-60.1652,-10.2115,0.7043,0.7,3.0319,3.9713,23.5546,13.9241,14.9296,14.1454
8378,-58.1183,-10.2941,0.7042,0.7,3.2833,4.0574,23.5537,13.9241,14.9296,14.1463
8379,-58.0797,-10.3534,0.704,0.7,2.8347,4.0148,23.5537,13.9204,14.9287,14.1435
8380,-58.0603,-10.3521,0.7042,0.7,2.8875,4.0167,23.5537,13.9185,14.9287,14.1435
8381,-55.4316,-10.5306,0.7039,0.7,2.8083,4.0093,23.5528,13.9157,14.9287,14.1398
8382,-54.9174,-10.8382,0.7036,0.7,2.0569,4.0278,23.5528,13.9167,14.9287,14.1407
8383,-54.9445,-11.0762,0.7034,0.7,1.8389,3.9778,23.5528,13.9167,14.9287,14.1398
8384,-55.1842,-11.3517,0.7031,0.7,1.4417,4.0102,23.5519,13.9157,14.9287,14.1398
8385,-55.1976,-11.554,0.7029,0.7,1.0042,3.9787,23.5519,13.913,14.9278,14.138
8386,-56.2104,-11.6043,0.7028,0.7,0.9694,4.0185,23.5519,13.9157,14.9278,14.1389
8387,-57.4266,-11.7275,0.7027,0.7,0.8653,4.0343,23.5509,13.9139,14.9278,14.1389
8388,-58.1216,-11.8916,0.7026,0.7,0.5361,4.0324,23.5509,13.9139,14.9278,14.138
8389,-59.0686,-12.0943,0.7025,0.7,0.4653,4.0028,23.5509,13.9139,14.9278,14.1398
8390,-59.6134,-12.1751,0.7023,0.7,0.2861,4.0269,23.55,13.9139,14.9278,14.137
8391,-61.0241,-12.2767,0.7021,0.7,0.1861,4.0065,23.55,13.9139,14.9269,14.138
8392,-61.1142,-12.2152,0.7021,0.7,0.1903,4.0046,23.55,13.9148,14.9269,14.138
8393,-61.893,-12.2966,0.702,0.7,0.1444,4.0315,23.5491,13.9157,14.9269,14.1389
8394,-61.9268,-12.2644,0.7019,0.7,0.0903,3.9611,23.5491,13.9157,14.9269,14.1361
8395,-62.5984,-12.2624,0.7019,0.7,0.0681,4.0065,23.5491,13.9157,14.9269,14.137
8396,-63.3317,-12.2443,0.7019,0.7,0.1125,3.9833,23.5491,13.9176,14.9269,14.138
8397,-63.3941,-12.2395,0.7018,0.7,0.0528,4.012,23.5491,13.9185,14.9269,14.1417
8398,-63.6147,-12.1834,0.7017,0.7,0.1014,4.0037,23.5481,13.9185,14.9269,14.1426
8399,-63.8554,-12.1197,0.7017,0.7,0.1097,4.0167,23.5481,13.9204,14.9259,14.1444
8400,-64.0476,-12.1176,0.7017,0.7,0.0986,3.9806,23.5481,13.9204,14.9259,14.1444
8401,-64.2876,-12.022,0.7018,0.7,0.0903,3.9954,23.5481,13.9194,14.9259,14.1435
8402,-64.3781,-11.9945,0.7019,0.7,0.0972,4.0019,23.5481,13.9204,14.9259,14.1426
8403,-64.2822,-11.9168,0.7019,0.7,0.1903,4.0157,23.5481,13.9213,14.9259,14.1426
8404,-64.693,-11.8124,0.702,0.7,0.1667,4.0148,23.5472,13.9213,14.9259,14.1417
8405,-65.1254,-11.741,0.702,0.7,0.1986,3.9796,23.5472,13.9213,14.9259,14.1417
8406,-65.0325,-11.5917,0.702,0.7,0.3292,3.9537,23.5472,13.9213,14.9259,14.1407
8407,-65.3456,-11.5015,0.702,0.7,0.2569,3.9713,23.5472,13.9231,14.9259,14.1398
8408,-65.1736,-11.3413,0.7019,0.7,0.3,4.0065,23.5472,13.9222,14.9259,14.1398
8409,-65.4549,-11.2487,0.7018,0.7,0.3292,4.0102,23.5472,13.9213,14.9259,14.138
8410,-64.7728,-11.0801,0.7017,0.7,0.4833,3.9991,23.5463,13.9259,14.9259,14.138
8411,-64.1717,-11.0204,0.7017,0.7,0.3917,3.9926,23.5463,13.9259,14.925,14.138
8412,-64.6569,-11.0143,0.7018,0.7,0.4097,4.0204,23.5463,13.9269,14.925,14.137
8413,-64.4412,-11.0163,0.7018,0.7,0.45,3.963,23.5463,13.9287,14.925,14.137
8414,-64.3779,-10.9627,0.7019,0.7,0.4667,4.0241,23.5463,13.9296,14.925,14.138
8415,-64.471,-10.9249,0.702,0.7,0.4806,4.0194,23.5463,13.9315,14.925,14.1407
8416,-64.11,-10.7371,0.7021,0.7,0.4542,4.0093,23.5463,13.9324,14.925,14.1426
8417,-63.5073,-10.6542,0.7021,0.7,0.5639,3.9824,23.5454,13.9343,14.925,14.1435
8418,-63.0483,-10.5242,0.7021,0.7,0.8056,3.9759,23.5454,13.9352,14.925,14.1444
8419,-62.6166,-10.3,0.7021,0.7,1.6833,3.988,23.5454,13.9352,14.925,14.1444
8420,-61.945,-10.302,0.7021,0.7,2.0792,3.9935,23.5454,13.9343,14.925,14.1444
8421,-61.3664,-10.1658,0.702,0.7,2.6167,3.9824,23.5454,13.937,14.925,14.1472
8422,-57.9417,-10.2722,0.7018,0.7,3.1069,4.0176,23.5454,13.9352,14.925,14.1472
8423,-54.9145,-10.6363,0.7014,0.7,2.4153,3.988,23.5454,13.9333,14.925,14.1463
8424,-55.3183,-10.9631,0.7011,0.7,2.0028,3.9944,23.5444,13.9324,14.925,14.1454
8425,-54.4844,-11.2257,0.7009,0.7,1.5319,3.9889,23.5444,13.9343,14.925,14.1444
8426,-55.0393,-11.4224,0.7008,0.7,1.3389,4.0324,23.5444,13.9324,14.9241,14.1407
8427,-55.851,-11.5878,0.7007,0.7,1.0153,4.0046,23.5444,13.9324,14.9241,14.1417
8428,-57.4991,-11.8062,0.7007,0.7,0.6819,4.0185,23.5444,13.9315,14.9241,14.1407
8429,-58.7069,-12.0482,0.7005,0.7,0.4708,4.0213,23.5444,13.9315,14.9241,14.1398
8430,-59.692,-12.1615,0.7004,0.7,0.3208,4.0481,23.5444,13.9315,14.9241,14.1398
8431,-60.3554,-12.1622,0.7003,0.7,0.2792,4.0194,23.5444,13.9343,14.9241,14.1407
8432,-60.5313,-12.206,0.7002,0.7,0.1625,4.0167,23.5444,13.9343,14.9241,14.1407
8433,-61.3635,-12.2188,0.7002,0.7,0.1639,3.9667,23.5444,13.938,14.9241,14.1426
8434,-61.781,-12.2648,0.7002,0.7,0.1556,4.0398,23.5435,13.937,14.9241,14.1426
8435,-62.3069,-12.1983,0.7002,0.7,0.1722,4.0241,23.5435,13.937,14.9241,14.1454
8436,-62.0429,-12.2201,0.7003,0.7,0.0958,3.9611,23.5435,13.9333,14.9241,14.1426
8437,-62.3574,-12.2181,0.7004,0.7,0.1431,4.038,23.5435,13.9333,14.9241,14.1417
8438,-62.9631,-12.2225,0.7004,0.7,0.0778,4.075,23.5435,13.9352,14.9241,14.1435
8439,-63.5621,-12.1895,0.7004,0.7,0.0722,4.0333,23.5435,13.938,14.9241,14.1444
8440,-63.7486,-12.1157,0.7004,0.7,0.0861,4.0509,23.5435,13.9407,14.9241,14.1454
8441,-64.2913,-12.1053,0.7004,0.7,0.0597,3.9991,23.5435,13.9407,14.9241,14.1454
8442,-64.5954,-11.9653,0.7004,0.7,0.0986,3.975,23.5435,13.9417,14.9241,14.1472
8443,-64.5141,-11.8811,0.7004,0.7,0.0986,4.0398,23.5435,13.9435,14.9241,14.1491
8444,-64.9603,-11.8446,0.7006,0.7,0.1472,3.9981,23.5435,13.9426,14.9241,14.15
8445,-65.0667,-11.7086,0.7006,0.7,0.1264,4.0306,23.5435,13.9435,14.9241,14.15
8446,-65.0628,-11.6224,0.7006,0.7,0.1611,3.9824,23.5435,13.9417,14.9241,14.1481
8447,-65.3656,-11.4581,0.7006,0.7,0.4208,3.9657,23.5435,13.9407,14.9241,14.1463
8448,-65.0862,-11.4162,0.7007,0.7,0.1708,4.013,23.5435,13.9444,14.9241,14.1509
8449,-64.9218,-11.4235,0.7008,0.7,0.225,4.0222,23.5435,13.9444,14.9241,14.1509
8450,-65.0681,-11.3466,0.7008,0.7,0.3431,3.9861,23.5435,13.9435,14.9241,14.1509
8451,-64.9002,-11.2199,0.7008,0.7,0.3778,3.9491,23.5435,13.9435,14.9241,14.1519
8452,-64.7967,-11.0525,0.7008,0.7,0.4569,3.9954,23.5435,13.9454,14.9241,14.1509
8453,-64.7048,-10.8513,0.7008,0.7,0.4292,3.9167,23.5435,13.9435,14.9241,14.1491
8454,-64.3507,-10.7557,0.7007,0.7,0.4792,4.0389,23.5435,13.9454,14.9241,14.1491
8455,-63.6954,-10.6006,0.7007,0.7,0.5167,4.0046,23.5435,13.9463,14.9241,14.1509
8456,-63.0548,-10.5592,0.7006,0.7,0.7361,3.9407,23.5435,13.9472,14.9241,14.1528
8457,-62.5717,-10.5956,0.7006,0.7,1.1083,3.9852,23.5435,13.9472,14.9241,14.1537
8458,-62.6654,-10.5139,0.7007,0.7,1.2083,3.9713,23.5435,13.95,14.9241,14.1565
8459,-62.6022,-10.4982,0.7008,0.7,1.2597,4.0009,23.5435,13.9491,14.9241,14.1565
8460,-61.7567,-10.3902,0.7009,0.7,1.7028,4.0278,23.5435,13.9519,14.9241,14.1574
8461,-61.9955,-10.2592,0.7009,0.7,2.5597,3.9991,23.5435,13.9528,14.9241,14.1574
8462,-60.0398,-10.2686,0.7008,0.7,2.9639,3.9907,23.5435,13.9509,14.9241,14.1556
8463,-59.103,-10.2988,0.7008,0.7,3.1389,3.9519,23.5435,13.95,14.9241,14.1565
8464,-56.9406,-10.3917,0.7006,0.7,2.9764,3.9435,23.5426,13.9519,14.9241,14.1574
8465,-56.1733,-10.6067,0.7004,0.7,2.3319,4.0398,23.5426,13.9491,14.9231,14.1537
8466,-55.0641,-10.7956,0.7003,0.7,2.4278,4.0176,23.5426,13.9463,14.9231,14.1519
8467,-55.4394,-11.0897,0.7002,0.7,1.7681,3.9722,23.5426,13.9472,14.9231,14.1519
8468,-55.1274,-11.2918,0.7,0.7,1.4542,3.9852,23.5426,13.9481,14.9231,14.1519
8469,-55.9638,-11.3901,0.7001,0.7,1.3625,4.0167,23.5426,13.9491,14.9231,14.1528
8470,-57.0102,-11.7098,0.6999,0.7,0.8431,3.9481,23.5426,13.95,14.9231,14.1546
8471,-57.3254,-11.7885,0.7,0.7,0.8167,4.0093,23.5426,13.9509,14.9231,14.1556
8472,-57.2375,-11.7875,0.7,0.7,0.7472,4.0222,23.5426,13.9528,14.9231,14.1574
8473,-58.3152,-11.9308,0.6999,0.7,0.5222,4.0194,23.5426,13.9556,14.9231,14.1593
8474,-59.4434,-12.1142,0.6998,0.7,0.3792,4.0407,23.5426,13.9574,14.9231,14.1602
8475,-59.3645,-12.0308,0.6998,0.7,0.4153,3.9935,23.5426,13.9574,14.9231,14.162
8476,-59.3011,-12.0278,0.6999,0.7,0.3903,4.0519,23.5426,13.9565,14.9231,14.1611
8477,-59.909,-12.1301,0.6999,0.7,0.3111,4.0231,23.5426,13.9556,14.9231,14.162
8478,-60.8874,-12.2089,0.6998,0.7,0.2153,4.0315,23.5426,13.9519,14.9231,14.1602
8479,-61.3377,-12.2541,0.6998,0.7,0.1375,3.975,23.5426,13.9509,14.9231,14.1602
8480,-61.1261,-12.2124,0.6998,0.7,0.2097,4.0426,23.5426,13.95,14.9231,14.1611
8481,-61.0276,-12.2367,0.6998,0.7,0.1708,4.0287,23.5426,13.9519,14.9231,14.163
8482,-61.0556,-12.1503,0.6999,0.7,0.175,4.0435,23.5426,13.9546,14.9231,14.1648
8483,-60.7171,-12.1625,0.7,0.7,0.2139,3.9843,23.5426,13.9546,14.9231,14.1639
8484,-60.6825,-12.1675,0.7001,0.7,0.1944,3.9759,23.5426,13.9537,14.9231,14.1639
8485,-60.7136,-12.1684,0.7001,0.7,0.1778,3.9796,23.5426,13.9537,14.9231,14.163
8486,-61.9151,-12.2242,0.7001,0.7,0.1222,4.0407,23.5426,13.9546,14.9231,14.162
8487,-61.6773,-12.1999,0.7002,0.7,0.1944,3.9852,23.5426,13.9574,14.9231,14.1648
8488,-62.0151,-12.2242,0.7002,0.7,0.1,3.9435,23.5426,13.9574,14.9231,14.1639
8489,-62.0015,-12.2423,0.7002,0.7,0.0861,4.0426,23.5426,13.9611,14.9231,14.1667
8490,-62.7278,-12.2591,0.7002,0.7,0.0792,4.0139,23.5426,13.9611,14.9231,14.1667
8491,-62.809,-12.2348,0.7002,0.7,0.0722,3.987,23.5426,13.9648,14.9231,14.1685
8492,-63.1011,-12.1525,0.7002,0.7,0.1,4.0167,23.5426,13.9648,14.9231,14.1676
8493,-63.4492,-12.1391,0.7003,0.7,0.1,4.0537,23.5417,13.963,14.9231,14.1676
8494,-63.9408,-12.1535,0.7004,0.7,0.1181,4.0315,23.5417,13.9639,14.9231,14.1685
8495,-64.1605,-12.1008,0.7004,0.7,0.0861,3.9769,23.5417,13.9648,14.9231,14.1685
8496,-64.4792,-11.9785,0.7004,0.7,0.1306,4.0306,23.5417,13.9704,14.9231,14.1741
8497,-64.6118,-11.9144,0.7004,0.7,0.0736,3.9981,23.5417,13.9685,14.9231,14.1741
8498,-64.9933,-11.7889,0.7004,0.7,0.1319,3.9824,23.5417,13.9704,14.9231,14.1731
8499,-65.2991,-11.7093,0.7004,0.7,0.1722,4.013,23.5417,13.9722,14.9231,14.1769
8500,-65.2866,-11.6097,0.7004,0.7,0.1458,4.0472,23.5417,13.9704,14.9231,14.175
8501,-64.9992,-11.4081,0.7003,0.7,0.3153,4.0352,23.5417,13.9676,14.9231,14.1731
8502,-65.2726,-11.3007,0.7003,0.7,0.3056,4.0037,23.5417,13.9676,14.9231,14.1731
8503,-65.3165,-11.3263,0.7003,0.7,0.3319,3.9463,23.5417,13.9704,14.9231,14.1731
8504,-65.0724,-11.0893,0.7003,0.7,0.4028,4.0324,23.5417,13.9694,14.9231,14.1731
8505,-64.7766,-10.9618,0.7003,0.7,0.4375,3.9944,23.5417,13.9676,14.9231,14.1731
8506,-64.3622,-10.8697,0.7003,0.7,0.4278,3.9667,23.5417,13.9685,14.9231,14.1741
8507,-63.7638,-10.7248,0.7004,0.7,0.4792,4.0009,23.5417,13.9685,14.9231,14.175
8508,-63.7152,-10.7704,0.7004,0.7,0.5347,4.0343,23.5417,13.9685,14.9231,14.175
8509,-62.3935,-10.6023,0.7005,0.7,0.7264,3.9898,23.5417,13.9694,14.9231,14.1778
8510,-62.0157,-10.3187,0.7005,0.7,1.8306,3.9833,23.5417,13.9694,14.9231,14.1769
8511,-60.5101,-10.1986,0.7005,0.7,3.1556,3.9546,23.5417,13.9685,14.9231,14.1769
8512,-59.5508,-10.2109,0.7005,0.7,3.0792,3.9481,23.5417,13.9676,14.9231,14.1769
8513,-57.4011,-10.306,0.7003,0.7,3.1111,4.0009,23.5417,13.9722,14.9231,14.1778
8514,-57.2072,-10.3532,0.7002,0.7,2.7833,3.9593,23.5417,13.9713,14.9231,14.1778
8515,-55.1021,-10.6617,0.6999,0.7,2.5486,4.0176,23.5417,13.9713,14.9231,14.1769
8516,-55.0434,-11.0081,0.6997,0.7,1.65,3.9657,23.5417,13.9741,14.9231,14.1769
8517,-55.2205,-11.1818,0.6997,0.7,1.6875,4.0296,23.5417,13.9722,14.9231,14.175
8518,-55.5973,-11.3585,0.6995,0.7,1.2306,4.0306,23.5426,13.9741,14.9231,14.175
8519,-57.577,-11.5749,0.6994,0.7,1.1139,4.0009,23.5426,13.975,14.9231,14.175
8520,-57.3792,-11.884,0.6993,0.7,0.6333,4.025,23.5426,13.9778,14.9231,14.1769
8521,-58.3746,-11.9511,0.6993,0.7,0.4597,4.0009,23.5426,13.9787,14.9231,14.175
8522,-59.4532,-12.1345,0.6992,0.7,0.2528,4.0,23.5426,13.9787,14.9231,14.1759
8523,-60.38,-12.2429,0.6992,0.7,0.2778,3.9389,23.5426,13.9787,14.9231,14.1769
8524,-60.7386,-12.1604,0.6992,0.7,0.1875,4.0287,23.5426,13.9759,14.9231,14.1769
8525,-60.2988,-12.1713,0.6992,0.7,0.2319,3.937,23.5426,13.975,14.9231,14.1759
8526,-61.3509,-12.2031,0.6993,0.7,0.1542,4.0148,23.5426,13.975,14.9231,14.1787
8527,-61.0552,-12.2082,0.6993,0.7,0.1861,4.0213,23.5426,13.9722,14.9231,14.1759
8528,-61.933,-12.2233,0.6994,0.7,0.1347,3.988,23.5426,13.9741,14.9231,14.1778
8529,-62.0973,-12.2465,0.6994,0.7,0.0542,3.9241,23.5426,13.975,14.9231,14.1796
8530,-62.5811,-12.2293,0.6994,0.7,0.1347,3.9481,23.5426,13.9759,14.9231,14.1806
8531,-62.9668,-12.2508,0.6995,0.7,0.0736,3.9824,23.5426,13.9769,14.9231,14.1806
8532,-63.1164,-12.2169,0.6996,0.7,0.1236,3.9991,23.5426,13.9787,14.9231,14.1824
8533,-62.8908,-12.1407,0.6997,0.7,0.1306,4.0194,23.5426,13.9778,14.9231,14.1824
8534,-63.2452,-12.1775,0.6998,0.7,0.0667,3.9722,23.5426,13.9769,14.9231,14.1787
8535,-63.2885,-12.163,0.6999,0.7,0.1597,4.0167,23.5426,13.9759,14.9231,14.1806
8536,-63.7521,-12.1313,0.7,0.7,0.0889,4.0361,23.5426,13.9769,14.9231,14.1824
8537,-63.9061,-12.1252,0.6999,0.7,0.0806,3.9907,23.5426,13.975,14.9231,14.1815
8538,-63.8726,-12.1026,0.7,0.7,0.1208,3.9528,23.5426,13.9769,14.9231,14.187
8539,-64.3954,-12.0095,0.7,0.7,0.0847,3.9611,23.5426,13.9759,14.9231,14.187
8540,-64.54,-11.9534,0.7,0.7,0.1097,4.0083,23.5426,13.975,14.9231,14.1861
8541,-64.7411,-11.8591,0.7001,0.7,0.1347,3.987,23.5426,13.975,14.9231,14.187
8542,-65.0072,-11.7768,0.7001,0.7,0.1542,3.9657,23.5426,13.9731,14.9231,14.1861
8543,-64.9793,-11.6991,0.7001,0.7,0.1986,3.9769,23.5426,13.9722,14.9231,14.1852
8544,-65.0043,-11.6031,0.7001,0.7,0.2653,4.0056,23.5426,13.9713,14.9231,14.1833
8545,-65.0923,-11.4575,0.7003,0.7,0.2417,3.9565,23.5426,13.9704,14.9231,14.1824
8546,-65.3362,-11.3127,0.7004,0.7,0.2667,4.0278,23.5426,13.9704,14.9231,14.1815
8547,-65.0742,-11.1972,0.7004,0.7,0.2778,4.0083,23.5426,13.9731,14.9231,14.1843
8548,-64.5209,-11.0211,0.7004,0.7,0.4861,4.0074,23.5426,13.9741,14.9231,14.1861
8549,-64.6122,-10.8795,0.7005,0.7,0.5042,4.0,23.5426,13.9731,14.9231,14.187
8550,-63.8886,-10.6345,0.7006,0.7,0.4375,3.9704,23.5426,13.9741,14.9231,14.188
8551,-62.9525,-10.4666,0.7005,0.7,0.6736,4.0481,23.5426,13.9759,14.9231,14.1889
8552,-61.489,-10.2761,0.7004,0.7,1.8486,3.9917,23.5426,13.9759,14.9231,14.188
8553,-61.4298,-10.1853,0.7003,0.7,2.7444,4.0426,23.5426,13.975,14.9231,14.187
8554,-58.703,-10.1734,0.7002,0.7,3.2083,3.9759,23.5426,13.9769,14.9231,14.1889
8555,-56.3546,-10.3895,0.7,0.7,3.1,3.9287,23.5426,13.9806,14.9231,14.1917
8556,-54.8254,-10.6313,0.6997,0.7,2.4972,3.9778,23.5426,13.9815,14.9231,14.1935
8557,-56.0015,-10.8257,0.6995,0.7,2.0736,4.0185,23.5426,13.9833,14.9231,14.1972
8558,-54.7076,-11.34,0.6991,0.7,1.3556,4.0185,23.5426,13.9843,14.9231,14.1963
8559,-55.6431,-11.5127,0.699,0.7,1.0167,4.0139,23.5426,13.9843,14.9231,14.1963
8560,-57.094,-11.8599,0.6988,0.7,0.7278,3.9861,23.5426,13.9852,14.9231,14.2
8561,-59.3835,-12.0223,0.6987,0.7,0.3181,3.9778,23.5426,13.9852,14.9231,14.2009
8562,-59.1397,-12.0406,0.6988,0.7,0.4361,3.9648,23.5435,13.988,14.9231,14.2028
8563,-60.2859,-12.2235,0.6987,0.7,0.1958,3.9907,23.5435,13.988,14.9231,14.2037
8564,-61.7885,-12.3123,0.6987,0.7,0.1056,4.05,23.5435,13.9889,14.9231,14.2037
8565,-62.1408,-12.2347,0.6987,0.7,0.1889,4.0065,23.5435,13.9898,14.9231,14.2037
8566,-62.4186,-12.2784,0.6987,0.7,0.0514,3.9731,23.5435,13.988,14.9241,14.2028
8567,-62.7171,-12.2593,0.6987,0.7,0.1042,4.0361,23.5435,13.9898,14.9241,14.2056
8568,-63.3811,-12.2371,0.6987,0.7,0.0833,3.9944,23.5435,13.9898,14.9241,14.2046
8569,-63.8401,-12.1914,0.6987,0.7,0.1153,4.0065,23.5435,13.987,14.9241,14.2019
8570,-64.2858,-12.1159,0.6987,0.7,0.1139,4.012,23.5435,13.9852,14.9241,14.2019
8571,-64.0605,-12.0189,0.6988,0.7,0.1111,4.0454,23.5435,13.9833,14.9241,14.1972
8572,-64.7947,-11.9474,0.6989,0.7,0.0833,3.9639,23.5444,13.9861,14.9241,14.1981
8573,-64.9468,-11.8445,0.6988,0.7,0.1556,3.9611,23.5444,13.9861,14.9241,14.1991
8574,-65.217,-11.7591,0.6988,0.7,0.1014,4.0037,23.5444,13.9861,14.9241,14.1981
8575,-65.2775,-11.6554,0.6987,0.7,0.1292,3.9815,23.5444,13.9824,14.9241,14.1954
8576,-65.5382,-11.4719,0.6987,0.7,0.2153,3.9815,23.5444,13.9861,14.9241,14.1972
8577,-65.4471,-11.3522,0.6986,0.7,0.3319,4.0056,23.5444,13.987,14.9241,14.2
8578,-65.1222,-11.1475,0.6986,0.7,0.3708,4.0519,23.5444,13.987,14.9241,14.2009
8579,-64.7795,-11.0153,0.6986,0.7,0.4542,4.062,23.5454,13.987,14.9241,14.1991
8580,-64.8285,-10.806,0.6985,0.7,0.5778,3.975,23.5454,13.9861,14.9241,14.2009
8581,-64.2074,-10.6249,0.6984,0.7,0.5306,3.987,23.5454,13.9843,14.925,14.2019
8582,-62.968,-10.4666,0.6984,0.7,0.5958,3.9602,23.5454,13.9843,14.925,14.2028
8583,-62.3988,-10.2675,0.6984,0.7,1.4069,3.925,23.5454,13.9852,14.925,14.2046
8584,-61.5016,-10.0956,0.6983,0.7,2.8403,3.9639,23.5463,13.987,14.925,14.2083
8585,-58.9854,-10.1582,0.6981,0.7,3.1625,3.9806,23.5463,13.9861,14.925,14.2083
8586,-59.0142,-10.1818,0.6981,0.7,3.3903,4.0167,23.5463,13.9852,14.925,14.2074
8587,-54.9782,-10.4869,0.6976,0.7,2.9556,3.9667,23.5463,13.987,14.925,14.2093
8588,-54.6596,-10.7568,0.6974,0.7,2.5556,3.9963,23.5472,13.9935,14.925,14.2139
8589,-54.4926,-10.9683,0.6972,0.7,2.1639,3.988,23.5472,13.9935,14.9259,14.2139
8590,-54.8795,-11.2876,0.6969,0.7,1.525,4.0417,23.5472,13.9926,14.9259,14.2148
8591,-55.4828,-11.5815,0.6966,0.7,1.0042,3.9991,23.5472,13.9926,14.9259,14.2167
8592,-56.9574,-11.7074,0.6966,0.7,0.8903,3.9528,23.5481,13.9935,14.9259,14.2176
8593,-57.4366,-11.837,0.6966,0.7,0.7847,3.9676,23.5481,13.9944,14.9259,14.2167
8594,-58.3509,-12.0182,0.6965,0.7,0.6264,3.9935,23.5481,13.9963,14.9259,14.2185
8595,-58.5169,-12.0804,0.6964,0.7,0.3944,4.0713,23.5491,13.9972,14.9259,14.2241
8596,-60.109,-12.1277,0.6965,0.7,0.325,4.012,23.5491,13.9991,14.9269,14.2269
8597,-61.3168,-12.2375,0.6965,0.7,0.1722,3.9463,23.5491,14.0019,14.9269,14.2296
8598,-61.6656,-12.3143,0.6964,0.7,0.1111,3.9491,23.55,14.0037,14.9269,14.2343
8599,-62.0187,-12.2935,0.6965,0.7,0.0736,4.0056,23.55,14.0083,14.9269,14.2361
8600,-62.7119,-12.3372,0.6964,0.7,0.05,3.9843,23.55,14.0111,14.9269,14.238
8601,-63.2381,-12.3327,0.6963,0.7,0.0444,3.9907,23.5509,14.0102,14.9269,14.2389
8602,-63.42,-12.2845,0.6962,0.7,0.1319,3.9963,23.5509,14.013,14.9269,14.2407
8603,-63.3672,-12.2884,0.6961,0.7,0.0556,4.0083,23.5509,14.012,14.9278,14.2398
8604,-63.5353,-12.2723,0.696,0.7,0.0528,3.9954,23.5519,14.012,14.9278,14.2407
8605,-64.0012,-12.2709,0.6959,0.7,0.0264,3.9602,23.5519,14.0139,14.9278,14.2435
8606,-64.0494,-12.2824,0.6957,0.7,0.0292,4.0028,23.5519,14.0157,14.9278,14.2454
8607,-64.0653,-12.1818,0.6956,0.7,0.0375,3.963,23.5528,14.0185,14.9278,14.2472
8608,-64.1716,-12.1739,0.6956,0.7,0.0736,4.0074,23.5528,14.0194,14.9287,14.2491
8609,-64.2798,-12.1424,0.6955,0.7,0.0583,4.012,23.5537,14.0231,14.9287,14.2519
8610,-64.5105,-12.1148,0.6954,0.7,0.0792,4.0519,23.5537,14.0241,14.9287,14.2537
8611,-64.5239,-12.0767,0.6953,0.7,0.0514,3.9574,23.5546,14.0269,14.9287,14.2556
8612,-64.6278,-12.0261,0.6953,0.7,0.0625,4.0444,23.5546,14.0278,14.9296,14.2583
8613,-64.9678,-12.0197,0.6951,0.7,0.0958,3.988,23.5546,14.0296,14.9296,14.2611
8614,-64.8619,-11.9694,0.695,0.7,0.0639,3.9898,23.5556,14.0306,14.9296,14.2611
8615,-64.7647,-11.8731,0.695,0.7,0.1958,3.963,23.5556,14.0315,14.9296,14.263
8616,-65.1635,-11.8719,0.695,0.7,0.1264,4.0407,23.5565,14.0333,14.9296,14.2676
8617,-65.048,-11.7369,0.695,0.7,0.1361,3.9556,23.5574,14.0352,14.9306,14.2722
8618,-65.1581,-11.6899,0.695,0.7,0.1694,4.0306,23.5574,14.038,14.9306,14.275
8619,-65.0058,-11.6256,0.6951,0.7,0.2181,3.9676,23.5583,14.038,14.9306,14.2769
8620,-65.2215,-11.4083,0.6952,0.7,0.2569,4.0491,23.5583,14.0389,14.9315,14.2787
8621,-65.332,-11.3157,0.6952,0.7,0.2903,4.0167,23.5593,14.0435,14.9315,14.2796
8622,-65.0759,-11.2129,0.6952,0.7,0.4042,3.9741,23.5593,14.0435,14.9315,14.2815
8623,-65.3528,-11.038,0.6952,0.7,0.4528,3.9843,23.5602,14.0491,14.9315,14.2852
8624,-64.3678,-10.7801,0.6952,0.7,0.4639,3.9713,23.5602,14.05,14.9324,14.287
8625,-64.0492,-10.64,0.6951,0.7,0.5319,3.9602,23.5611,14.0491,14.9324,14.287
8626,-63.6923,-10.573,0.6952,0.7,0.5319,4.013,23.5611,14.0509,14.9324,14.2861
8627,-62.9511,-10.4511,0.6951,0.7,0.6208,3.9981,23.562,14.0528,14.9324,14.288
8628,-61.8737,-10.236,0.6951,0.7,2.0556,3.9981,23.562,14.0537,14.9333,14.2907
8629,-60.5321,-10.0657,0.695,0.7,3.3403,4.0407,23.563,14.0546,14.9333,14.2926
8630,-59.0287,-10.1155,0.6949,0.7,3.65,3.9315,23.563,14.0574,14.9333,14.2944
8631,-55.4844,-10.4424,0.6945,0.7,3.0917,3.9898,23.5639,14.0648,14.9343,14.3028
8632,-53.7086,-10.6701,0.6943,0.7,2.6806,3.9778,23.5648,14.0657,14.9343,14.3019
8633,-53.2572,-10.9933,0.694,0.7,2.1583,3.9694,23.5648,14.0676,14.9343,14.3046
8634,-54.3134,-11.0412,0.694,0.7,2.1,4.0065,23.5657,14.0722,14.9343,14.3102
8635,-54.2387,-11.2558,0.6938,0.7,1.6917,3.9852,23.5657,14.0741,14.9352,14.312
8636,-55.0055,-11.4897,0.6937,0.7,1.4083,3.9769,23.5667,14.075,14.9352,14.3139
8637,-55.0375,-11.4886,0.6936,0.7,1.3069,4.0269,23.5676,14.0778,14.9352,14.3176
8638,-56.6451,-11.7304,0.6935,0.7,1.0722,4.0074,23.5676,14.0787,14.9361,14.3194
8639,-57.5043,-11.829,0.6934,0.7,0.7,3.9639,23.5685,14.0824,14.9361,14.3204
8640,-57.7842,-11.9039,0.6933,0.7,0.5861,4.0222,23.5685,14.0843,14.9361,14.3231
8641,-57.5637,-11.9234,0.6933,0.7,0.5792,4.0009,23.5694,14.0852,14.9361,14.3269
8642,-57.8758,-12.0409,0.6933,0.7,0.5472,3.9981,23.5704,14.0889,14.937,14.3296
8643,-58.88,-12.0288,0.6933,0.7,0.5139,3.9991,23.5704,14.0898,14.937,14.3324
8644,-58.8562,-12.1103,0.6933,0.7,0.4708,4.0213,23.5713,14.0907,14.937,14.3343
8645,-59.9044,-12.1886,0.6933,0.7,0.2139,4.0389,23.5722,14.0917,14.938,14.3352
8646,-60.3908,-12.2389,0.6933,0.7,0.2889,4.037,23.5722,14.0935,14.938,14.3389
8647,-61.2021,-12.2766,0.6933,0.7,0.2097,3.9972,23.5731,14.0954,14.938,14.338
8648,-61.4351,-12.3023,0.6933,0.7,0.1042,4.0157,23.5731,14.1,14.9389,14.3426
8649,-61.6979,-12.3148,0.6933,0.7,0.1125,4.0676,23.5741,14.1009,14.9389,14.3454
8650,-62.0927,-12.2862,0.6933,0.7,0.0958,4.0324,23.575,14.1028,14.9389,14.3472
8651,-62.1058,-12.2392,0.6934,0.7,0.1236,4.0019,23.575,14.1037,14.9398,14.3537
8652,-62.7081,-12.3229,0.6934,0.7,0.0819,4.0046,23.5759,14.1083,14.9398,14.3574
8653,-62.8955,-12.3091,0.6934,0.7,0.0375,3.9963,23.5769,14.1093,14.9398,14.3565
8654,-62.9934,-12.2863,0.6934,0.7,0.0597,4.037,23.5769,14.1093,14.9407,14.3583
8655,-63.2883,-12.2542,0.6934,0.7,0.0569,3.9944,23.5778,14.112,14.9407,14.3602
8656,-63.7404,-12.2247,0.6935,0.7,0.0611,4.0065,23.5778,14.1148,14.9407,14.3648
8657,-63.8808,-12.2287,0.6936,0.7,0.1542,3.9546,23.5787,14.1176,14.9407,14.3648
8658,-63.5661,-12.2065,0.6936,0.7,0.0889,3.9861,23.5796,14.1167,14.9417,14.3667
8659,-63.9802,-12.1296,0.6937,0.7,0.0708,4.0269,23.5796,14.1194,14.9417,14.3694
8660,-64.2863,-12.0605,0.6938,0.7,0.1236,4.0556,23.5806,14.1241,14.9417,14.3731
8661,-64.6207,-11.9465,0.6939,0.7,0.1319,4.0176,23.5815,14.1278,14.9426,14.3769
8662,-64.7932,-11.9212,0.6941,0.7,0.0917,3.9639,23.5815,14.1306,14.9426,14.3778
8663,-64.9817,-11.8487,0.6942,0.7,0.1458,3.987,23.5824,14.1324,14.9426,14.3815
8664,-65.0662,-11.7682,0.6943,0.7,0.1236,3.9935,23.5824,14.1333,14.9435,14.3824
8665,-65.382,-11.6381,0.6945,0.7,0.1833,4.0185,23.5833,14.1343,14.9435,14.3843
8666,-65.3473,-11.4285,0.6945,0.7,0.2389,4.0037,23.5843,14.1352,14.9435,14.3861
8667,-65.4777,-11.3057,0.6946,0.7,0.3486,3.9935,23.5843,14.138,14.9444,14.3917
8668,-65.408,-11.1895,0.6948,0.7,0.4083,3.987,23.5852,14.1417,14.9444,14.3963
8669,-64.7704,-10.9845,0.6948,0.7,0.5583,3.9954,23.5852,14.1426,14.9444,14.3972
8670,-65.2852,-10.8748,0.6948,0.7,0.4736,4.0065,23.5861,14.1426,14.9444,14.3954
8671,-63.9601,-10.612,0.6947,0.7,0.475,3.9796,23.587,14.1463,14.9454,14.3972
8672,-63.8692,-10.5324,0.6948,0.7,0.45,4.0148,23.587,14.1472,14.9454,14.4
8673,-62.3308,-10.3808,0.6947,0.7,0.95,3.9963,23.588,14.1481,14.9454,14.4
8674,-61.6323,-10.2653,0.6949,0.7,1.9889,4.0046,23.588,14.1481,14.9463,14.4019
8675,-61.3346,-10.1459,0.6948,0.7,2.8931,3.9926,23.5889,14.15,14.9463,14.4019
8676,-60.248,-10.1134,0.6949,0.7,3.3639,4.0056,23.5889,14.1556,14.9463,14.4056
8677,-57.187,-10.289,0.6947,0.7,3.2778,3.963,23.5898,14.1565,14.9463,14.4056
8678,-54.4389,-10.5474,0.6946,0.7,2.7819,3.9852,23.5907,14.163,14.9472,14.4093
8679,-54.4517,-10.8662,0.6943,0.7,2.1125,4.0009,23.5907,14.1639,14.9472,14.4111
8680,-54.08,-11.3571,0.6939,0.7,1.4375,4.0565,23.5917,14.1657,14.9472,14.413
8681,-55.1514,-11.3363,0.6939,0.7,1.4278,4.0139,23.5917,14.1676,14.9481,14.4167
8682,-55.7776,-11.4426,0.6939,0.7,1.3278,4.0315,23.5926,14.1694,14.9481,14.4185
8683,-56.7187,-11.6493,0.6939,0.7,0.9417,3.95,23.5935,14.1722,14.9481,14.4185
8684,-57.7119,-11.8558,0.6938,0.7,0.7333,4.0491,23.5935,14.1759,14.9481,14.4213
8685,-59.4057,-12.1616,0.6937,0.7,0.4056,3.9648,23.5944,14.1741,14.9491,14.4231
8686,-59.7024,-12.1923,0.6937,0.7,0.2972,3.9926,23.5944,14.1722,14.9491,14.4222
8687,-60.8034,-12.286,0.6937,0.7,0.1278,3.9935,23.5954,14.175,14.9491,14.4241
8688,-61.7766,-12.3302,0.6937,0.7,0.1208,3.9639,23.5954,14.1787,14.95,14.4259
8689,-61.8719,-12.2845,0.6937,0.7,0.1069,3.9481,23.5963,14.1787,14.95,14.4269
8690,-62.4963,-12.2878,0.6937,0.7,0.0722,3.9898,23.5972,14.1815,14.95,14.4287
8691,-63.1191,-12.2933,0.6939,0.7,0.0597,4.0306,23.5972,14.1852,14.95,14.4296
8692,-63.3493,-12.2424,0.6939,0.7,0.0306,3.963,23.5981,14.1861,14.9509,14.4306
8693,-63.5553,-12.206,0.694,0.7,0.0306,4.0037,23.5981,14.1917,14.9509,14.4352
8694,-64.0806,-12.15,0.6941,0.7,0.0403,3.9963,23.5991,14.1944,14.9509,14.437
8695,-64.3635,-12.1141,0.6941,0.7,0.1,4.0278,23.6,14.1935,14.9519,14.438
8696,-64.5031,-12.0543,0.6942,0.7,0.0778,4.0361,23.6,14.1944,14.9519,14.437
8697,-64.7591,-11.9814,0.6943,0.7,0.0667,3.9907,23.6009,14.1944,14.9519,14.4389
8698,-64.9659,-11.9267,0.6943,0.7,0.0861,4.0009,23.6009,14.1991,14.9519,14.4407
8699,-65.3229,-11.7779,0.6945,0.7,0.1583,4.0185,23.6019,14.1991,14.9528,14.4417
8700,-65.1147,-11.7029,0.6945,0.7,0.1208,3.9889,23.6028,14.2009,14.9528,14.4426
8701,-65.3896,-11.5963,0.6946,0.7,0.1625,4.037,23.6028,14.2037,14.9528,14.4426
8702,-65.3768,-11.448,0.6946,0.7,0.1819,3.9833,23.6037,14.2074,14.9537,14.4481
8703,-65.2051,-11.4071,0.6946,0.7,0.2194,4.0287,23.6037,14.2065,14.9537,14.4491
8704,-65.3961,-11.281,0.6946,0.7,0.3375,3.9917,23.6046,14.2074,14.9537,14.4481
8705,-65.1186,-11.1936,0.6946,0.7,0.3375,4.0167,23.6046,14.2093,14.9546,14.4509
8706,-64.9101,-11.0894,0.6947,0.7,0.4736,4.0269,23.6056,14.2083,14.9546,14.4519
8707,-64.7538,-10.9097,0.6948,0.7,0.5069,3.9648,23.6065,14.2102,14.9546,14.4546
8708,-63.671,-10.7626,0.6948,0.7,0.4806,4.0611,23.6065,14.2111,14.9546,14.4546
8709,-63.4541,-10.5906,0.6948,0.7,0.4542,3.9954,23.6074,14.212,14.9556,14.4565
8710,-63.2326,-10.4285,0.6949,0.7,0.6944,4.0139,23.6074,14.213,14.9556,14.4593
8711,-62.5773,-10.405,0.6951,0.7,1.1861,3.9843,23.6083,14.2148,14.9556,14.4611
8712,-60.995,-10.2285,0.6951,0.7,2.2861,4.0676,23.6083,14.2185,14.9565,14.4639
8713,-60.6642,-10.2126,0.6952,0.7,2.9042,4.0491,23.6093,14.2213,14.9565,14.4676
8714,-57.4993,-10.2823,0.6952,0.7,3.0931,4.0213,23.6102,14.2259,14.9565,14.4713
8715,-55.9954,-10.502,0.695,0.7,2.9167,4.062,23.6102,14.2287,14.9565,14.4722
8716,-54.4951,-10.8568,0.6946,0.7,2.125,4.0241,23.6111,14.2324,14.9574,14.4741
8717,-54.3275,-11.2083,0.6944,0.7,1.5333,3.9907,23.6111,14.237,14.9574,14.4778
8718,-55.9893,-11.2935,0.6945,0.7,1.3222,3.9926,23.612,14.238,14.9574,14.4806
8719,-55.8999,-11.6361,0.6944,0.7,1.1347,3.9611,23.612,14.2407,14.9574,14.4824
8720,-56.9774,-11.7324,0.6944,0.7,0.8431,3.9963,23.613,14.2426,14.9583,14.4833
8721,-57.6907,-11.8315,0.6945,0.7,0.75,3.9991,23.613,14.2426,14.9583,14.4833
8722,-58.6201,-11.928,0.6947,0.7,0.525,3.9963,23.6139,14.2407,14.9583,14.4824
8723,-59.8322,-12.0719,0.6949,0.7,0.4333,3.9926,23.6139,14.2426,14.9583,14.4843
8724,-59.9914,-12.162,0.6949,0.7,0.2319,4.0509,23.6148,14.2435,14.9593,14.487
8725,-61.5993,-12.2278,0.6951,0.7,0.1069,3.962,23.6148,14.2435,14.9593,14.4889
8726,-61.8863,-12.232,0.6953,0.7,0.0708,4.0537,23.6157,14.2481,14.9593,14.4926
8727,-62.544,-12.2424,0.6954,0.7,0.1431,3.9694,23.6157,14.25,14.9593,14.4935
8728,-62.7427,-12.2326,0.6955,0.7,0.0917,3.9898,23.6167,14.2491,14.9602,14.4926
8729,-63.1043,-12.1832,0.6956,0.7,0.1125,4.0389,23.6167,14.25,14.9602,14.4954
8730,-63.6167,-12.2048,0.6958,0.7,0.0736,3.9944,23.6167,14.2491,14.9602,14.4935
8731,-63.5169,-12.1141,0.6959,0.7,0.1083,4.0157,23.6176,14.25,14.9602,14.4944
8732,-63.892,-12.0932,0.696,0.7,0.0653,3.9796,23.6176,14.2491,14.9602,14.4935
8733,-64.4165,-12.0699,0.6961,0.7,0.0722,4.0574,23.6185,14.2509,14.9611,14.4963
8734,-64.6619,-11.9137,0.6963,0.7,0.1542,4.0194,23.6185,14.2509,14.9611,14.4972
8735,-64.4705,-11.8817,0.6964,0.7,0.1375,4.0194,23.6185,14.2537,14.9611,14.4981
8736,-64.4601,-11.7865,0.6967,0.7,0.1542,3.9704,23.6194,14.2565,14.9611,14.5019
8737,-64.6852,-11.8442,0.6968,0.7,0.2222,4.0139,23.6194,14.2556,14.9611,14.5028
8738,-64.7154,-11.8282,0.6969,0.7,0.1875,3.9787,23.6194,14.2556,14.9611,14.5028
8739,-64.8126,-11.7981,0.6971,0.7,0.1681,3.9657,23.6204,14.2574,14.962,14.5046
8740,-64.7812,-11.7396,0.6973,0.7,0.1806,4.0315,23.6204,14.2602,14.962,14.5093
8741,-64.9173,-11.7635,0.6975,0.7,0.1472,3.9676,23.6204,14.262,14.962,14.5102
8742,-64.5246,-11.6954,0.6978,0.7,0.2097,4.0176,23.6213,14.263,14.962,14.513
8743,-64.7565,-11.6726,0.6981,0.7,0.1639,3.9963,23.6213,14.2657,14.962,14.5148
8744,-64.7655,-11.5149,0.6983,0.7,0.2514,4.0278,23.6213,14.2657,14.962,14.5148
8745,-65.0672,-11.4139,0.6984,0.7,0.2722,4.0241,23.6213,14.2648,14.962,14.5157
8746,-65.0996,-11.2979,0.6986,0.7,0.2861,4.0194,23.6222,14.2648,14.963,14.5157
8747,-64.9662,-11.2236,0.6988,0.7,0.3264,4.0398,23.6222,14.2667,14.963,14.5167
8748,-64.6203,-11.0815,0.699,0.7,0.4375,4.0046,23.6222,14.2657,14.963,14.5157
8749,-64.6825,-11.0814,0.6993,0.7,0.4847,3.938,23.6222,14.2648,14.963,14.5148
8750,-64.0709,-10.8894,0.6994,0.7,0.6139,3.9926,23.6222,14.2648,14.963,14.5157
8751,-63.8362,-10.7983,0.6995,0.7,0.4958,4.0056,23.6222,14.263,14.963,14.5139
8752,-63.0584,-10.5304,0.6996,0.7,0.4792,4.0306,23.6222,14.2648,14.963,14.5148
8753,-63.1188,-10.589,0.6997,0.7,0.8083,4.038,23.6231,14.2657,14.963,14.5148
8754,-62.1189,-10.4384,0.6998,0.7,1.0597,4.0213,23.6231,14.2667,14.963,14.5157
8755,-61.2531,-10.2078,0.6999,0.7,2.2639,4.0287,23.6231,14.2648,14.963,14.5157
8756,-61.4027,-10.2343,0.7,0.7,2.4861,4.0185,23.6231,14.2657,14.963,14.5167
8757,-60.3214,-10.1842,0.7001,0.7,3.1292,4.0019,23.6231,14.2639,14.963,14.513
8758,-60.4213,-10.167,0.7002,0.7,3.1819,4.0639,23.6231,14.2657,14.963,14.5167
8759,-59.0116,-10.2799,0.7002,0.7,3.0181,3.9796,23.6231,14.262,14.963,14.5167
8760,-56.1934,-10.4731,0.7001,0.7,2.8083,4.0176,23.6231,14.262,14.963,14.5157
8761,-55.1675,-10.8033,0.6999,0.7,2.0736,3.9769,23.6231,14.2648,14.963,14.5194
8762,-54.9009,-11.2184,0.6997,0.7,1.6347,4.0157,23.6231,14.263,14.963,14.5185
8763,-54.2802,-11.2838,0.6997,0.7,1.7611,3.9796,23.6231,14.263,14.963,14.5204
8764,-55.4382,-11.5107,0.6997,0.7,1.275,4.0398,23.6231,14.263,14.963,14.5194
8765,-55.5198,-11.4917,0.6998,0.7,1.0597,3.9981,23.6231,14.2611,14.963,14.5167
8766,-56.5719,-11.6086,0.6998,0.7,0.9819,3.9806,23.6231,14.2593,14.963,14.5167
8767,-57.0681,-11.7043,0.6999,0.7,1.0347,3.9935,23.6231,14.2583,14.963,14.5167
8768,-56.0475,-11.7749,0.6998,0.7,0.7486,3.9926,23.6231,14.2583,14.963,14.5176
8769,-57.8254,-11.9607,0.6998,0.7,0.5403,3.9685,23.6231,14.2574,14.963,14.5157
8770,-58.3627,-11.9826,0.6998,0.7,0.45,4.0028,23.6231,14.2574,14.963,14.5167
8771,-59.8516,-12.1403,0.6998,0.7,0.3125,3.9907,23.6231,14.2583,14.963,14.5157
8772,-59.3445,-12.164,0.6997,0.7,0.3361,4.0231,23.6231,14.2574,14.963,14.5157
8773,-60.5457,-12.1636,0.6997,0.7,0.2458,3.9972,23.6231,14.2509,14.963,14.512
8774,-60.6234,-12.1689,0.6998,0.7,0.1847,3.9861,23.6231,14.25,14.963,14.5139
8775,-61.6022,-12.206,0.6999,0.7,0.1694,3.9963,23.6231,14.2528,14.963,14.5139
8776,-62.052,-12.2567,0.6999,0.7,0.1722,3.9593,23.6231,14.2509,14.963,14.5093
8777,-62.8191,-12.2749,0.6999,0.7,0.05,3.987,23.6231,14.2491,14.963,14.5083
8778,-63.151,-12.2125,0.7,0.7,0.1,4.012,23.6231,14.2481,14.963,14.5065
8779,-63.3407,-12.2167,0.7001,0.7,0.0722,3.9676,23.6231,14.2481,14.963,14.5037
8780,-63.6428,-12.1966,0.7003,0.7,0.1389,3.9833,23.6231,14.2472,14.963,14.5028
8781,-63.848,-12.0704,0.7004,0.7,0.1028,4.0028,23.6231,14.2472,14.963,14.5019
8782,-64.0058,-12.0522,0.7005,0.7,0.1014,3.95,23.6231,14.2444,14.963,14.4963
8783,-64.0046,-11.9558,0.7008,0.7,0.0861,3.9935,23.6231,14.2435,14.963,14.4954
8784,-64.1695,-11.9747,0.701,0.7,0.0972,3.9731,23.6231,14.2417,14.963,14.4926
8785,-64.4609,-11.8682,0.7012,0.7,0.1889,4.0296,23.6231,14.2407,14.963,14.4917
8786,-64.6124,-11.7999,0.7013,0.7,0.1597,3.9935,23.6222,14.238,14.963,14.488
8787,-64.948,-11.6972,0.7014,0.7,0.2347,3.9981,23.6222,14.2361,14.963,14.4889
8788,-65.0922,-11.5887,0.7016,0.7,0.2694,4.0009,23.6222,14.2333,14.963,14.487
8789,-64.9448,-11.4775,0.7017,0.7,0.2986,4.0148,23.6222,14.2287,14.963,14.4852
8790,-65.1004,-11.3959,0.7018,0.7,0.3028,3.9907,23.6222,14.2259,14.963,14.4833
8791,-64.7422,-11.2282,0.7019,0.7,0.3917,3.9556,23.6222,14.2222,14.963,14.4815
8792,-64.9997,-10.9861,0.7019,0.7,0.5653,3.9833,23.6222,14.2231,14.962,14.4833
8793,-64.1171,-10.8209,0.702,0.7,0.45,3.9556,23.6222,14.2204,14.962,14.4824
8794,-63.2002,-10.5925,0.702,0.7,0.475,3.9694,23.6213,14.2185,14.962,14.4796
8795,-63.217,-10.5144,0.7021,0.7,0.725,3.9694,23.6213,14.2157,14.962,14.4759
8796,-61.5727,-10.2654,0.7021,0.7,1.6847,4.0028,23.6213,14.213,14.962,14.475
8797,-61.3718,-10.0863,0.7021,0.7,2.8431,4.0519,23.6213,14.2111,14.962,14.4731
8798,-59.9899,-10.1383,0.702,0.7,3.2181,3.9972,23.6213,14.2102,14.962,14.4713
8799,-60.0452,-10.2046,0.702,0.7,3.1153,3.9537,23.6213,14.2083,14.962,14.4676
8800,-56.57,-10.3837,0.7019,0.7,3.0972,3.9944,23.6213,14.2074,14.962,14.4657
8801,-55.4216,-10.5872,0.7017,0.7,2.475,3.9694,23.6204,14.2056,14.962,14.463
8802,-54.293,-10.8744,0.7015,0.7,2.1986,3.988,23.6204,14.2056,14.962,14.463
8803,-55.5965,-11.0594,0.7015,0.7,1.6361,3.9611,23.6204,14.2056,14.962,14.463
8804,-55.1967,-11.269,0.7014,0.7,1.4986,4.0574,23.6204,14.2037,14.962,14.462
8805,-56.0658,-11.3676,0.7015,0.7,1.3153,4.025,23.6204,14.2,14.9611,14.4565
8806,-57.155,-11.6577,0.7015,0.7,0.8361,4.025,23.6204,14.1991,14.9611,14.4574
8807,-57.5385,-11.7494,0.7015,0.7,0.8153,3.9796,23.6194,14.1972,14.9611,14.4556
8808,-58.6503,-11.9171,0.7015,0.7,0.6583,3.988,23.6194,14.1963,14.9611,14.4537
8809,-58.5777,-12.036,0.7016,0.7,0.4875,4.0111,23.6194,14.1944,14.9611,14.4537
8810,-59.8806,-12.147,0.7017,0.7,0.2389,4.0472,23.6194,14.1935,14.9611,14.4481
8811,-60.7823,-12.2042,0.7017,0.7,0.2611,4.0361,23.6194,14.1926,14.9611,14.4463
8812,-61.4548,-12.2541,0.7018,0.7,0.2111,3.9759,23.6185,14.1898,14.9611,14.4454
8813,-62.0974,-12.26,0.7018,0.7,0.1236,4.0065,23.6185,14.1907,14.9611,14.4444
8814,-62.6816,-12.2376,0.7019,0.7,0.1347,3.9852,23.6185,14.188,14.9611,14.4426
8815,-63.2035,-12.2295,0.702,0.7,0.0903,3.9926,23.6185,14.1861,14.9602,14.4389
8816,-63.6952,-12.1967,0.7021,0.7,0.0931,3.987,23.6185,14.1833,14.9602,14.437
8817,-63.9314,-12.142,0.7021,0.7,0.0542,3.987,23.6176,14.1806,14.9602,14.4333
8818,-63.9786,-12.0463,0.7022,0.7,0.1153,4.0019,23.6176,14.1815,14.9602,14.4333
8819,-64.6344,-11.9888,0.7023,0.7,0.1181,3.975,23.6176,14.1759,14.9602,14.4296
8820,-64.7399,-11.8578,0.7024,0.7,0.1625,4.0204,23.6176,14.1731,14.9602,14.425
8821,-64.8011,-11.7961,0.7024,0.7,0.1528,3.9685,23.6167,14.175,14.9602,14.425
8822,-64.9596,-11.7467,0.7024,0.7,0.1458,4.012,23.6167,14.175,14.9602,14.4259
8823,-65.2957,-11.6619,0.7024,0.7,0.1903,3.9769,23.6167,14.1731,14.9602,14.4259
8824,-65.4542,-11.5905,0.7025,0.7,0.0833,3.9657,23.6167,14.1731,14.9593,14.4278
8825,-65.1802,-11.4469,0.7025,0.7,0.3903,3.9852,23.6167,14.1713,14.9593,14.4269
8826,-65.2164,-11.2899,0.7026,0.7,0.2694,3.9704,23.6157,14.1694,14.9593,14.425
8827,-65.1112,-11.2151,0.7027,0.7,0.325,4.0065,23.6157,14.1694,14.9593,14.4259
8828,-65.0333,-11.124,0.7028,0.7,0.4694,3.9833,23.6157,14.1676,14.9593,14.425
8829,-64.8647,-10.9952,0.7029,0.7,0.4153,4.0241,23.6157,14.1676,14.9593,14.4241
8830,-63.947,-10.8444,0.703,0.7,0.4861,3.987,23.6157,14.1648,14.9593,14.4222
8831,-63.8935,-10.774,0.7031,0.7,0.4806,4.038,23.6148,14.163,14.9593,14.4204
8832,-62.8555,-10.613,0.7031,0.7,0.5806,4.0037,23.6148,14.163,14.9593,14.4176
8833,-62.3667,-10.4905,0.7032,0.7,0.9528,4.0,23.6148,14.162,14.9583,14.4176
8834,-62.1826,-10.4808,0.7033,0.7,1.2431,3.9954,23.6148,14.1593,14.9583,14.413
8835,-61.3395,-10.2921,0.7033,0.7,2.0667,3.9481,23.6139,14.1583,14.9583,14.412
8836,-61.3313,-10.2377,0.7034,0.7,2.4778,4.0,23.6139,14.1556,14.9583,14.4102
8837,-59.8828,-10.2103,0.7033,0.7,2.9556,4.063,23.6139,14.1546,14.9583,14.4083
8838,-57.646,-10.3414,0.7032,0.7,3.1097,3.9574,23.613,14.1509,14.9583,14.4065
8839,-56.8969,-10.4686,0.7031,0.7,2.6125,3.9852,23.613,14.1444,14.9583,14.4
8840,-57.0668,-10.586,0.703,0.7,2.4056,3.8787,23.613,14.1417,14.9574,14.3972
8841,-55.0141,-10.9717,0.7027,0.7,1.8569,3.9806,23.613,14.138,14.9574,14.3954
8842,-55.2725,-11.1463,0.7026,0.7,1.6097,3.9843,23.612,14.1352,14.9574,14.3954
8843,-54.4504,-11.249,0.7025,0.7,1.7681,3.9556,23.612,14.1324,14.9574,14.3935
8844,-55.6765,-11.2548,0.7026,0.7,1.2417,3.9593,23.612,14.1333,14.9574,14.3926
8845,-55.9978,-11.5747,0.7025,0.7,1.0056,4.0472,23.612,14.1296,14.9574,14.3898
8846,-57.1365,-11.8265,0.7024,0.7,0.6208,3.9537,23.6111,14.1306,14.9574,14.3889
8847,-57.0,-11.8458,0.7024,0.7,0.6764,3.9806,23.6111,14.1287,14.9565,14.388
8848,-58.3023,-11.9065,0.7024,0.7,0.5778,4.0074,23.6111,14.1287,14.9565,14.3861
8849,-59.1807,-12.089,0.7023,0.7,0.3458,3.9796,23.6102,14.1269,14.9565,14.387
8850,-59.2848,-12.0586,0.7023,0.7,0.3583,3.9648,23.6102,14.1278,14.9565,14.3843
8851,-59.8018,-12.0687,0.7024,0.7,0.3097,3.9528,23.6102,14.125,14.9565,14.3824
8852,-60.4768,-12.1674,0.7024,0.7,0.2069,4.025,23.6102,14.1241,14.9565,14.3787
8853,-61.2556,-12.2302,0.7024,0.7,0.1625,3.9546,23.6093,14.1194,14.9565,14.375
8854,-61.8392,-12.2403,0.7023,0.7,0.1444,3.9657,23.6093,14.1167,14.9556,14.3731
8855,-61.9077,-12.2096,0.7025,0.7,0.1083,3.9963,23.6093,14.1111,14.9556,14.3704
8856,-62.0985,-12.226,0.7026,0.7,0.1278,4.0315,23.6083,14.1083,14.9556,14.3657
8857,-63.0485,-12.1848,0.7027,0.7,0.1042,3.9556,23.6083,14.1074,14.9556,14.363
8858,-63.2782,-12.2041,0.7028,0.7,0.1431,4.0259,23.6083,14.1074,14.9556,14.363
8859,-63.7586,-12.1791,0.7029,0.7,0.0833,3.9963,23.6083,14.1056,14.9556,14.3602
8860,-63.9886,-12.1284,0.7029,0.7,0.0944,4.0056,23.6074,14.1056,14.9556,14.3583
8861,-64.1667,-12.0671,0.703,0.7,0.1139,3.9796,23.6074,14.1074,14.9546,14.3583
8862,-64.5822,-11.9659,0.7031,0.7,0.0667,3.9926,23.6074,14.1046,14.9546,14.3546
8863,-64.8189,-11.8657,0.7031,0.7,0.1347,3.9806,23.6065,14.1046,14.9546,14.3519
8864,-64.9566,-11.8321,0.703,0.7,0.1556,3.9972,23.6065,14.1056,14.9546,14.3509
8865,-65.3245,-11.6492,0.7031,0.7,0.2028,3.9611,23.6065,14.1046,14.9546,14.3509
8866,-64.8129,-11.5312,0.7031,0.7,0.1597,4.0472,23.6065,14.1019,14.9546,14.3491
8867,-65.1296,-11.4474,0.7032,0.7,0.2583,4.0083,23.6056,14.1009,14.9546,14.3472
8868,-65.0411,-11.2996,0.7032,0.7,0.2472,3.9935,23.6056,14.1009,14.9537,14.3454
8869,-65.4235,-11.1777,0.7033,0.7,0.4417,3.9676,23.6056,14.0981,14.9537,14.3454
8870,-64.8509,-11.1268,0.7034,0.7,0.4444,3.9972,23.6056,14.0991,14.9537,14.3454
8871,-64.7165,-11.1457,0.7035,0.7,0.3958,3.975,23.6046,14.0972,14.9537,14.3426
8872,-64.3615,-11.1098,0.7037,0.7,0.4444,4.0065,23.6046,14.0981,14.9537,14.3435
8873,-64.3687,-10.948,0.7038,0.7,0.4069,4.0056,23.6046,14.0981,14.9537,14.3407
8874,-64.402,-10.8902,0.7039,0.7,0.5639,3.9991,23.6037,14.0972,14.9537,14.338
8875,-64.2737,-10.7958,0.7038,0.7,0.4528,3.9333,23.6037,14.0963,14.9528,14.3343
8876,-64.3797,-10.7529,0.7039,0.7,0.4833,3.9907,23.6037,14.0963,14.9528,14.3333
8877,-64.5333,-10.8255,0.7039,0.7,0.4653,4.0102,23.6028,14.0917,14.9528,14.3296
8878,-63.6942,-10.781,0.7038,0.7,0.5472,3.9824,23.6028,14.0907,14.9528,14.3287
8879,-63.9319,-10.6706,0.7038,0.7,0.5875,4.0398,23.6028,14.088,14.9528,14.3278
8880,-63.9779,-10.7277,0.7038,0.7,0.7069,3.9907,23.6019,14.087,14.9528,14.3259
8881,-63.5131,-10.7351,0.7038,0.7,0.5611,3.9954,23.6019,14.0861,14.9519,14.3231
8882,-63.6084,-10.805,0.7038,0.7,0.6375,3.9694,23.6019,14.087,14.9519,14.3241
8883,-64.3501,-10.9488,0.7039,0.7,0.5208,4.0556,23.6009,14.0843,14.9519,14.3213
8884,-64.6912,-11.0471,0.704,0.7,0.3319,4.0213,23.6009,14.0824,14.9519,14.3204
8885,-64.7553,-11.2968,0.7038,0.7,0.2639,3.9898,23.6009,14.0796,14.9519,14.3148
8886,-64.8642,-11.4116,0.7038,0.7,0.2264,3.9611,23.6,14.0815,14.9519,14.3176
8887,-64.7979,-11.5625,0.7038,0.7,0.275,3.9389,23.6,14.0806,14.9509,14.3157
8888,-64.963,-11.6124,0.7039,0.7,0.2278,3.9833,23.6,14.0796,14.9509,14.3148
8889,-64.7347,-11.6625,0.704,0.7,0.1861,4.0074,23.5991,14.0806,14.9509,14.3157
8890,-64.9002,-11.6556,0.704,0.7,0.2153,3.9824,23.5991,14.0787,14.9509,14.3139
8891,-65.082,-11.6618,0.704,0.7,0.225,3.9824,23.5991,14.0787,14.9509,14.3157
8892,-64.7844,-11.672,0.704,0.7,0.1792,3.9954,23.5981,14.0769,14.95,14.313
8893,-65.1208,-11.576,0.7041,0.7,0.2764,3.9907,23.5981,14.0741,14.95,14.312
8894,-64.5163,-11.5575,0.7043,0.7,0.2333,4.0333,23.5972,14.0731,14.95,14.3083
8895,-64.7848,-11.5097,0.7044,0.7,0.2444,4.0333,23.5972,14.0713,14.95,14.3065
8896,-65.0357,-11.5302,0.7045,0.7,0.3111,4.0074,23.5972,14.0685,14.95,14.3046
8897,-65.0974,-11.4489,0.7045,0.7,0.2542,3.9861,23.5963,14.0667,14.95,14.3028
8898,-65.0837,-11.3461,0.7046,0.7,0.2972,4.0204,23.5963,14.0667,14.9491,14.3028
8899,-65.0398,-11.2643,0.7046,0.7,0.4306,3.975,23.5954,14.0639,14.9491,14.3
8900,-65.1171,-11.2176,0.7046,0.7,0.2958,3.9426,23.5954,14.062,14.9491,14.2991
8901,-64.9666,-10.9961,0.7046,0.7,0.4778,3.9981,23.5954,14.0593,14.9491,14.2954
8902,-64.5784,-10.9346,0.7045,0.7,0.4694,3.9935,23.5944,14.0574,14.9481,14.2926
8903,-64.619,-10.8955,0.7045,0.7,0.4597,3.9509,23.5944,14.0593,14.9481,14.2926
8904,-63.877,-10.7787,0.7045,0.7,0.4875,3.9583,23.5935,14.0583,14.9481,14.2926
8905,-64.0696,-10.6872,0.7045,0.7,0.5319,3.9917,23.5935,14.0583,14.9481,14.2917
8906,-62.9554,-10.596,0.7044,0.7,0.5111,4.0009,23.5935,14.0546,14.9481,14.2889
8907,-62.8053,-10.4653,0.7045,0.7,1.0306,3.9796,23.5926,14.0509,14.9472,14.2843
8908,-62.7002,-10.4918,0.7044,0.7,1.2028,3.9769,23.5926,14.0491,14.9472,14.2824
8909,-62.0272,-10.4669,0.7044,0.7,1.4944,4.0324,23.5926,14.0481,14.9472,14.2815
8910,-61.8443,-10.3422,0.7046,0.7,1.9514,4.0324,23.5917,14.0463,14.9472,14.2815
8911,-60.8379,-10.2539,0.7045,0.7,2.8347,4.0694,23.5917,14.0454,14.9472,14.2806
8912,-59.1269,-10.2254,0.7044,0.7,3.2056,4.0009,23.5907,14.0398,14.9472,14.2778
8913,-57.9743,-10.25,0.7043,0.7,3.3833,4.0019,23.5907,14.037,14.9463,14.2787
8914,-58.119,-10.2387,0.7043,0.7,3.1639,3.9944,23.5907,14.0361,14.9463,14.2759
8915,-55.5939,-10.5406,0.704,0.7,2.4764,3.9722,23.5898,14.0343,14.9463,14.2741
8916,-55.3985,-10.8301,0.7038,0.7,2.3181,3.9546,23.5898,14.0324,14.9463,14.2704
8917,-54.5348,-11.0527,0.7037,0.7,1.8611,4.0102,23.5889,14.0296,14.9463,14.2694
8918,-54.9696,-11.2206,0.7035,0.7,1.55,4.0037,23.5889,14.0278,14.9454,14.2667
8919,-56.4032,-11.5878,0.7032,0.7,1.1125,4.0231,23.5889,14.0269,14.9454,14.2657
8920,-57.5933,-11.8374,0.7031,0.7,0.6861,3.9907,23.588,14.0269,14.9454,14.2667
8921,-58.2482,-11.9775,0.703,0.7,0.5014,3.9917,23.588,14.025,14.9454,14.2648
8922,-59.5401,-12.1184,0.7029,0.7,0.2958,3.9815,23.588,14.0241,14.9454,14.263
8923,-59.4488,-12.1199,0.7029,0.7,0.3944,4.0204,23.587,14.0222,14.9444,14.2611
8924,-60.4568,-12.2026,0.7028,0.7,0.3,3.987,23.587,14.0204,14.9444,14.2602
8925,-60.9734,-12.2581,0.7027,0.7,0.1597,4.0102,23.587,14.0204,14.9444,14.2611
8926,-61.9028,-12.274,0.7027,0.7,0.1264,3.9704,23.5861,14.0185,14.9444,14.2593
8927,-61.7898,-12.3072,0.7026,0.7,0.0778,4.0056,23.5861,14.0176,14.9444,14.2565
8928,-62.5653,-12.2363,0.7026,0.7,0.1292,3.9843,23.5861,14.0185,14.9444,14.2546
8929,-62.85,-12.2421,0.7026,0.7,0.0764,4.0111,23.5852,14.0157,14.9444,14.2537
8930,-63.4818,-12.2429,0.7026,0.7,0.0875,4.0019,23.5852,14.0157,14.9435,14.2528
8931,-63.4948,-12.2067,0.7026,0.7,0.0361,4.0389,23.5852,14.0167,14.9435,14.2519
8932,-63.7184,-12.1322,0.7026,0.7,0.0583,3.9815,23.5852,14.0167,14.9435,14.2528
8933,-63.8302,-12.0447,0.7026,0.7,0.1458,4.0213,23.5843,14.0167,14.9435,14.2519
8934,-63.9863,-12.0562,0.7026,0.7,0.1,4.0685,23.5843,14.0176,14.9435,14.2528
8935,-64.4079,-12.0459,0.7026,0.7,0.0694,4.0,23.5843,14.0139,14.9435,14.2491
8936,-64.3707,-11.9815,0.7026,0.7,0.1292,4.0148,23.5843,14.0139,14.9435,14.2472
8937,-64.7048,-11.9506,0.7026,0.7,0.1222,3.9889,23.5833,14.0157,14.9426,14.2491
8938,-64.6427,-11.8932,0.7026,0.7,0.1194,4.0176,23.5833,14.0185,14.9426,14.2519
8939,-64.8372,-11.7903,0.7026,0.7,0.1333,3.987,23.5833,14.0176,14.9426,14.2509
8940,-64.8458,-11.6689,0.7026,0.7,0.25,3.9694,23.5833,14.0176,14.9426,14.2509
8941,-65.047,-11.5717,0.7026,0.7,0.2472,4.0204,23.5824,14.0176,14.9426,14.2481
8942,-65.4055,-11.4357,0.7026,0.7,0.3361,4.0,23.5824,14.0167,14.9426,14.2472
8943,-64.8235,-11.434,0.7026,0.7,0.2556,4.0102,23.5824,14.0157,14.9426,14.2472
8944,-64.7459,-11.3602,0.7027,0.7,0.2708,4.0398,23.5824,14.0157,14.9426,14.2444
8945,-65.1448,-11.2007,0.7027,0.7,0.4875,4.0019,23.5824,14.0157,14.9417,14.2444
8946,-64.0721,-11.0475,0.7027,0.7,0.4056,4.05,23.5815,14.0139,14.9417,14.2407
8947,-64.1068,-10.8277,0.7027,0.7,0.4944,4.0111,23.5815,14.0148,14.9417,14.2407
8948,-63.7309,-10.6651,0.7027,0.7,0.6083,3.9972,23.5815,14.0148,14.9417,14.2417
8949,-63.0457,-10.51,0.7026,0.7,0.7472,4.0204,23.5815,14.013,14.9417,14.238
8950,-62.2124,-10.3282,0.7026,0.7,1.5194,4.0074,23.5806,14.0139,14.9417,14.2389
8951,-61.6518,-10.2519,0.7025,0.7,2.1361,3.9463,23.5806,14.0111,14.9417,14.2389
8952,-60.8158,-10.1839,0.7025,0.7,3.2042,3.9898,23.5806,14.0111,14.9417,14.2389
8953,-59.2646,-10.2313,0.7023,0.7,3.0722,4.0093,23.5806,14.012,14.9417,14.2398
8954,-55.2933,-10.523,0.7019,0.7,2.8764,4.0389,23.5806,14.0093,14.9417,14.2352
8955,-54.4233,-10.8431,0.7016,0.7,2.3111,4.0185,23.5806,14.0074,14.9407,14.2361
8956,-54.5169,-11.2083,0.7013,0.7,1.7333,4.0685,23.5796,14.0074,14.9407,14.2352
8957,-54.146,-11.3198,0.7011,0.7,1.5125,4.0019,23.5796,14.0065,14.9407,14.238
8958,-56.0601,-11.4565,0.701,0.7,1.2167,3.9991,23.5796,14.0083,14.9407,14.2389
8959,-56.5438,-11.6809,0.7009,0.7,0.9694,3.9694,23.5796,14.0093,14.9407,14.2389
8960,-57.0472,-11.8723,0.7008,0.7,0.65,3.9472,23.5796,14.0111,14.9407,14.238
8961,-58.1952,-11.9099,0.7008,0.7,0.6306,4.0241,23.5796,14.0111,14.9407,14.2389
8962,-59.0012,-12.0242,0.7008,0.7,0.4972,4.0361,23.5796,14.012,14.9407,14.2389
8963,-60.0627,-12.1454,0.7007,0.7,0.3028,4.025,23.5787,14.0139,14.9407,14.2417
8964,-61.0513,-12.2384,0.7006,0.7,0.1917,3.9954,23.5787,14.0157,14.9407,14.2435
8965,-60.7329,-12.2022,0.7006,0.7,0.1708,3.9713,23.5787,14.0148,14.9407,14.2444
8966,-61.788,-12.2759,0.7006,0.7,0.1486,3.9713,23.5787,14.0139,14.9407,14.2417
8967,-62.0178,-12.2522,0.7006,0.7,0.0778,4.0296,23.5787,14.012,14.9407,14.238
8968,-62.634,-12.2781,0.7006,0.7,0.0708,3.9472,23.5787,14.0111,14.9407,14.2352
8969,-62.4822,-12.2549,0.7005,0.7,0.0625,4.0056,23.5787,14.0111,14.9407,14.2324
8970,-62.7533,-12.2532,0.7006,0.7,0.0417,4.0315,23.5787,14.0111,14.9407,14.2343
8971,-63.4182,-12.235,0.7006,0.7,0.0278,4.0435,23.5787,14.0139,14.9407,14.2343
8972,-64.0157,-12.1816,0.7006,0.7,0.0361,4.0315,23.5787,14.0148,14.9398,14.2361
8973,-64.2928,-12.0828,0.7006,0.7,0.0681,3.9926,23.5787,14.0157,14.9398,14.2398
8974,-64.38,-12.0338,0.7006,0.7,0.1194,3.9204,23.5778,14.0167,14.9398,14.2417
8975,-64.4015,-11.9633,0.7006,0.7,0.1222,4.0389,23.5778,14.0176,14.9398,14.2426
8976,-64.6488,-11.8975,0.7007,0.7,0.1972,3.9676,23.5778,14.0157,14.9398,14.2417
8977,-64.8331,-11.796,0.7008,0.7,0.125,4.0,23.5778,14.0176,14.9398,14.2426
8978,-65.1152,-11.7508,0.7009,0.7,0.1625,3.9796,23.5778,14.0176,14.9398,14.2463
8979,-65.0818,-11.6554,0.7009,0.7,0.1486,3.9889,23.5778,14.0148,14.9398,14.2472
8980,-65.2523,-11.5447,0.7009,0.7,0.2903,4.0083,23.5778,14.012,14.9398,14.2463
8981,-65.1684,-11.2824,0.7009,0.7,0.2708,4.0463,23.5778,14.0111,14.9398,14.2463
8982,-65.159,-11.0274,0.7009,0.7,0.5042,4.0306,23.5778,14.0093,14.9398,14.2472
8983,-64.9106,-10.9895,0.7008,0.7,0.5042,3.9657,23.5778,14.0083,14.9398,14.2444
8984,-64.601,-10.9552,0.7007,0.7,0.4431,4.0259,23.5778,14.0065,14.9398,14.2444
8985,-64.1564,-10.821,0.7006,0.7,0.4014,3.95,23.5778,14.0074,14.9398,14.2444
8986,-63.3989,-10.6549,0.7005,0.7,0.4139,3.9806,23.5778,14.0074,14.9398,14.2454
8987,-63.2931,-10.5909,0.7006,0.7,0.575,3.9685,23.5778,14.0093,14.9398,14.2463
8988,-62.456,-10.4478,0.7006,0.7,0.925,3.987,23.5778,14.0102,14.9398,14.2472
8989,-62.4806,-10.3807,0.7005,0.7,1.2125,3.9898,23.5778,14.012,14.9398,14.2491
8990,-61.9106,-10.2922,0.7005,0.7,2.2389,3.9889,23.5778,14.0111,14.9398,14.2491
8991,-60.8995,-10.1996,0.7005,0.7,2.9708,3.9889,23.5778,14.0139,14.9398,14.2528
8992,-58.8107,-10.2557,0.7005,0.7,3.0458,4.0685,23.5778,14.013,14.9398,14.2528
8993,-56.4166,-10.4969,0.7003,0.7,2.525,3.9787,23.5778,14.0102,14.9398,14.2509
8994,-55.4201,-10.6496,0.7001,0.7,2.2653,4.0306,23.5778,14.013,14.9398,14.2546
8995,-54.8109,-11.0099,0.6998,0.7,1.9833,3.9815,23.5778,14.013,14.9398,14.2537
8996,-55.5148,-11.1834,0.6998,0.7,1.4958,3.9676,23.5778,14.0139,14.9398,14.2556
8997,-54.8854,-11.4527,0.6997,0.7,1.3167,4.0093,23.5778,14.0148,14.9398,14.2565
8998,-56.417,-11.7404,0.6995,0.7,0.9375,3.9981,23.5778,14.0167,14.9398,14.2583
8999,-57.3268,-11.9061,0.6994,0.7,0.5528,4.012,23.5778,14.0157,14.9398,14.2602
9000,-58.4013,-12.045,0.6994,0.7,0.4097,4.0241,23.5778,14.0157,14.9398,14.2602
9001,-59.4295,-12.0195,0.6995,0.7,0.3333,4.0222,23.5778,14.0167,14.9398,14.2639
9002,-60.2802,-12.1239,0.6995,0.7,0.3667,4.0157,23.5778,14.0157,14.9398,14.2639
9003,-60.8294,-12.2349,0.6995,0.7,0.1208,3.9796,23.5778,14.0157,14.9398,14.2639
9004,-61.8418,-12.2502,0.6995,0.7,0.0778,3.9648,23.5778,14.0167,14.9398,14.2657
9005,-62.3401,-12.2253,0.6997,0.7,0.0764,3.9778,23.5778,14.0167,14.9398,14.2667
9006,-62.6049,-12.2142,0.6997,0.7,0.1181,4.0565,23.5778,14.0157,14.9398,14.2713
9007,-63.3715,-12.2376,0.6997,0.7,0.0764,4.0139,23.5778,14.0148,14.9398,14.2704
9008,-63.7067,-12.2086,0.6997,0.7,0.0806,4.0046,23.5778,14.0148,14.9398,14.2694
9009,-63.9073,-12.1495,0.6997,0.7,0.0986,4.0296,23.5778,14.0167,14.9398,14.2713
9010,-64.0028,-12.0561,0.6997,0.7,0.0472,3.987,23.5778,14.0157,14.9398,14.2676
9011,-64.6155,-12.0193,0.6997,0.7,0.1125,4.0241,23.5778,14.0167,14.9398,14.2685
9012,-64.727,-11.935,0.6997,0.7,0.1278,4.0065,23.5778,14.0157,14.9398,14.2676
9013,-64.9571,-11.8205,0.6998,0.7,0.1931,3.9574,23.5778,14.0157,14.9398,14.2657
9014,-65.0886,-11.732,0.6998,0.7,0.1417,4.0454,23.5778,14.0167,14.9398,14.2667
9015,-65.2999,-11.6139,0.6997,0.7,0.15,4.0389,23.5778,14.0167,14.9398,14.2657
9016,-65.2841,-11.4786,0.6997,0.7,0.3111,4.0194,23.5778,14.0167,14.9398,14.2676
9017,-65.1238,-11.2344,0.6997,0.7,0.3139,4.0333,23.5778,14.0176,14.9398,14.2685
9018,-64.7545,-10.9246,0.6997,0.7,0.4778,4.0463,23.5778,14.0139,14.9398,14.2667
9019,-64.2431,-10.8429,0.6996,0.7,0.4667,3.9815,23.5787,14.0148,14.9398,14.2694
9020,-64.5632,-10.7343,0.6997,0.7,0.5597,4.0019,23.5787,14.0176,14.9398,14.2704
9021,-63.134,-10.6143,0.6997,0.7,0.6611,3.9722,23.5787,14.0194,14.9398,14.2713
9022,-62.4068,-10.4885,0.6997,0.7,0.8903,3.9639,23.5787,14.0222,14.9398,14.2731
9023,-61.8839,-10.3218,0.6997,0.7,2.0069,4.012,23.5787,14.025,14.9407,14.2759
9024,-60.9251,-10.1891,0.6998,0.7,2.5319,4.0444,23.5787,14.0241,14.9407,14.275
9025,-57.4504,-10.2892,0.6995,0.7,3.0528,3.9907,23.5787,14.0287,14.9407,14.2796
9026,-54.9012,-10.6663,0.6992,0.7,2.2847,3.9667,23.5787,14.0296,14.9407,14.2806
9027,-54.9621,-11.2467,0.6987,0.7,1.6,3.9972,23.5787,14.0296,14.9407,14.2833
9028,-55.2813,-11.4766,0.6985,0.7,1.1722,3.975,23.5787,14.0296,14.9407,14.2833
9029,-55.6304,-11.5602,0.6985,0.7,1.1653,4.0065,23.5787,14.0333,14.9407,14.2852
9030,-57.3978,-11.8235,0.6984,0.7,0.9528,4.0074,23.5796,14.0324,14.9407,14.2833
9031,-58.5486,-11.9296,0.6984,0.7,0.6083,3.9509,23.5796,14.0278,14.9407,14.2806
9032,-58.9239,-12.07,0.6984,0.7,0.3194,4.0269,23.5796,14.0278,14.9407,14.2815
9033,-59.9228,-12.1659,0.6984,0.7,0.3958,4.0185,23.5796,14.0287,14.9407,14.2833
9034,-61.0868,-12.2433,0.6985,0.7,0.1653,4.0176,23.5796,14.0306,14.9407,14.2861
9035,-61.6824,-12.2704,0.6984,0.7,0.1569,4.0194,23.5796,14.0333,14.9407,14.2889
9036,-61.4312,-12.253,0.6984,0.7,0.1042,3.9954,23.5796,14.0343,14.9407,14.2889
9037,-62.3164,-12.2721,0.6984,0.7,0.0847,3.9963,23.5796,14.0361,14.9407,14.2907
9038,-62.6146,-12.2593,0.6985,0.7,0.0847,3.9852,23.5796,14.0361,14.9407,14.2907
9039,-63.2982,-12.2638,0.6984,0.7,0.0528,4.0093,23.5806,14.037,14.9407,14.2907
9040,-63.8828,-12.1721,0.6984,0.7,0.0681,3.9833,23.5806,14.0389,14.9407,14.2917
9041,-64.1824,-12.1195,0.6984,0.7,0.0667,4.0111,23.5806,14.0389,14.9407,14.2944
9042,-64.3865,-12.0275,0.6984,0.7,0.0625,4.0509,23.5806,14.0398,14.9417,14.2963
9043,-64.9349,-11.8907,0.6985,0.7,0.125,3.9713,23.5806,14.0398,14.9417,14.2972
9044,-64.7302,-11.8039,0.6985,0.7,0.2028,4.025,23.5806,14.0444,14.9417,14.2991
9045,-65.0167,-11.7229,0.6986,0.7,0.1958,4.0435,23.5815,14.0454,14.9417,14.3009
9046,-64.8211,-11.5922,0.6987,0.7,0.2458,4.012,23.5815,14.0435,14.9417,14.3
9047,-65.3152,-11.5023,0.6987,0.7,0.2708,3.962,23.5815,14.0417,14.9417,14.2991
9048,-65.3794,-11.3186,0.6987,0.7,0.2333,4.0185,23.5815,14.0417,14.9417,14.2981
9049,-65.3801,-11.231,0.6987,0.7,0.3153,4.0074,23.5815,14.0417,14.9417,14.2991
9050,-65.0434,-11.0457,0.6986,0.7,0.3764,3.9917,23.5815,14.0407,14.9417,14.2991
9051,-64.7643,-11.0879,0.6986,0.7,0.4097,3.9926,23.5824,14.0435,14.9417,14.3019
9052,-65.0624,-10.9997,0.6986,0.7,0.475,3.9861,23.5824,14.0426,14.9417,14.3
9053,-64.883,-10.8553,0.6986,0.7,0.4611,4.0093,23.5824,14.0463,14.9426,14.3056
9054,-64.4077,-10.7261,0.6984,0.7,0.3458,3.9574,23.5824,14.0463,14.9426,14.3046
9055,-63.8518,-10.6038,0.6984,0.7,0.5153,3.9778,23.5824,14.0472,14.9426,14.3046
9056,-63.2974,-10.5372,0.6984,0.7,0.5375,4.0093,23.5833,14.0454,14.9426,14.3056
9057,-62.2641,-10.4018,0.6983,0.7,0.8806,4.0148,23.5833,14.0463,14.9426,14.3074
9058,-61.8584,-10.2728,0.6982,0.7,1.4333,3.9935,23.5833,14.0463,14.9426,14.3093
9059,-61.6875,-10.1633,0.6982,0.7,2.4375,3.9843,23.5833,14.0454,14.9426,14.3093
9060,-60.6581,-10.1063,0.6981,0.7,3.0403,3.9556,23.5843,14.0463,14.9426,14.312
9061,-59.2907,-10.1613,0.698,0.7,3.2694,3.9907,23.5843,14.0481,14.9426,14.3111
9062,-56.345,-10.3289,0.6978,0.7,3.1375,4.0093,23.5843,14.05,14.9435,14.312
9063,-54.3172,-10.5878,0.6975,0.7,2.6875,4.0046,23.5843,14.0509,14.9435,14.313
9064,-54.754,-10.7812,0.6973,0.7,2.4306,4.0278,23.5852,14.0528,14.9435,14.3157
9065,-54.7032,-10.951,0.6971,0.7,2.3764,4.0435,23.5852,14.0528,14.9435,14.3185
9066,-54.2642,-11.1129,0.6969,0.7,2.0194,3.9657,23.5852,14.0565,14.9435,14.3213
9067,-53.793,-11.1406,0.6967,0.7,1.7486,4.0343,23.5852,14.0583,14.9435,14.3231
9068,-54.9097,-11.1432,0.6967,0.7,1.7847,3.9454,23.5861,14.0574,14.9435,14.3231
9069,-54.6549,-11.441,0.6964,0.7,1.3153,4.013,23.5861,14.0583,14.9444,14.3241
9070,-56.3198,-11.5352,0.6963,0.7,1.2,3.9991,23.5861,14.062,14.9444,14.3287
9071,-56.4016,-11.6479,0.6962,0.7,1.0194,3.9963,23.587,14.0648,14.9444,14.3315
9072,-57.035,-11.7941,0.6961,0.7,0.8389,4.0157,23.587,14.0639,14.9444,14.3306
9073,-57.8168,-11.9551,0.6961,0.7,0.7319,3.9833,23.587,14.0639,14.9444,14.3315
9074,-58.4048,-11.9601,0.6961,0.7,0.4861,3.9898,23.588,14.0694,14.9444,14.338
9075,-59.2352,-12.0579,0.6962,0.7,0.3736,4.0343,23.588,14.0694,14.9454,14.3389
9076,-60.2968,-12.1376,0.6963,0.7,0.2667,3.9528,23.588,14.0741,14.9454,14.3426
9077,-60.7704,-12.1946,0.6964,0.7,0.2097,3.9889,23.5889,14.0787,14.9454,14.3444
9078,-61.4714,-12.2357,0.6964,0.7,0.2097,4.0167,23.5889,14.0833,14.9454,14.3491
9079,-62.5159,-12.3135,0.6964,0.7,0.0806,4.0185,23.5889,14.0843,14.9454,14.3509
9080,-63.0138,-12.3065,0.6964,0.7,0.0653,3.9713,23.5898,14.0852,14.9454,14.3519
9081,-63.2738,-12.2699,0.6965,0.7,0.0736,3.9954,23.5898,14.088,14.9454,14.35
9082,-63.4611,-12.2313,0.6964,0.7,0.0792,4.0194,23.5898,14.0917,14.9463,14.3528
9083,-63.7542,-12.188,0.6965,0.7,0.1125,3.9954,23.5907,14.0954,14.9463,14.3537
9084,-64.3032,-12.1268,0.6966,0.7,0.0569,4.0009,23.5907,14.0963,14.9463,14.3537
9085,-64.4036,-12.0592,0.6966,0.7,0.0792,4.0639,23.5907,14.0991,14.9463,14.3556
9086,-64.5554,-11.9446,0.6967,0.7,0.0972,4.0454,23.5917,14.1019,14.9463,14.3565
9087,-64.7416,-11.891,0.6968,0.7,0.1278,3.9833,23.5917,14.1037,14.9463,14.3583
9088,-65.0738,-11.8011,0.6969,0.7,0.1097,3.9556,23.5917,14.1056,14.9472,14.3611
9089,-65.1264,-11.629,0.697,0.7,0.1542,4.0028,23.5926,14.1065,14.9472,14.362
9090,-65.2191,-11.6059,0.6971,0.7,0.1889,4.0407,23.5926,14.1056,14.9472,14.3602
9091,-65.2774,-11.4132,0.6972,0.7,0.3111,4.0157,23.5926,14.1093,14.9472,14.362
9092,-65.0776,-11.2697,0.6973,0.7,0.3,4.0213,23.5935,14.1139,14.9472,14.3648
9093,-65.1157,-11.0812,0.6974,0.7,0.4375,3.9954,23.5935,14.1148,14.9472,14.3667
9094,-65.1188,-10.9366,0.6974,0.7,0.4181,3.9917,23.5935,14.1139,14.9481,14.3657
9095,-64.2006,-10.7278,0.6974,0.7,0.4875,4.0037,23.5944,14.1148,14.9481,14.3704
9096,-63.7011,-10.6156,0.6975,0.7,0.4208,3.9694,23.5944,14.112,14.9481,14.3694
9097,-62.5225,-10.4177,0.6975,0.7,1.0958,3.975,23.5944,14.113,14.9481,14.3741
9098,-61.7232,-10.2987,0.6975,0.7,1.9208,3.9806,23.5954,14.1139,14.9481,14.3759
9099,-60.7526,-10.1057,0.6975,0.7,3.0806,4.0472,23.5954,14.1139,14.9481,14.3796
9100,-57.6909,-10.1938,0.6973,0.7,3.2375,3.9833,23.5954,14.1157,14.9491,14.3796
9101,-53.8833,-10.6794,0.6969,0.7,2.9222,4.0194,23.5954,14.1157,14.9491,14.3806
9102,-54.2721,-10.9516,0.6966,0.7,2.0611,4.0194,23.5963,14.1148,14.9491,14.3833
9103,-53.601,-11.3883,0.6963,0.7,1.6625,4.0167,23.5963,14.1167,14.9491,14.3824
9104,-55.0109,-11.442,0.6962,0.7,1.2056,4.0176,23.5963,14.1194,14.9491,14.3824
9105,-55.9315,-11.6365,0.6961,0.7,1.0222,3.9843,23.5972,14.1204,14.9491,14.3833
9106,-57.0942,-11.7952,0.696,0.7,0.7194,4.0222,23.5972,14.1222,14.95,14.3852
9107,-57.6804,-11.8948,0.696,0.7,0.5528,4.0093,23.5981,14.125,14.95,14.3898
9108,-58.8696,-12.1027,0.696,0.7,0.4194,3.9815,23.5981,14.1259,14.95,14.3889
9109,-59.5263,-12.1384,0.696,0.7,0.3653,4.0389,23.5981,14.1287,14.95,14.3907
9110,-60.5499,-12.1922,0.696,0.7,0.2861,3.95,23.5991,14.1315,14.95,14.3935
9111,-60.8006,-12.2078,0.6962,0.7,0.2153,4.0019,23.5991,14.1343,14.95,14.3954
9112,-61.4594,-12.2085,0.6963,0.7,0.1917,3.9796,23.5991,14.1361,14.9509,14.3963
9113,-61.9872,-12.2659,0.6963,0.7,0.0833,3.9333,23.6,14.1361,14.9509,14.3981
9114,-62.8635,-12.2595,0.6965,0.7,0.0514,4.0046,23.6,14.1407,14.9509,14.3991
9115,-63.3148,-12.2381,0.6965,0.7,0.0667,3.9574,23.6,14.1444,14.9509,14.4019
9116,-63.4142,-12.2444,0.6966,0.7,0.0708,4.0806,23.6009,14.1472,14.9509,14.4028
9117,-63.6919,-12.189,0.6965,0.7,0.0736,3.9981,23.6009,14.15,14.9509,14.4065
9118,-63.8211,-12.1329,0.6965,0.7,0.0694,3.9389,23.6009,14.1519,14.9519,14.4093
9119,-64.3651,-12.075,0.6966,0.7,0.0389,4.0056,23.6019,14.1546,14.9519,14.4102
9120,-64.4114,-12.0241,0.6966,0.7,0.1153,4.0019,23.6019,14.1556,14.9519,14.4111
9121,-64.6732,-11.9387,0.6967,0.7,0.0806,4.0296,23.6019,14.1602,14.9519,14.4139
9122,-64.5944,-11.8838,0.6968,0.7,0.0917,3.9926,23.6028,14.1602,14.9519,14.4157
9123,-64.8027,-11.7987,0.697,0.7,0.2236,4.013,23.6028,14.1611,14.9519,14.4167
9124,-65.0592,-11.6075,0.6972,0.7,0.3014,3.9963,23.6028,14.162,14.9528,14.4194
9125,-65.4618,-11.4771,0.6972,0.7,0.2181,3.9481,23.6037,14.162,14.9528,14.4194
9126,-65.3377,-11.3283,0.6972,0.7,0.2944,3.9731,23.6037,14.162,14.9528,14.4213
9127,-65.3359,-11.1355,0.6972,0.7,0.3611,4.0241,23.6037,14.1639,14.9528,14.4213
9128,-65.0784,-10.9783,0.6973,0.7,0.5139,3.9889,23.6046,14.1657,14.9528,14.4231
9129,-64.6464,-10.7779,0.6973,0.7,0.5653,3.9935,23.6046,14.1657,14.9528,14.4222
9130,-64.3694,-10.7051,0.6972,0.7,0.4542,4.0333,23.6046,14.1657,14.9537,14.4231
9131,-63.661,-10.6078,0.6972,0.7,0.4,3.9954,23.6056,14.1685,14.9537,14.4278
9132,-63.4067,-10.5136,0.6972,0.7,0.5819,3.9731,23.6056,14.1685,14.9537,14.4259
9133,-62.5427,-10.3907,0.6972,0.7,0.7681,3.9704,23.6056,14.1685,14.9537,14.4259
9134,-62.269,-10.3174,0.6972,0.7,1.3819,3.9824,23.6065,14.1685,14.9537,14.4269
9135,-61.076,-10.1487,0.6972,0.7,2.2667,3.9657,23.6065,14.1667,14.9537,14.4259
9136,-59.3393,-10.1594,0.6971,0.7,3.2486,4.0278,23.6065,14.1685,14.9546,14.4296
9137,-59.0481,-10.1851,0.6971,0.7,3.1958,4.0278,23.6074,14.1667,14.9546,14.4296
9138,-57.2603,-10.277,0.6971,0.7,3.425,3.9583,23.6074,14.1704,14.9546,14.4324
9139,-54.6502,-10.6694,0.6968,0.7,2.8472,4.0231,23.6074,14.1741,14.9546,14.4361
9140,-54.2614,-10.9209,0.6966,0.7,2.1403,4.0046,23.6083,14.1787,14.9546,14.4407
9141,-54.6026,-11.1383,0.6966,0.7,1.75,3.9787,23.6083,14.1796,14.9546,14.4435
9142,-55.6097,-11.4795,0.6965,0.7,1.1917,4.0009,23.6083,14.1796,14.9556,14.4435
9143,-58.0164,-11.9216,0.6963,0.7,0.6722,3.9435,23.6093,14.1833,14.9556,14.4444
9144,-57.8795,-11.9557,0.6963,0.7,0.4056,3.975,23.6093,14.1833,14.9556,14.4444
9145,-59.4325,-12.0781,0.6964,0.7,0.4361,3.9648,23.6093,14.1824,14.9556,14.4463
9146,-59.9731,-12.1392,0.6964,0.7,0.3194,3.9787,23.6102,14.1833,14.9556,14.4454
9147,-60.9529,-12.2506,0.6965,0.7,0.1458,3.9556,23.6102,14.187,14.9556,14.4491
9148,-61.5992,-12.2671,0.6965,0.7,0.1375,4.0148,23.6102,14.1898,14.9556,14.4528
9149,-62.4866,-12.3177,0.6965,0.7,0.0556,4.0093,23.6102,14.1898,14.9565,14.4519
9150,-62.7758,-12.2803,0.6966,0.7,0.0736,3.9926,23.6111,14.1917,14.9565,14.4528
9151,-63.1786,-12.2837,0.6967,0.7,0.0694,3.9852,23.6111,14.1963,14.9565,14.4537
9152,-63.3399,-12.2494,0.6967,0.7,0.0556,4.0241,23.6111,14.1981,14.9565,14.4565
9153,-63.5447,-12.2091,0.6968,0.7,0.0403,4.0148,23.612,14.2,14.9565,14.4583
9154,-64.0025,-12.1336,0.6969,0.7,0.0694,4.0278,23.612,14.2,14.9565,14.4602
9155,-64.3257,-12.0842,0.697,0.7,0.0556,3.9741,23.612,14.2037,14.9574,14.4648
9156,-64.518,-12.0246,0.6971,0.7,0.0889,3.9852,23.613,14.2046,14.9574,14.4676
9157,-64.6646,-11.9679,0.6972,0.7,0.0972,4.0046,23.613,14.2046,14.9574,14.4676
9158,-64.6871,-11.8987,0.6972,0.7,0.1639,4.0102,23.613,14.2046,14.9574,14.4639
9159,-65.1394,-11.7741,0.6973,0.7,0.1444,3.9759,23.6139,14.2056,14.9574,14.4657
9160,-65.2211,-11.6494,0.6973,0.7,0.1458,4.013,23.6139,14.2083,14.9574,14.4676
9161,-65.3833,-11.5464,0.6974,0.7,0.1847,4.0287,23.6139,14.213,14.9574,14.4704
9162,-65.2863,-11.4823,0.6975,0.7,0.1611,4.0333,23.6139,14.212,14.9583,14.4704
9163,-65.0048,-11.3021,0.6976,0.7,0.3903,3.9565,23.6148,14.213,14.9583,14.4676
9164,-65.304,-11.0342,0.6977,0.7,0.4583,3.9769,23.6148,14.2167,14.9583,14.4704
9165,-65.005,-10.9118,0.6977,0.7,0.4583,4.0306,23.6148,14.2204,14.9583,14.4741
9166,-64.6687,-10.8732,0.6978,0.7,0.4208,4.0324,23.6157,14.2204,14.9583,14.4722
9167,-64.2953,-10.7239,0.6977,0.7,0.5278,3.9907,23.6157,14.2194,14.9583,14.4722
9168,-63.3118,-10.4222,0.6978,0.7,0.4556,3.9981,23.6157,14.2222,14.9583,14.4722
9169,-62.8913,-10.4135,0.6978,0.7,0.6569,3.9741,23.6157,14.2259,14.9593,14.4759
9170,-62.0886,-10.2757,0.6978,0.7,1.1583,4.0176,23.6167,14.2241,14.9593,14.4778
9171,-61.2239,-10.2585,0.6978,0.7,1.9722,4.0028,23.6167,14.2231,14.9593,14.4769
9172,-61.1687,-10.1912,0.6979,0.7,2.6069,4.0185,23.6167,14.2231,14.9593,14.4769
9173,-58.7742,-10.1805,0.6979,0.7,3.3708,4.0593,23.6176,14.2241,14.9593,14.4769
9174,-57.7086,-10.2162,0.6978,0.7,3.4111,4.0056,23.6176,14.2213,14.9593,14.4741
9175,-54.9784,-10.7456,0.6973,0.7,2.5014,4.0667,23.6176,14.2241,14.9593,14.4778
9176,-55.3453,-11.0367,0.6971,0.7,2.0528,3.962,23.6176,14.2269,14.9602,14.4796
9177,-54.5581,-11.3968,0.6969,0.7,1.4472,3.9296,23.6185,14.2231,14.9602,14.4769
9178,-55.6922,-11.6162,0.6968,0.7,0.9639,4.0556,23.6185,14.2231,14.9602,14.4759
9179,-56.3446,-11.7028,0.6968,0.7,0.9639,4.0176,23.6185,14.2231,14.9602,14.4769
9180,-57.619,-11.8432,0.6968,0.7,0.5611,3.9546,23.6185,14.2231,14.9602,14.4759
9181,-57.7232,-11.8921,0.6969,0.7,0.6278,4.0083,23.6194,14.2222,14.9602,14.475
9182,-58.7056,-12.0164,0.697,0.7,0.4694,3.988,23.6194,14.225,14.9602,14.4769
9183,-60.0451,-12.1466,0.697,0.7,0.4042,3.9685,23.6194,14.2278,14.9602,14.4796
9184,-59.4392,-12.0753,0.697,0.7,0.4181,4.012,23.6204,14.2324,14.9611,14.4815
9185,-59.4119,-12.0977,0.697,0.7,0.4028,3.9935,23.6204,14.2333,14.9611,14.4806
9186,-59.6056,-12.1227,0.6971,0.7,0.3639,3.9352,23.6204,14.2361,14.9611,14.4806
9187,-59.6511,-12.1257,0.6972,0.7,0.2917,4.0333,23.6204,14.2343,14.9611,14.4796
9188,-60.7097,-12.0973,0.6974,0.7,0.3486,3.9648,23.6213,14.2333,14.9611,14.4815
9189,-60.7847,-12.2338,0.6975,0.7,0.2111,4.0102,23.6213,14.2324,14.9611,14.4824
9190,-61.2375,-12.1887,0.6977,0.7,0.1611,3.9824,23.6213,14.2361,14.9611,14.4806
9191,-61.592,-12.1984,0.6979,0.7,0.2292,3.9935,23.6213,14.237,14.9611,14.4824
9192,-62.1409,-12.2263,0.6981,0.7,0.1278,3.9815,23.6213,14.237,14.9611,14.4824
9193,-62.4243,-12.1872,0.6983,0.7,0.15,3.9926,23.6222,14.2361,14.962,14.4815
9194,-62.2115,-12.2173,0.6984,0.7,0.1,4.0009,23.6222,14.2343,14.962,14.4796
9195,-62.8292,-12.1774,0.6987,0.7,0.0972,4.0287,23.6222,14.2343,14.962,14.4778
9196,-63.3887,-12.1686,0.6989,0.7,0.1083,3.9861,23.6222,14.2315,14.962,14.475
9197,-63.4459,-12.1547,0.699,0.7,0.0722,3.9796,23.6222,14.2324,14.962,14.4741
9198,-63.8033,-12.0731,0.6992,0.7,0.1,3.9963,23.6222,14.2333,14.962,14.4731
9199,-63.8961,-12.0919,0.6994,0.7,0.0833,3.988,23.6222,14.2343,14.962,14.4694
9200,-64.1017,-12.0095,0.6996,0.7,0.0819,4.025,23.6222,14.2352,14.962,14.4704
9201,-64.4219,-11.9297,0.6998,0.7,0.0958,4.0056,23.6222,14.2352,14.962,14.4704
9202,-64.1746,-11.8565,0.7,0.7,0.2014,4.0352,23.6222,14.2361,14.962,14.4704
9203,-63.9239,-11.9105,0.7002,0.7,0.1028,4.0574,23.6222,14.2352,14.962,14.4704
9204,-64.6777,-11.8354,0.7005,0.7,0.1514,4.0185,23.6222,14.2333,14.962,14.4667
9205,-64.7879,-11.7498,0.7007,0.7,0.1833,3.9981,23.6222,14.2333,14.962,14.4667
9206,-64.7696,-11.6705,0.7009,0.7,0.2347,4.0269,23.6222,14.2324,14.962,14.4657
9207,-64.7861,-11.7576,0.701,0.7,0.2181,4.0602,23.6222,14.2296,14.962,14.4639
9208,-65.0377,-11.5953,0.7011,0.7,0.3194,3.9731,23.6222,14.2296,14.962,14.463
9209,-64.9782,-11.4808,0.7013,0.7,0.2292,4.013,23.6222,14.2333,14.962,14.4648
9210,-65.2249,-11.3281,0.7014,0.7,0.3403,3.9861,23.6222,14.2315,14.962,14.463
9211,-64.9304,-11.2064,0.7015,0.7,0.4111,3.9898,23.6222,14.2296,14.962,14.4583
9212,-64.9835,-11.115,0.7016,0.7,0.3972,3.9926,23.6222,14.2269,14.962,14.4583
9213,-64.3829,-10.9249,0.7016,0.7,0.65,3.987,23.6222,14.2269,14.962,14.4583
9214,-64.53,-10.769,0.7017,0.7,0.5681,4.0083,23.6222,14.2241,14.962,14.4546
9215,-63.7265,-10.7101,0.7017,0.7,0.5069,3.987,23.6222,14.2194,14.9611,14.4528
9216,-63.1166,-10.5812,0.7018,0.7,0.6417,3.9824,23.6213,14.2194,14.9611,14.4528
9217,-62.3645,-10.4781,0.7017,0.7,0.9556,4.025,23.6213,14.2167,14.9611,14.45
9218,-62.0108,-10.4029,0.7019,0.7,1.2875,4.0324,23.6213,14.2167,14.9611,14.4472
9219,-61.9525,-10.4607,0.702,0.7,1.5417,4.0444,23.6213,14.2148,14.9611,14.4435
9220,-62.1998,-10.3873,0.702,0.7,1.6861,3.9972,23.6213,14.2139,14.9611,14.4417
9221,-61.7424,-10.4007,0.7022,0.7,1.7042,4.0259,23.6213,14.212,14.9611,14.4398
9222,-62.202,-10.311,0.7024,0.7,2.0514,3.9731,23.6213,14.2083,14.9611,14.437
9223,-60.8578,-10.2422,0.7024,0.7,2.5056,3.9583,23.6204,14.2093,14.9611,14.4361
9224,-59.5848,-10.2197,0.7025,0.7,3.1361,3.9759,23.6204,14.212,14.9611,14.4407
9225,-59.1349,-10.2158,0.7026,0.7,3.3389,3.9824,23.6204,14.2102,14.9611,14.4389
9226,-56.66,-10.4272,0.7024,0.7,2.9389,3.9611,23.6204,14.2111,14.9611,14.438
9227,-55.8645,-10.4931,0.7024,0.7,2.7931,3.975,23.6204,14.2093,14.9611,14.437
9228,-56.759,-10.5256,0.7025,0.7,2.5778,4.0528,23.6194,14.2083,14.9602,14.4324
9229,-56.9587,-10.4825,0.7028,0.7,2.4278,4.0556,23.6194,14.2065,14.9602,14.4306
9230,-57.0102,-10.5521,0.7029,0.7,2.4042,3.9981,23.6194,14.2028,14.9602,14.4269
9231,-56.6632,-10.5937,0.703,0.7,2.6556,4.0426,23.6194,14.2037,14.9602,14.4278
9232,-55.2437,-10.8159,0.7029,0.7,2.0,3.9991,23.6185,14.2037,14.9602,14.4287
9233,-54.5385,-10.9277,0.7029,0.7,2.0042,4.0296,23.6185,14.2028,14.9602,14.4259
9234,-54.7439,-11.1935,0.7027,0.7,1.5653,4.0481,23.6185,14.2019,14.9602,14.4259
9235,-55.8845,-11.3133,0.7028,0.7,1.3514,3.9787,23.6185,14.2,14.9602,14.4241
9236,-55.4436,-11.3417,0.7028,0.7,1.3778,4.0667,23.6176,14.2,14.9593,14.4231
9237,-55.6002,-11.5033,0.7028,0.7,1.0847,4.0306,23.6176,14.1991,14.9593,14.4231
9238,-57.0008,-11.7516,0.7027,0.7,0.8389,4.0463,23.6176,14.1991,14.9593,14.4231
9239,-57.5497,-11.8859,0.7026,0.7,0.6458,3.9537,23.6167,14.1963,14.9593,14.4213
9240,-57.7958,-11.9941,0.7025,0.7,0.5194,3.9898,23.6167,14.1963,14.9593,14.4231
9241,-58.5908,-11.9973,0.7025,0.7,0.5528,4.0157,23.6167,14.1935,14.9593,14.4194
9242,-58.6044,-12.0379,0.7025,0.7,0.3972,4.0009,23.6167,14.1917,14.9583,14.4176
9243,-59.1411,-12.0047,0.7026,0.7,0.3847,4.0389,23.6157,14.1917,14.9583,14.4148
9244,-59.8354,-12.0459,0.7027,0.7,0.3306,4.0741,23.6157,14.1898,14.9583,14.413
9245,-59.8309,-12.0672,0.7027,0.7,0.3264,4.0676,23.6157,14.1898,14.9583,14.412
9246,-59.3954,-12.1062,0.7027,0.7,0.3889,4.0222,23.6148,14.1889,14.9583,14.412
9247,-58.9177,-12.014,0.7029,0.7,0.4042,4.0407,23.6148,14.1833,14.9583,14.4074
9248,-59.9545,-12.0701,0.703,0.7,0.3722,4.012,23.6148,14.1806,14.9574,14.4065
9249,-59.4699,-12.0575,0.703,0.7,0.3972,3.9852,23.6139,14.1778,14.9574,14.4046
9250,-58.7394,-11.9735,0.7031,0.7,0.6458,4.05,23.6139,14.175,14.9574,14.4019
9251,-58.8294,-11.9312,0.7032,0.7,0.5639,4.0102,23.6139,14.1741,14.9574,14.4019
9252,-57.9756,-11.7924,0.7034,0.7,0.7069,4.0185,23.613,14.1694,14.9574,14.3991
9253,-57.15,-11.8372,0.7034,0.7,0.65,4.0157,23.613,14.1713,14.9574,14.4
9254,-57.4409,-11.6468,0.7035,0.7,0.9583,4.0648,23.613,14.1685,14.9565,14.3981
9255,-56.738,-11.4731,0.7036,0.7,1.1875,3.9926,23.612,14.163,14.9565,14.3917
9256,-56.1126,-11.5962,0.7036,0.7,0.9194,3.9713,23.612,14.1574,14.9565,14.3889
9257,-55.3549,-11.4028,0.7038,0.7,1.2403,3.9769,23.6111,14.1556,14.9565,14.3861
9258,-55.5741,-11.1192,0.704,0.7,1.6014,4.038,23.6111,14.1537,14.9565,14.3843
9259,-56.3103,-10.7493,0.7043,0.7,2.1111,3.9843,23.6111,14.15,14.9556,14.3824
9260,-58.9674,-10.3531,0.7047,0.7,2.6472,3.9926,23.6102,14.1472,14.9556,14.3796
9261,-62.4249,-10.4563,0.7049,0.7,1.7847,3.9306,23.6102,14.1444,14.9556,14.3759
9262,-63.1469,-10.7209,0.705,0.7,0.9819,4.0343,23.6093,14.1398,14.9556,14.3667
9263,-63.9485,-10.9194,0.705,0.7,0.5097,3.9787,23.6093,14.1389,14.9556,14.3639
9264,-64.9653,-11.2191,0.7049,0.7,0.3153,3.9435,23.6083,14.138,14.9546,14.3639
9265,-65.0921,-11.5208,0.7048,0.7,0.3458,4.0167,23.6083,14.1352,14.9546,14.3639
9266,-64.6812,-11.8187,0.7046,0.7,0.2125,4.0722,23.6083,14.1352,14.9546,14.3602
9267,-63.8882,-12.0322,0.7044,0.7,0.1139,3.9981,23.6074,14.1343,14.9546,14.3583
9268,-63.0399,-12.1914,0.7042,0.7,0.1278,3.9954,23.6074,14.1296,14.9537,14.3537
9269,-61.2075,-12.1926,0.7039,0.7,0.2125,3.9769,23.6065,14.1315,14.9537,14.3528
9270,-57.3304,-11.5886,0.704,0.7,1.0764,3.988,23.6065,14.1287,14.9537,14.3491
9271,-62.9171,-10.6635,0.7051,0.7,1.3125,4.0009,23.6056,14.1278,14.9537,14.3454
9272,-63.7038,-11.6948,0.7053,0.7,0.3861,4.0083,23.6056,14.1259,14.9537,14.3454
9273,-57.382,-11.1479,0.706,0.7,1.6486,3.9667,23.6046,14.1222,14.9528,14.3426
9274,-65.6696,-11.2752,0.7068,0.7,0.3097,4.0028,23.6046,14.1185,14.9528,14.338
9275,-62.7855,-12.0332,0.7064,0.7,0.3167,4.0537,23.6037,14.1194,14.9528,14.337
9276,-60.1801,-11.2063,0.7071,0.7,1.2528,3.9898,23.6037,14.1185,14.9519,14.3361
9277,-61.6456,-11.2918,0.7083,0.7,0.8542,4.0037,23.6028,14.113,14.9519,14.3352
9278,-61.4179,-10.8418,0.7097,0.7,1.1667,4.0213,23.6019,14.1102,14.9519,14.3343
9279,-63.634,-11.1258,0.7107,0.7,0.5347,4.013,23.6009,14.1028,14.9509,14.3241
9280,-64.8485,-11.299,0.711,0.7,0.4389,4.037,23.6,14.1,14.9509,14.3213
9281,-64.9819,-11.2917,0.711,0.7,0.4319,4.0028,23.5991,14.0907,14.95,14.3139
9282,-65.2501,-11.6412,0.7107,0.7,0.2389,4.0102,23.5981,14.088,14.95,14.3083
9283,-61.9696,-11.6694,0.7107,0.7,0.6236,3.987,23.5972,14.0815,14.9491,14.2991
9284,-62.748,-11.9726,0.7114,0.7,0.25,3.9815,23.5963,14.0722,14.9491,14.2889
9285,-60.1183,-12.2401,0.7112,0.7,0.3639,4.0083,23.5954,14.0667,14.9481,14.2824
9286,-55.6183,-10.5862,0.7117,0.7,2.5931,3.9565,23.5944,14.063,14.9481,14.2806
9287,-64.8003,-10.8285,0.7119,0.7,0.5042,4.0324,23.5935,14.0556,14.9472,14.2759
9288,-65.5623,-11.7431,0.7113,0.7,0.1528,3.9602,23.5926,14.0519,14.9463,14.2713
9289,-63.7963,-12.2283,0.7107,0.7,0.0778,3.9843,23.5917,14.0463,14.9463,14.2648
9290,-60.1598,-12.1455,0.7102,0.7,0.3764,3.9481,23.5907,14.0435,14.9454,14.2611
9291,-57.4384,-11.3693,0.7106,0.7,1.3069,3.9991,23.5898,14.0398,14.9454,14.2574
9292,-62.3999,-10.8698,0.7118,0.7,1.3458,4.0148,23.5889,14.038,14.9444,14.2528
9293,-62.1798,-11.4823,0.7126,0.7,0.6917,3.9667,23.587,14.0343,14.9444,14.2472
9294,-60.8417,-10.8471,0.7142,0.7,1.3153,4.0333,23.5861,14.0278,14.9435,14.2426
9295,-64.2113,-11.5073,0.7152,0.7,0.4389,3.9741,23.5852,14.0231,14.9426,14.238
9296,-63.922,-12.0852,0.7153,0.7,0.1056,3.9935,23.5843,14.013,14.9426,14.2259
9297,-62.7951,-12.2099,0.715,0.7,0.075,3.9722,23.5824,14.0074,14.9417,14.225
9298,-60.8288,-12.2663,0.7145,0.7,0.2222,3.9546,23.5815,14.0037,14.9407,14.2204
9299,-55.9834,-11.7137,0.7142,0.7,1.3361,3.9574,23.5796,13.9991,14.9398,14.2139
9300,-59.7366,-10.3937,0.7146,0.7,1.9569,4.0056,23.5787,13.9954,14.9398,14.2111
9301,-65.3176,-11.491,0.7142,0.7,0.2903,3.975,23.5769,13.9898,14.9389,14.2056
9302,-61.226,-11.9374,0.7137,0.7,0.5569,3.9926,23.5759,13.987,14.938,14.2009
9303,-61.3825,-10.8197,0.7145,0.7,1.5042,4.0324,23.575,13.9843,14.938,14.1991
9304,-65.2299,-11.6647,0.7143,0.7,0.2167,4.0315,23.5731,13.9778,14.937,14.1917
9305,-64.8629,-12.0333,0.7139,0.7,0.0694,3.938,23.5722,13.9722,14.9361,14.1861
9306,-63.5098,-12.1746,0.7136,0.7,0.1569,4.0111,23.5704,13.9685,14.9361,14.1843
9307,-60.6838,-11.8829,0.7135,0.7,0.4861,3.9741,23.5694,13.9667,14.9352,14.1824
9308,-59.5788,-11.3999,0.7146,0.7,0.8264,3.9694,23.5685,13.962,14.9343,14.1778
9309,-60.5082,-10.787,0.7161,0.7,1.6444,4.0361,23.5667,13.9556,14.9343,14.1722
9310,-64.2206,-11.2447,0.7167,0.7,0.5833,4.0472,23.5657,13.9509,14.9333,14.1667
9311,-63.0724,-11.9485,0.7165,0.7,0.3278,3.963,23.5639,13.9472,14.9324,14.1583
9312,-60.3442,-11.1064,0.7171,0.7,1.2583,3.9963,23.563,13.9398,14.9315,14.1556
9313,-63.2971,-11.3375,0.7181,0.7,0.5931,3.9963,23.5611,13.9352,14.9306,14.1509
9314,-61.5359,-11.8426,0.7185,0.7,0.4264,3.988,23.5593,13.9324,14.9296,14.1472
9315,-59.5809,-11.9112,0.7187,0.7,0.4569,3.9889,23.5583,13.9287,14.9296,14.1417
9316,-57.7267,-11.9232,0.7186,0.7,0.5319,4.0176,23.5565,13.9213,14.9287,14.1343
9317,-57.2114,-11.6511,0.7184,0.7,1.1208,4.0176,23.5546,13.9157,14.9278,14.1315
9318,-58.1352,-10.7452,0.7186,0.7,1.9292,3.9713,23.5528,13.913,14.9269,14.1296
9319,-63.8047,-11.0373,0.7188,0.7,0.9222,3.9556,23.5509,13.9046,14.9259,14.1241
9320,-61.6989,-11.7209,0.7188,0.7,0.4778,3.9815,23.55,13.8991,14.925,14.1213
9321,-61.4477,-10.6784,0.72,0.7,1.3153,4.0167,23.5481,13.8954,14.9241,14.1204
9322,-64.5081,-11.4307,0.7202,0.7,0.4125,4.0056,23.5463,13.888,14.9231,14.1148
9323,-62.3843,-11.7031,0.7204,0.7,0.4514,3.9852,23.5444,13.8843,14.9222,14.113
9324,-61.1348,-11.2437,0.7216,0.7,0.8764,4.0519,23.5426,13.8815,14.9213,14.1083
9325,-61.7557,-11.1225,0.7232,0.7,1.2819,3.9991,23.5407,13.8769,14.9204,14.1028
9326,-63.2204,-11.7666,0.7241,0.7,0.4347,4.0176,23.5389,13.8759,14.9194,14.1009
9327,-60.6094,-12.1683,0.724,0.7,0.3028,3.9815,23.537,13.8704,14.9185,14.0935
9328,-56.8473,-11.5574,0.7238,0.7,1.2319,4.0074,23.5343,13.8694,14.9176,14.0926
9329,-58.9728,-10.6379,0.724,0.7,1.6542,3.9981,23.5324,13.8639,14.9157,14.087
9330,-64.8996,-11.0222,0.7237,0.7,0.7347,3.9778,23.5306,13.862,14.9148,14.0852
9331,-65.0583,-11.8653,0.7229,0.7,0.1417,4.0176,23.5278,13.8583,14.9139,14.0806
9332,-62.2263,-12.2723,0.722,0.7,0.1444,4.025,23.5259,13.8556,14.913,14.0787
9333,-57.6735,-11.4017,0.7217,0.7,1.2764,3.9824,23.5241,13.8491,14.912,14.0741
9334,-64.7436,-11.0332,0.722,0.7,0.6736,3.9824,23.5222,13.8463,14.9111,14.0704
9335,-64.3232,-12.2411,0.7211,0.7,0.0722,3.9796,23.5204,13.8444,14.9102,14.0676
9336,-60.5043,-12.2601,0.7202,0.7,0.2167,4.0231,23.5185,13.8407,14.9093,14.0602
9337,-55.6415,-11.7667,0.7197,0.7,1.1444,3.9917,23.5167,13.8361,14.9083,14.0565
9338,-57.9177,-10.5054,0.7201,0.7,2.1181,3.9657,23.5148,13.8352,14.9074,14.0556
9339,-62.4251,-10.5543,0.7204,0.7,1.6097,3.9787,23.513,13.8324,14.9065,14.0528
9340,-64.5089,-11.0656,0.7202,0.7,0.5764,4.0315,23.5111,13.8306,14.9056,14.0519
9341,-64.8891,-11.6341,0.7199,0.7,0.1444,4.013,23.5093,13.8259,14.9046,14.0472
9342,-64.6851,-12.0003,0.7193,0.7,0.1236,4.0361,23.5074,13.8259,14.9037,14.0472
9343,-64.1096,-12.1789,0.7187,0.7,0.0875,3.9806,23.5056,13.8222,14.9028,14.0435
9344,-62.7033,-12.3414,0.718,0.7,0.05,4.025,23.5046,13.8185,14.9019,14.0389
9345,-59.4579,-12.2031,0.7173,0.7,0.4014,3.9361,23.5028,13.8148,14.9009,14.037
9346,-56.9062,-11.6324,0.7169,0.7,1.2667,3.9713,23.5009,13.8139,14.9,14.0361
9347,-56.0509,-10.8098,0.7169,0.7,2.2167,4.0093,23.4991,13.812,14.8991,14.0352
9348,-64.0345,-10.4447,0.7171,0.7,1.1208,4.0102,23.4981,13.812,14.8981,14.0343
9349,-66.2063,-11.6306,0.7163,0.7,0.0681,4.0481,23.4963,13.812,14.8972,14.0333
9350,-64.2371,-12.3237,0.7154,0.7,0.0306,4.0611,23.4944,13.812,14.8972,14.0324
9351,-60.8801,-12.3429,0.7147,0.7,0.2417,3.9935,23.4935,13.8111,14.8963,14.0324
9352,-56.3083,-11.4211,0.7145,0.7,1.4528,3.9889,23.4917,13.8083,14.8954,14.0296
9353,-60.8648,-10.566,0.7147,0.7,1.7069,3.9926,23.4907,13.8083,14.8944,14.0296
9354,-65.0284,-11.5346,0.7142,0.7,0.2167,3.9806,23.4898,13.8074,14.8944,14.0287
9355,-62.6135,-12.2378,0.7134,0.7,0.1708,3.9741,23.488,13.8065,14.8935,14.0278
9356,-58.6356,-11.2095,0.7135,0.7,1.3306,4.0389,23.487,13.8056,14.8926,14.0269
9357,-64.61,-11.3958,0.7138,0.7,0.6764,3.9806,23.4861,13.8046,14.8926,14.0269
9358,-59.0609,-11.794,0.7134,0.7,0.8931,3.9528,23.4843,13.8046,14.8917,14.0269
9359,-62.6119,-10.6472,0.7143,0.7,1.2417,4.0537,23.4833,13.8028,14.8907,14.0259
9360,-65.104,-11.5758,0.714,0.7,0.2778,3.9861,23.4824,13.8,14.8907,14.0241
9361,-61.385,-11.659,0.7138,0.7,0.6417,4.0046,23.4806,13.7981,14.8898,14.0222
9362,-63.4237,-11.8142,0.7147,0.7,0.2792,3.9833,23.4796,13.7972,14.8889,14.0213
9363,-59.8904,-12.0076,0.7147,0.7,0.5097,3.9843,23.4787,13.7963,14.8889,14.0213
9364,-57.5903,-11.4603,0.7147,0.7,1.0625,3.9602,23.4769,13.7954,14.888,14.0204
9365,-57.6914,-10.7776,0.7151,0.7,1.6444,3.9815,23.4759,13.7926,14.887,14.0185
9366,-61.6482,-10.4249,0.7156,0.7,1.8694,3.9843,23.4741,13.7917,14.8861,14.0176
9367,-63.6092,-10.5043,0.7154,0.7,0.8264,4.0213,23.4731,13.7917,14.8861,14.0176
9368,-65.5497,-11.1627,0.715,0.7,0.1931,3.9963,23.4713,13.7898,14.8852,14.0157
9369,-63.9632,-12.1656,0.7141,0.7,0.1569,4.0,23.4704,13.787,14.8843,14.0148
9370,-58.7943,-10.7951,0.7144,0.7,1.2611,3.9731,23.4685,13.787,14.8833,14.0148
9371,-65.0606,-11.8445,0.7143,0.7,0.1681,3.9815,23.4676,13.7861,14.8833,14.0148
9372,-61.0607,-12.2302,0.7136,0.7,0.3917,3.9963,23.4667,13.7852,14.8824,14.0148
9373,-55.7041,-11.0823,0.7138,0.7,1.7722,4.0185,23.4648,13.7852,14.8815,14.0139
9374,-59.8576,-10.1989,0.7141,0.7,2.5736,4.0556,23.4639,13.7852,14.8815,14.013
9375,-64.5253,-10.5891,0.7138,0.7,0.4,4.0269,23.463,13.7852,14.8806,14.013
9376,-65.7691,-11.622,0.7132,0.7,0.1569,3.9778,23.4611,13.7852,14.8796,14.013
9377,-63.2262,-12.0802,0.7127,0.7,0.2458,3.975,23.4602,13.7852,14.8796,14.013
9378,-59.8522,-11.6378,0.7131,0.7,0.5236,3.9944,23.4593,13.7852,14.8787,14.013
9379,-61.0826,-11.0047,0.7145,0.7,1.1833,4.0111,23.4574,13.7852,14.8778,14.013
9380,-61.3482,-11.4069,0.7156,0.7,0.7833,3.987,23.4565,13.7843,14.8778,14.012
9381,-58.2721,-11.2401,0.7167,0.7,1.1208,4.038,23.4556,13.7843,14.8769,14.012
9382,-57.6222,-10.7482,0.7176,0.7,1.8347,3.9954,23.4537,13.7843,14.8759,14.012
9383,-55.8758,-10.642,0.7177,0.7,2.7569,4.0204,23.4519,13.7843,14.875,14.012
9384,-63.1894,-10.1214,0.718,0.7,1.9528,4.0537,23.4509,13.7833,14.8741,14.0111
9385,-65.937,-11.8397,0.7171,0.7,0.0444,3.9806,23.4491,13.7833,14.8741,14.0102
9386,-60.7022,-12.19,0.7163,0.7,0.3194,3.9991,23.4472,13.7833,14.8731,14.0102
9387,-56.2856,-11.7422,0.7161,0.7,0.9167,4.0481,23.4463,13.7833,14.8722,14.0102
9388,-54.6833,-10.908,0.7163,0.7,1.9708,4.0148,23.4444,13.7833,14.8713,14.0093
9389,-60.2207,-10.529,0.7166,0.7,2.3347,3.9593,23.4435,13.7806,14.8704,14.0093
9390,-62.8033,-10.9393,0.7171,0.7,1.0903,4.0046,23.4417,13.7806,14.8694,14.0083
9391,-63.7476,-11.3459,0.7177,0.7,0.4792,4.012,23.4398,13.7806,14.8694,14.0083
9392,-63.1217,-11.6911,0.7183,0.7,0.4,3.9824,23.4389,13.7787,14.8685,14.0074
9393,-61.5845,-11.7994,0.7189,0.7,0.4569,3.9685,23.437,13.7787,14.8676,14.0065
9394,-59.9455,-11.8537,0.7192,0.7,0.4625,4.0269,23.4352,13.7759,14.8667,14.0056
9395,-59.3508,-11.8565,0.7195,0.7,0.6208,3.9602,23.4333,13.7759,14.8657,14.0056
9396,-59.1173,-12.0275,0.7193,0.7,0.4333,3.9963,23.4315,13.7759,14.8648,14.0056
9397,-59.255,-12.0404,0.7191,0.7,0.3792,4.0176,23.4306,13.775,14.8639,14.0056
9398,-60.2408,-12.2139,0.7188,0.7,0.2389,4.0074,23.4287,13.7741,14.863,14.0046
9399,-60.7494,-12.2629,0.7184,0.7,0.1472,3.962,23.4269,13.7741,14.862,14.0046
9400,-58.8185,-12.1866,0.7179,0.7,0.4889,3.9417,23.425,13.7731,14.8611,14.0037
9401,-56.6656,-11.27,0.7178,0.7,1.4792,3.9972,23.4231,13.7722,14.8602,14.0028
9402,-60.8713,-10.459,0.718,0.7,2.0903,4.0259,23.4213,13.7722,14.8593,14.0028
9403,-65.0216,-10.9294,0.7175,0.7,0.4681,4.0139,23.4204,13.7704,14.8593,14.0
9404,-65.4905,-11.3822,0.7169,0.7,0.1514,4.0111,23.4185,13.7685,14.8583,14.0
9405,-65.5618,-11.6403,0.7163,0.7,0.1264,3.95,23.4167,13.7676,14.8574,13.9991
9406,-65.4412,-11.7577,0.7158,0.7,0.1556,3.9333,23.4157,13.7676,14.8565,13.9991
9407,-65.2462,-11.7869,0.7155,0.7,0.1264,3.9852,23.4139,13.7676,14.8556,13.9991
9408,-65.1331,-11.7696,0.7151,0.7,0.1444,3.9991,23.413,13.7657,14.8556,13.9981
9409,-65.3782,-11.7221,0.7148,0.7,0.1486,4.0287,23.4111,13.7648,14.8546,13.9981
9410,-65.5411,-11.661,0.7145,0.7,0.1458,3.9241,23.4102,13.7639,14.8537,13.9981
9411,-65.6699,-11.5787,0.7142,0.7,0.1875,4.0306,23.4083,13.7639,14.8528,13.9981
9412,-65.5318,-11.4703,0.7139,0.7,0.2986,4.0111,23.4074,13.763,14.8528,13.9981
9413,-65.5076,-11.4268,0.7136,0.7,0.2361,3.987,23.4065,13.762,14.8519,13.9981
9414,-65.2856,-11.2995,0.7133,0.7,0.2875,3.9824,23.4046,13.762,14.8509,13.9981
9415,-65.5065,-11.1561,0.7132,0.7,0.3139,3.9889,23.4037,13.762,14.8509,13.9981
9416,-64.9918,-10.9399,0.7128,0.7,0.4056,3.9694,23.4028,13.762,14.85,13.9981
9417,-64.8869,-10.8626,0.7126,0.7,0.4792,3.9843,23.4019,13.762,14.8491,13.9981
9418,-64.4113,-10.7924,0.7124,0.7,0.3986,4.0194,23.4009,13.762,14.8491,13.9981
9419,-64.0085,-10.6191,0.7121,0.7,0.3917,4.0213,23.3991,13.762,14.8481,13.9972
9420,-63.1959,-10.4012,0.7119,0.7,0.7486,4.0046,23.3981,13.7611,14.8481,13.9972
9421,-62.296,-10.3487,0.7116,0.7,1.4583,3.9898,23.3972,13.7611,14.8472,13.9972
9422,-61.7651,-10.1379,0.7114,0.7,2.7208,4.025,23.3963,13.7611,14.8472,13.9972
9423,-59.9116,-10.1042,0.711,0.7,3.4917,4.0102,23.3954,13.7602,14.8463,13.9972
9424,-57.3088,-10.3101,0.7105,0.7,3.1833,4.0046,23.3944,13.7602,14.8454,13.9972
9425,-55.8506,-10.471,0.7101,0.7,2.8833,3.9565,23.3935,13.7602,14.8454,13.9972
9426,-54.93,-10.7451,0.7096,0.7,2.3417,3.9657,23.3926,13.7602,14.8444,13.9972
9427,-54.0534,-11.1448,0.709,0.7,1.8014,3.9917,23.3917,13.7602,14.8444,13.9972
9428,-54.6491,-11.5256,0.7086,0.7,1.1208,3.9296,23.3907,13.7602,14.8444,13.9972
9429,-56.4034,-11.8007,0.7081,0.7,0.8833,3.962,23.3898,13.7602,14.8435,13.9972
9430,-58.1326,-11.8428,0.7079,0.7,0.7917,3.9583,23.3889,13.7602,14.8435,13.9972
9431,-57.9583,-11.9722,0.7076,0.7,0.5556,4.0176,23.3889,13.7602,14.8426,13.9972
9432,-59.2381,-12.1235,0.7073,0.7,0.5208,3.9759,23.388,13.7602,14.8426,13.9972
9433,-60.003,-12.1939,0.7071,0.7,0.2569,3.9796,23.387,13.7602,14.8417,13.9972
9434,-60.587,-12.222,0.7069,0.7,0.2097,4.0713,23.3861,13.7602,14.8417,13.9972
9435,-61.1145,-12.2484,0.7067,0.7,0.1694,3.9574,23.3852,13.7602,14.8417,13.9972
9436,-61.8196,-12.3502,0.7064,0.7,0.0472,3.9778,23.3852,13.7602,14.8407,13.9972
9437,-62.0419,-12.2762,0.7062,0.7,0.0694,4.0231,23.3843,13.7602,14.8407,13.9972
9438,-62.5585,-12.2925,0.706,0.7,0.0389,3.9926,23.3833,13.7602,14.8407,13.9972
9439,-62.8511,-12.2667,0.7058,0.7,0.0708,4.0194,23.3833,13.7602,14.8398,13.9972
9440,-63.1503,-12.2685,0.7057,0.7,0.0736,3.9787,23.3824,13.7602,14.8398,13.9972
9441,-63.6478,-12.2043,0.7056,0.7,0.0722,3.9472,23.3824,13.7602,14.8398,13.9972
9442,-64.0688,-12.163,0.7055,0.7,0.0611,3.963,23.3815,13.7593,14.8389,13.9972
9443,-64.2125,-12.107,0.7053,0.7,0.0514,4.0148,23.3806,13.7593,14.8389,13.9972
9444,-64.4305,-12.012,0.7052,0.7,0.1403,4.0074,23.3806,13.7593,14.8389,13.9972
9445,-64.7705,-11.9708,0.7051,0.7,0.1056,4.0028,23.3796,13.7593,14.8389,13.9972
9446,-65.042,-11.8797,0.7049,0.7,0.1472,4.0,23.3796,13.7593,14.838,13.9972
9447,-65.0387,-11.7521,0.7048,0.7,0.1583,4.0352,23.3787,13.7593,14.838,13.9972
9448,-65.0447,-11.6363,0.7047,0.7,0.2125,4.012,23.3787,13.7593,14.838,13.9972
9449,-65.5497,-11.4234,0.7046,0.7,0.1889,4.0194,23.3787,13.7593,14.838,13.9972
9450,-65.1796,-11.2368,0.7044,0.7,0.2861,3.9852,23.3778,13.7593,14.837,13.9981
9451,-64.8873,-11.0982,0.7042,0.7,0.4375,3.9889,23.3778,13.7583,14.837,13.9981
9452,-65.0397,-10.9292,0.7041,0.7,0.3444,3.9676,23.3769,13.7583,14.837,13.9981
9453,-64.2543,-10.8743,0.704,0.7,0.4847,4.0546,23.3769,13.7583,14.837,13.9981
9454,-64.0261,-10.6357,0.7039,0.7,0.4278,4.0213,23.3769,13.7583,14.837,13.9981
9455,-62.9341,-10.4503,0.7038,0.7,0.6069,4.0037,23.3759,13.7574,14.837,13.9981
9456,-62.0104,-10.2134,0.7036,0.7,1.8889,3.9333,23.3759,13.7574,14.8361,13.9991
9457,-61.0652,-10.1209,0.7035,0.7,3.075,3.9778,23.3759,13.7574,14.8361,13.9991
9458,-59.7975,-10.1229,0.7032,0.7,3.3542,4.012,23.375,13.7574,14.8361,13.9991
9459,-57.0726,-10.307,0.7029,0.7,2.9722,3.9843,23.375,13.7574,14.8361,13.9991
9460,-55.5888,-10.6993,0.7024,0.7,2.5875,4.0352,23.375,13.7583,14.8361,13.9991
9461,-54.2552,-10.938,0.7021,0.7,2.2611,4.0167,23.375,13.7583,14.8361,13.9991
9462,-54.3663,-11.335,0.7017,0.7,1.4472,3.9944,23.3741,13.7583,14.8361,13.9991
9463,-55.1615,-11.379,0.7016,0.7,1.3014,3.9806,23.3741,13.7583,14.8352,13.9991
9464,-56.0414,-11.5261,0.7015,0.7,1.0347,4.0343,23.3741,13.7583,14.8352,13.9991
9465,-57.8399,-11.9352,0.7011,0.7,0.5431,3.963,23.3741,13.7583,14.8352,13.9991
9466,-58.2525,-12.0319,0.7009,0.7,0.3708,3.9685,23.3741,13.7583,14.8352,13.9991
9467,-59.8934,-12.0553,0.7009,0.7,0.2958,3.9685,23.3731,13.7583,14.8352,13.9991
9468,-60.6466,-12.2126,0.7008,0.7,0.15,4.0324,23.3731,13.7583,14.8352,13.9991
9469,-61.2869,-12.2402,0.7007,0.7,0.1111,3.9583,23.3731,13.7583,14.8352,13.9991
9470,-61.9364,-12.3065,0.7006,0.7,0.1,4.0139,23.3731,13.7583,14.8352,13.9991
9471,-62.1879,-12.2979,0.7004,0.7,0.1167,4.0231,23.3731,13.7583,14.8352,13.9991
9472,-62.6049,-12.2689,0.7004,0.7,0.0819,4.0194,23.3731,13.7583,14.8352,13.9991
9473,-63.1039,-12.2901,0.7002,0.7,0.0278,3.9583,23.3731,13.7593,14.8352,13.9991
9474,-63.4164,-12.2149,0.7002,0.7,0.0819,4.0111,23.3731,13.7593,14.8352,13.9991
9475,-63.5919,-12.203,0.7001,0.7,0.0569,4.0657,23.3731,13.7593,14.8352,13.9991
9476,-63.5389,-12.1772,0.7002,0.7,0.0986,3.9741,23.3731,13.7602,14.8352,13.9991
9477,-63.8557,-12.1283,0.7002,0.7,0.05,3.9935,23.3731,13.7602,14.8352,13.9981
9478,-64.5306,-12.0393,0.7002,0.7,0.1125,4.0046,23.3731,13.7602,14.8352,13.9981
9479,-64.4417,-11.9701,0.7002,0.7,0.1319,4.0111,23.3731,13.7593,14.8352,13.9981
9480,-64.8368,-11.879,0.7002,0.7,0.1042,3.9889,23.3731,13.7593,14.8352,13.9981
9481,-64.8612,-11.7808,0.7002,0.7,0.0917,3.9519,23.3731,13.7593,14.8352,13.9981
9482,-65.4314,-11.7137,0.7002,0.7,0.1083,3.963,23.3731,13.7593,14.8352,13.9981
9483,-65.069,-11.5461,0.7001,0.7,0.2347,4.0287,23.3731,13.7593,14.8352,13.9981
9484,-65.3235,-11.4428,0.7001,0.7,0.1431,4.0083,23.3731,13.7593,14.8352,13.9981
9485,-65.0523,-11.2363,0.7,0.7,0.3472,3.9574,23.3731,13.7593,14.8352,13.9981
9486,-65.1658,-11.1741,0.7,0.7,0.2764,4.0287,23.3731,13.7593,14.8352,13.9981
9487,-64.8948,-11.0847,0.7,0.7,0.4944,3.9843,23.3731,13.7593,14.8352,13.9981
9488,-64.7358,-10.9679,0.6999,0.7,0.4069,3.9843,23.3731,13.7593,14.8352,13.9981
9489,-64.1824,-10.8462,0.6999,0.7,0.5153,3.9935,23.3731,13.7602,14.8352,13.9981
9490,-63.2438,-10.5976,0.6998,0.7,0.5403,4.0056,23.3731,13.7611,14.8352,13.9991
9491,-62.2214,-10.3915,0.6997,0.7,1.3778,3.987,23.3731,13.7611,14.8352,13.9991
9492,-61.5254,-10.2113,0.6997,0.7,2.7597,3.9833,23.3731,13.7611,14.8352,13.9991
9493,-58.587,-10.2641,0.6995,0.7,3.0917,3.9759,23.3731,13.7611,14.8352,13.9991
9494,-55.493,-10.5051,0.699,0.7,2.9361,4.0444,23.3731,13.7611,14.8352,13.9991
9495,-54.7121,-10.9073,0.6986,0.7,2.0778,4.0611,23.3731,13.763,14.8352,14.0009
9496,-54.7662,-11.1142,0.6984,0.7,1.7583,4.0176,23.3741,13.7639,14.8352,14.0019
9497,-54.4868,-11.3597,0.6982,0.7,1.4778,3.9898,23.3741,13.7639,14.8352,14.0019
9498,-57.2553,-11.7563,0.6978,0.7,0.6931,3.962,23.3741,13.7648,14.8352,14.0019
9499,-58.0477,-11.9154,0.6977,0.7,0.6125,4.0324,23.3741,13.7648,14.8352,14.0009
9500,-58.6408,-12.0212,0.6977,0.7,0.4806,4.0343,23.3741,13.7648,14.8352,14.0009
9501,-59.626,-12.174,0.6976,0.7,0.3292,3.9852,23.3741,13.7648,14.8352,14.0009
9502,-60.2518,-12.1759,0.6976,0.7,0.2278,4.0519,23.375,13.7648,14.8361,14.0009
9503,-61.2565,-12.2518,0.6976,0.7,0.1681,3.9778,23.375,13.7657,14.8361,14.0019
9504,-61.9147,-12.2893,0.6976,0.7,0.1583,3.9759,23.375,13.7657,14.8361,14.0019
9505,-62.4324,-12.2957,0.6975,0.7,0.0833,3.9722,23.375,13.7657,14.8361,14.0019
9506,-62.9684,-12.2851,0.6974,0.7,0.0653,3.9546,23.375,13.7657,14.8361,14.0028
9507,-63.5402,-12.2256,0.6974,0.7,0.0556,4.0148,23.3759,13.7657,14.8361,14.0028
9508,-63.8549,-12.1834,0.6974,0.7,0.0847,4.0454,23.3759,13.7657,14.8361,14.0028
9509,-64.0083,-12.1363,0.6973,0.7,0.0514,4.0148,23.3759,13.7667,14.8361,14.0028
9510,-64.4824,-12.0518,0.6972,0.7,0.0806,4.0343,23.3759,13.7667,14.8361,14.0019
9511,-64.8276,-11.9592,0.6972,0.7,0.0958,4.0074,23.3769,13.7676,14.837,14.0037
9512,-65.1008,-11.8774,0.697,0.7,0.1083,3.9685,23.3769,13.7685,14.837,14.0037
9513,-65.2858,-11.7089,0.6971,0.7,0.1986,4.0472,23.3769,13.7685,14.837,14.0037
9514,-65.3084,-11.5742,0.697,0.7,0.1931,4.0111,23.3778,13.7685,14.837,14.0037
9515,-65.2977,-11.4124,0.697,0.7,0.2319,3.9926,23.3778,13.7685,14.837,14.0046
9516,-65.3622,-11.2685,0.697,0.7,0.2986,4.0009,23.3778,13.7685,14.837,14.0056
9517,-65.1478,-11.0988,0.6969,0.7,0.375,3.9815,23.3787,13.7685,14.838,14.0056
9518,-64.9294,-10.8788,0.6969,0.7,0.5069,4.062,23.3787,13.7685,14.838,14.0056
9519,-64.1411,-10.6458,0.6968,0.7,0.3806,3.9935,23.3787,13.7694,14.838,14.0056
9520,-63.3103,-10.4588,0.6968,0.7,0.6097,4.0333,23.3796,13.7694,14.838,14.0056
9521,-62.3644,-10.3259,0.6966,0.7,1.5806,4.0056,23.3796,13.7694,14.838,14.0065
9522,-61.7332,-10.2179,0.6965,0.7,2.6458,4.0074,23.3796,13.7694,14.838,14.0065
9523,-58.9137,-10.1518,0.6963,0.7,3.6944,4.0389,23.3806,13.7704,14.8389,14.0083
9524,-56.2236,-10.3672,0.696,0.7,2.8889,3.9759,23.3806,13.7704,14.8389,14.0083
9525,-54.3118,-10.793,0.6956,0.7,2.3458,4.0056,23.3815,13.7704,14.8389,14.0083
9526,-54.9244,-11.1057,0.6953,0.7,1.9,4.0148,23.3815,13.7713,14.8389,14.0093
9527,-55.4795,-11.3062,0.6951,0.7,1.3292,3.9917,23.3824,13.7713,14.8398,14.0093
9528,-56.6956,-11.742,0.6949,0.7,0.7653,4.0056,23.3824,13.7722,14.8398,14.0093
9529,-57.7353,-11.8828,0.6948,0.7,0.6153,4.0056,23.3833,13.7722,14.8398,14.0111
9530,-58.3439,-12.0357,0.6947,0.7,0.4472,3.9991,23.3833,13.7722,14.8398,14.0111
9531,-60.0603,-12.2048,0.6946,0.7,0.3083,3.9963,23.3833,13.7722,14.8398,14.0111
9532,-60.603,-12.1987,0.6945,0.7,0.1708,4.013,23.3843,13.7722,14.8407,14.0111
9533,-61.5895,-12.2839,0.6945,0.7,0.1361,4.0083,23.3843,13.7741,14.8407,14.013
9534,-61.9748,-12.3247,0.6943,0.7,0.0847,3.9759,23.3852,13.7741,14.8407,14.013
9535,-62.4204,-12.3169,0.6942,0.7,0.0972,4.0194,23.3852,13.7759,14.8407,14.0139
9536,-62.7997,-12.3031,0.6942,0.7,0.0792,3.975,23.3861,13.7759,14.8417,14.0139
9537,-63.0978,-12.3126,0.6941,0.7,0.1069,3.9824,23.387,13.7759,14.8417,14.0157
9538,-63.7926,-12.2432,0.6941,0.7,0.0792,3.9787,23.387,13.7759,14.8417,14.0157
9539,-64.1859,-12.1601,0.6941,0.7,0.0556,3.9926,23.388,13.7759,14.8426,14.0167
9540,-64.4804,-12.0894,0.694,0.7,0.1139,3.975,23.388,13.7769,14.8426,14.0185
9541,-64.8389,-11.9766,0.694,0.7,0.0806,4.0306,23.3889,13.7787,14.8426,14.0194
9542,-64.9377,-11.8826,0.6939,0.7,0.0778,4.0389,23.3898,13.7787,14.8426,14.0204
9543,-65.191,-11.8014,0.6939,0.7,0.0889,4.0083,23.3898,13.7796,14.8435,14.0213
9544,-65.1422,-11.6544,0.6939,0.7,0.1819,4.0333,23.3907,13.7806,14.8435,14.0231
9545,-65.4007,-11.5074,0.6939,0.7,0.2028,4.0343,23.3907,13.7815,14.8435,14.0241
9546,-65.4038,-11.3232,0.6939,0.7,0.3069,4.0167,23.3917,13.7815,14.8444,14.0241
9547,-65.1493,-11.1259,0.6939,0.7,0.3986,4.0102,23.3926,13.7824,14.8444,14.025
9548,-65.0364,-10.9713,0.6938,0.7,0.4444,3.9704,23.3926,13.7824,14.8444,14.025
9549,-64.9959,-10.8306,0.6938,0.7,0.4611,3.9972,23.3935,13.7824,14.8454,14.0259
9550,-63.848,-10.7521,0.6938,0.7,0.4125,3.9648,23.3944,13.7824,14.8454,14.0259
9551,-63.9811,-10.5638,0.6938,0.7,0.4764,4.0231,23.3944,13.7833,14.8454,14.0269
9552,-62.2327,-10.347,0.6937,0.7,1.3722,4.0046,23.3954,13.7843,14.8463,14.0269
9553,-61.5699,-10.2249,0.6938,0.7,2.4486,3.9787,23.3963,13.7843,14.8463,14.0269
9554,-59.5268,-10.1582,0.6936,0.7,3.4236,4.0093,23.3963,13.7852,14.8463,14.0278
9555,-55.6363,-10.5125,0.6932,0.7,2.8472,3.9417,23.3972,13.7861,14.8472,14.0287
9556,-54.3166,-10.9066,0.6928,0.7,2.1014,3.9833,23.3981,13.7861,14.8472,14.0296
9557,-54.6844,-11.0854,0.6926,0.7,1.9431,4.0556,23.3991,13.788,14.8472,14.0306
9558,-55.9227,-11.6547,0.6922,0.7,1.0361,4.0028,23.3991,13.7889,14.8481,14.0324
9559,-56.7584,-11.8558,0.6921,0.7,0.8139,3.9991,23.4,13.7898,14.8481,14.0333
9560,-58.2227,-12.0306,0.692,0.7,0.4736,3.9694,23.4009,13.7926,14.8491,14.0352
9561,-58.8218,-12.1355,0.6919,0.7,0.3861,4.0185,23.4019,13.7954,14.8491,14.0361
9562,-59.8832,-12.1678,0.6919,0.7,0.2875,3.9935,23.4019,13.7972,14.8491,14.038
9563,-60.6663,-12.2415,0.6918,0.7,0.1847,4.0435,23.4028,13.7981,14.85,14.038
9564,-61.2086,-12.2666,0.6918,0.7,0.2194,3.9704,23.4037,13.7991,14.85,14.0389
9565,-62.0157,-12.3229,0.6917,0.7,0.1139,3.9981,23.4046,13.8019,14.85,14.0417
9566,-62.4404,-12.2906,0.6917,0.7,0.0861,4.0028,23.4046,13.8028,14.8509,14.0426
9567,-63.0291,-12.3077,0.6916,0.7,0.0792,4.0556,23.4056,13.8065,14.8509,14.0472
9568,-63.0729,-12.2707,0.6916,0.7,0.1069,3.9981,23.4065,13.8083,14.8519,14.0491
9569,-63.8156,-12.2259,0.6916,0.7,0.0333,4.0417,23.4074,13.8102,14.8519,14.05
9570,-63.7518,-12.1737,0.6916,0.7,0.0958,4.0574,23.4083,13.813,14.8519,14.0537
9571,-64.1332,-12.1287,0.6916,0.7,0.0375,4.0315,23.4093,13.8157,14.8528,14.0583
9572,-64.2798,-12.0553,0.6917,0.7,0.0556,4.0028,23.4093,13.8167,14.8528,14.0602
9573,-64.6389,-11.9779,0.6918,0.7,0.1153,3.9685,23.4102,13.8167,14.8537,14.0611
9574,-64.7921,-11.8666,0.6918,0.7,0.1667,3.9935,23.4111,13.8176,14.8537,14.0611
9575,-65.1558,-11.8051,0.6919,0.7,0.1458,4.038,23.412,13.8185,14.8546,14.063
9576,-64.8839,-11.694,0.6919,0.7,0.1653,4.0185,23.413,13.8185,14.8546,14.063
9577,-65.3302,-11.5178,0.692,0.7,0.2722,4.0241,23.4139,13.8185,14.8546,14.063
9578,-65.5579,-11.432,0.6921,0.7,0.2708,4.0028,23.4139,13.8194,14.8556,14.0639
9579,-65.2387,-11.2473,0.6921,0.7,0.3153,4.0241,23.4148,13.8213,14.8556,14.0657
9580,-65.1257,-11.1232,0.6922,0.7,0.4542,4.038,23.4157,13.825,14.8565,14.0685
9581,-64.846,-11.0181,0.6922,0.7,0.2806,4.0019,23.4167,13.8259,14.8565,14.0685
9582,-64.3004,-10.7899,0.6922,0.7,0.5319,3.9843,23.4176,13.8269,14.8565,14.0694
9583,-63.9394,-10.5893,0.6922,0.7,0.5764,3.9519,23.4185,13.8278,14.8574,14.0704
9584,-62.2272,-10.3843,0.6922,0.7,1.3764,4.0194,23.4185,13.8315,14.8574,14.0731
9585,-61.5116,-10.1786,0.6921,0.7,2.4722,3.9537,23.4194,13.8315,14.8583,14.0731
9586,-59.2483,-10.1684,0.692,0.7,3.5069,3.9917,23.4204,13.8315,14.8583,14.075
9587,-56.5572,-10.365,0.6917,0.7,3.325,3.937,23.4213,13.8324,14.8593,14.0759
9588,-55.6923,-10.5488,0.6916,0.7,2.7125,4.0139,23.4222,13.8324,14.8593,14.0769
9589,-54.7521,-10.8216,0.6914,0.7,1.9278,3.9917,23.4231,13.8343,14.8593,14.0796
9590,-54.7564,-11.325,0.691,0.7,1.4431,4.0074,23.4241,13.8352,14.8602,14.0815
9591,-56.4967,-11.6282,0.6908,0.7,1.1625,3.9685,23.4241,13.8361,14.8602,14.0824
9592,-57.3615,-11.755,0.6908,0.7,0.9333,4.0259,23.425,13.838,14.8611,14.0833
9593,-58.5576,-12.0297,0.6907,0.7,0.5083,3.9972,23.4259,13.8389,14.8611,14.0843
9594,-59.1638,-12.0886,0.6906,0.7,0.4125,3.9444,23.4269,13.8398,14.862,14.0852
9595,-59.083,-12.0919,0.6907,0.7,0.3444,3.9935,23.4278,13.8435,14.862,14.088
9596,-60.2997,-12.1669,0.6907,0.7,0.3,4.0028,23.4287,13.8454,14.863,14.0898
9597,-60.9398,-12.2185,0.6908,0.7,0.1694,3.9556,23.4296,13.85,14.863,14.0907
9598,-61.2428,-12.25,0.6909,0.7,0.1194,4.0231,23.4306,13.8519,14.863,14.0917
9599,-61.4756,-12.2108,0.691,0.7,0.1069,3.9361,23.4315,13.8519,14.8639,14.0917
9600,-62.1368,-12.2736,0.691,0.7,0.1264,4.0065,23.4315,13.8528,14.8639,14.0944
9601,-62.3957,-12.2385,0.691,0.7,0.0708,4.0389,23.4324,13.8528,14.8648,14.0954
9602,-62.7904,-12.2527,0.6911,0.7,0.1139,3.9704,23.4333,13.8556,14.8648,14.0972
9603,-63.2569,-12.2585,0.6911,0.7,0.0931,3.9491,23.4343,13.8574,14.8657,14.0991
9604,-63.5626,-12.1966,0.6911,0.7,0.0639,3.9528,23.4352,13.8583,14.8657,14.1009
9605,-63.8801,-12.1269,0.6912,0.7,0.0681,4.0019,23.4361,13.8593,14.8657,14.1019
9606,-63.6351,-12.1514,0.6913,0.7,0.0944,4.0676,23.437,13.862,14.8667,14.1028
9607,-63.8707,-12.027,0.6915,0.7,0.0681,3.9824,23.438,13.862,14.8667,14.1028
9608,-64.4395,-12.0706,0.6915,0.7,0.0403,3.987,23.438,13.863,14.8676,14.1028
9609,-64.7326,-11.9193,0.6916,0.7,0.15,3.9944,23.4389,13.8639,14.8676,14.1046
9610,-64.8485,-11.8883,0.6917,0.7,0.0944,3.9833,23.4398,13.8648,14.8685,14.1056
9611,-65.0048,-11.7749,0.6917,0.7,0.1153,3.9204,23.4407,13.8648,14.8685,14.1056
9612,-65.2791,-11.7113,0.6919,0.7,0.1653,3.9889,23.4417,13.8648,14.8685,14.1056
9613,-65.2252,-11.5566,0.6919,0.7,0.2597,4.0287,23.4426,13.8676,14.8694,14.1102
9614,-65.0298,-11.4094,0.6919,0.7,0.2667,4.0167,23.4435,13.8676,14.8694,14.1111
9615,-65.3847,-11.2819,0.6919,0.7,0.2139,3.9546,23.4435,13.8685,14.8704,14.112
9616,-65.3638,-11.3089,0.692,0.7,0.25,4.0176,23.4444,13.8704,14.8704,14.1139
9617,-65.0956,-11.2501,0.6921,0.7,0.2972,4.0019,23.4454,13.8722,14.8713,14.1148
9618,-64.9525,-11.1558,0.6922,0.7,0.3097,3.9861,23.4463,13.8722,14.8713,14.1167
9619,-64.9574,-10.9197,0.6923,0.7,0.4389,3.9889,23.4472,13.8741,14.8713,14.1194
9620,-64.395,-10.8919,0.6924,0.7,0.5056,4.0194,23.4481,13.8741,14.8722,14.1194
9621,-64.2216,-10.799,0.6925,0.7,0.4486,3.938,23.4481,13.875,14.8722,14.1194
9622,-64.0734,-10.7628,0.6926,0.7,0.4708,3.9889,23.4491,13.875,14.8731,14.1204
9623,-63.6086,-10.7057,0.6926,0.7,0.5569,3.9907,23.45,13.875,14.8731,14.1204
9624,-63.2644,-10.6455,0.6927,0.7,0.7403,3.9954,23.4509,13.875,14.8731,14.1231
9625,-62.9196,-10.5775,0.6928,0.7,0.8528,4.0194,23.4519,13.8759,14.8741,14.125
9626,-62.9293,-10.4684,0.6929,0.7,1.1611,3.9917,23.4519,13.8778,14.8741,14.1269
9627,-62.8036,-10.4735,0.6929,0.7,1.1778,3.9648,23.4528,13.8806,14.875,14.1278
9628,-61.9475,-10.3446,0.693,0.7,1.6597,4.0463,23.4537,13.8833,14.875,14.1296
9629,-61.4185,-10.1821,0.6931,0.7,2.7708,3.9685,23.4546,13.8833,14.875,14.1306
9630,-58.9796,-10.2194,0.6929,0.7,3.2806,3.9787,23.4546,13.8843,14.8759,14.1333
9631,-57.9282,-10.3567,0.6928,0.7,3.0125,4.0,23.4556,13.8861,14.8759,14.1333
9632,-57.2941,-10.4177,0.6929,0.7,2.6083,3.9704,23.4565,13.887,14.8759,14.1352
9633,-55.0517,-10.8257,0.6927,0.7,1.9972,3.9722,23.4574,13.8889,14.8769,14.138
9634,-55.812,-10.6633,0.6929,0.7,2.5514,3.9889,23.4583,13.8898,14.8769,14.1389
9635,-55.2342,-10.8433,0.6928,0.7,2.1972,3.9815,23.4583,13.8926,14.8778,14.1407
9636,-55.1343,-11.0732,0.6926,0.7,1.7472,4.0204,23.4593,13.8926,14.8778,14.1407
9637,-55.8242,-11.2366,0.6925,0.7,1.5917,3.9824,23.4602,13.8926,14.8778,14.1426
9638,-55.1764,-11.2049,0.6926,0.7,1.375,4.0546,23.4602,13.8944,14.8787,14.1454
9639,-55.4088,-11.1594,0.6927,0.7,1.7611,4.0037,23.4611,13.8972,14.8787,14.1472
9640,-55.5824,-11.5198,0.6926,0.7,1.0806,3.9935,23.462,13.8981,14.8787,14.1481
9641,-56.2599,-11.5844,0.6926,0.7,1.1625,4.0028,23.463,13.8981,14.8796,14.1472
9642,-56.8647,-11.7999,0.6925,0.7,0.7694,3.9806,23.463,13.8972,14.8796,14.1491
9643,-58.5264,-12.001,0.6925,0.7,0.4222,3.9917,23.4639,13.8991,14.8796,14.1519
9644,-59.8509,-12.1011,0.6926,0.7,0.3194,4.0102,23.4648,13.9,14.8806,14.1519
9645,-60.637,-12.2185,0.6926,0.7,0.2167,4.0111,23.4648,13.9,14.8806,14.1519
9646,-61.036,-12.2481,0.6925,0.7,0.2028,3.9639,23.4657,13.8991,14.8815,14.1519
9647,-61.9089,-12.2774,0.6926,0.7,0.1167,4.0148,23.4667,13.9028,14.8815,14.1546
9648,-62.1664,-12.3009,0.6925,0.7,0.0931,3.9796,23.4676,13.9056,14.8815,14.1565
9649,-62.2748,-12.2362,0.6925,0.7,0.125,4.0,23.4676,13.9065,14.8824,14.1593
9650,-62.4979,-12.2209,0.6927,0.7,0.0903,3.9944,23.4685,13.9065,14.8824,14.1593
9651,-62.9828,-12.2313,0.6928,0.7,0.0556,3.9926,23.4694,13.9056,14.8824,14.1583
9652,-63.5736,-12.1743,0.6929,0.7,0.1,3.9611,23.4694,13.9065,14.8833,14.1574
9653,-63.6079,-12.1069,0.6931,0.7,0.0694,4.0361,23.4704,13.9093,14.8833,14.1583
9654,-63.8192,-12.0593,0.6933,0.7,0.1028,3.9824,23.4713,13.9111,14.8833,14.1593
9655,-64.0207,-12.0185,0.6935,0.7,0.1458,4.0472,23.4713,13.913,14.8843,14.162
9656,-64.1811,-11.9651,0.6936,0.7,0.1431,4.0093,23.4722,13.9157,14.8843,14.1639
9657,-64.4627,-11.9336,0.6938,0.7,0.1306,4.0046,23.4731,13.9167,14.8843,14.1667
9658,-64.898,-11.8486,0.6939,0.7,0.1542,4.0269,23.4731,13.9194,14.8852,14.1694
9659,-64.9239,-11.8017,0.6939,0.7,0.1194,4.0176,23.4741,13.9213,14.8852,14.1704
9660,-65.3317,-11.6403,0.694,0.7,0.2069,4.0102,23.475,13.9259,14.8852,14.1741
9661,-64.674,-11.5492,0.694,0.7,0.1847,4.0083,23.475,13.9287,14.8861,14.1769
9662,-64.7483,-11.3933,0.6942,0.7,0.3681,4.0278,23.4759,13.9315,14.8861,14.1796
9663,-65.1775,-11.135,0.6943,0.7,0.4347,4.013,23.4769,13.9343,14.8861,14.1833
9664,-64.908,-11.0059,0.6943,0.7,0.5458,4.0222,23.4769,13.9343,14.8861,14.1843
9665,-64.1293,-10.8262,0.6944,0.7,0.5042,4.037,23.4778,13.9343,14.887,14.1861
9666,-63.4919,-10.614,0.6944,0.7,0.5708,3.9759,23.4778,13.9343,14.887,14.1861
9667,-62.1873,-10.4288,0.6945,0.7,0.9486,3.9528,23.4787,13.9352,14.887,14.187
9668,-62.1309,-10.4144,0.6946,0.7,1.4708,4.0361,23.4796,13.937,14.888,14.188
9669,-61.8474,-10.3029,0.6947,0.7,2.0667,4.0093,23.4796,13.9389,14.888,14.1944
9670,-59.2418,-10.1846,0.6947,0.7,3.1097,4.0731,23.4806,13.9426,14.888,14.1981
9671,-58.1103,-10.2578,0.6947,0.7,3.2278,3.9833,23.4806,13.9444,14.8889,14.2
9672,-56.4603,-10.4666,0.6945,0.7,2.8014,3.9648,23.4815,13.9444,14.8889,14.2009
9673,-56.0271,-10.6965,0.6945,0.7,2.1806,3.9444,23.4824,13.9435,14.8889,14.2009
9674,-54.9155,-10.8969,0.6944,0.7,2.0444,4.0713,23.4824,13.9463,14.8889,14.2028
9675,-55.8918,-11.0734,0.6945,0.7,1.7431,4.0315,23.4833,13.9472,14.8898,14.2046
9676,-54.9073,-11.4268,0.6944,0.7,1.2528,4.0037,23.4833,13.9454,14.8898,14.2037
9677,-56.4313,-11.5943,0.6944,0.7,0.9958,4.013,23.4843,13.9472,14.8898,14.2056
9678,-57.7774,-11.8145,0.6944,0.7,0.5639,4.0028,23.4843,13.9481,14.8907,14.2074
9679,-58.6485,-11.9944,0.6944,0.7,0.5431,3.9759,23.4852,13.9481,14.8907,14.2074
9680,-59.4893,-12.0608,0.6945,0.7,0.3917,4.0204,23.4852,13.9491,14.8907,14.2102
9681,-60.6227,-12.1944,0.6944,0.7,0.2681,3.9935,23.4861,13.9491,14.8907,14.2102
9682,-61.2428,-12.3073,0.6944,0.7,0.1958,3.9333,23.4861,13.9509,14.8917,14.213
9683,-61.3935,-12.2824,0.6944,0.7,0.1139,4.0093,23.487,13.9509,14.8917,14.213
9684,-61.5497,-12.2524,0.6944,0.7,0.1069,3.9898,23.487,13.9509,14.8917,14.2139
9685,-61.907,-12.233,0.6945,0.7,0.15,3.9981,23.488,13.9519,14.8917,14.2167
9686,-62.9118,-12.2302,0.6946,0.7,0.1097,4.0009,23.488,13.9528,14.8926,14.2167
9687,-63.0211,-12.2369,0.6947,0.7,0.0764,3.988,23.4889,13.9528,14.8926,14.2148
9688,-63.2891,-12.2457,0.6947,0.7,0.0708,4.0648,23.4898,13.9537,14.8926,14.2157
9689,-63.7383,-12.1381,0.6948,0.7,0.1194,4.0093,23.4898,13.9556,14.8926,14.2176
9690,-63.8199,-12.0868,0.6949,0.7,0.1056,4.0231,23.4907,13.9565,14.8935,14.2194
9691,-64.0377,-12.075,0.695,0.7,0.0736,4.0139,23.4907,13.9583,14.8935,14.2204
9692,-64.2809,-12.0086,0.695,0.7,0.1042,4.0176,23.4917,13.9583,14.8935,14.2204
9693,-64.5986,-11.9172,0.6951,0.7,0.0431,3.9991,23.4917,13.9593,14.8935,14.2204
9694,-64.9834,-11.7815,0.6951,0.7,0.2042,3.9778,23.4926,13.962,14.8944,14.2213
9695,-65.1923,-11.7376,0.6952,0.7,0.1056,3.988,23.4926,13.9648,14.8944,14.2222
9696,-65.3488,-11.6685,0.6952,0.7,0.1917,3.9704,23.4935,13.9648,14.8944,14.2222
9697,-65.1166,-11.5724,0.6953,0.7,0.2153,4.038,23.4935,13.9657,14.8944,14.2222
9698,-65.0368,-11.6762,0.6953,0.7,0.2278,3.9778,23.4944,13.9676,14.8954,14.2231
9699,-64.9656,-11.6595,0.6953,0.7,0.1847,3.9963,23.4944,13.9685,14.8954,14.2241
9700,-65.0584,-11.6251,0.6954,0.7,0.2681,4.0083,23.4954,13.9713,14.8954,14.2269
9701,-64.9447,-11.8034,0.6955,0.7,0.2333,3.9463,23.4954,13.9713,14.8954,14.2269
9702,-64.3055,-11.9056,0.6955,0.7,0.1722,3.9778,23.4963,13.9704,14.8963,14.2287
9703,-64.0847,-12.0014,0.6955,0.7,0.0736,4.037,23.4963,13.9722,14.8963,14.2296
9704,-64.5625,-11.9882,0.6955,0.7,0.1319,3.9519,23.4972,13.975,14.8963,14.2315
9705,-64.4135,-11.9698,0.6955,0.7,0.1639,3.9741,23.4972,13.975,14.8963,14.2333
9706,-64.2938,-12.0336,0.6955,0.7,0.0778,4.0352,23.4972,13.9778,14.8972,14.238
9707,-64.1842,-12.0208,0.6956,0.7,0.15,3.9935,23.4981,13.9778,14.8972,14.238
9708,-64.2029,-12.0037,0.6957,0.7,0.1875,4.037,23.4981,13.9796,14.8972,14.2398
9709,-64.588,-12.008,0.6958,0.7,0.0764,4.0472,23.4991,13.9815,14.8972,14.2417
9710,-64.7693,-11.9155,0.6958,0.7,0.0806,4.0167,23.4991,13.9796,14.8972,14.2417
9711,-64.733,-11.7888,0.6959,0.7,0.1486,3.9852,23.5,13.9806,14.8981,14.2426
9712,-64.5802,-11.8344,0.6961,0.7,0.1639,4.0398,23.5,13.9833,14.8981,14.2426
9713,-64.7191,-11.8551,0.6962,0.7,0.1764,3.9935,23.5,13.9824,14.8981,14.2426
9714,-64.8595,-11.7574,0.6963,0.7,0.2069,3.9481,23.5009,13.9824,14.8981,14.2426
9715,-65.13,-11.6438,0.6965,0.7,0.2306,4.0148,23.5009,13.9824,14.8981,14.2444
9716,-64.9398,-11.6463,0.6965,0.7,0.1708,3.9778,23.5019,13.9824,14.8991,14.2444
9717,-65.0638,-11.4832,0.6967,0.7,0.2958,3.9657,23.5019,13.987,14.8991,14.2444
9718,-64.9421,-11.4353,0.6967,0.7,0.2472,3.95,23.5019,13.987,14.8991,14.2454
9719,-65.1806,-11.3654,0.6969,0.7,0.3444,4.0111,23.5028,13.9861,14.8991,14.2463
9720,-65.334,-11.2865,0.697,0.7,0.4375,4.0278,23.5028,13.9861,14.8991,14.2463
9721,-65.0173,-11.2104,0.697,0.7,0.3375,4.0278,23.5028,13.987,14.9,14.2481
9722,-64.7769,-11.0999,0.6971,0.7,0.3486,3.9806,23.5037,13.988,14.9,14.25
9723,-64.7336,-11.0115,0.6972,0.7,0.4125,3.9833,23.5037,13.9889,14.9,14.2519
9724,-64.8033,-10.9186,0.6973,0.7,0.5639,4.0083,23.5037,13.9917,14.9,14.2528
9725,-64.5207,-10.8965,0.6974,0.7,0.5917,3.9741,23.5046,13.9944,14.9,14.2546
9726,-64.4871,-10.8012,0.6974,0.7,0.5111,3.9343,23.5046,13.9954,14.9,14.2556
9727,-63.748,-10.7086,0.6975,0.7,0.5722,4.0519,23.5046,13.9926,14.9009,14.2528
9728,-63.3751,-10.5499,0.6974,0.7,0.6444,3.9861,23.5056,13.9917,14.9009,14.2528
9729,-62.6963,-10.5213,0.6974,0.7,1.1222,4.0574,23.5056,13.9954,14.9009,14.2565
9730,-62.4732,-10.4203,0.6975,0.7,1.2097,4.0074,23.5056,13.9963,14.9009,14.2565
9731,-62.0384,-10.3946,0.6975,0.7,1.6153,3.9731,23.5065,13.9981,14.9009,14.2583
9732,-62.4531,-10.4331,0.6976,0.7,1.5931,4.0157,23.5065,13.9981,14.9009,14.2593
9733,-62.2796,-10.3518,0.6978,0.7,1.6944,4.0139,23.5065,13.9963,14.9009,14.2583
9734,-61.1554,-10.3046,0.6979,0.7,2.4139,3.9963,23.5074,13.9954,14.9019,14.2574
9735,-60.5551,-10.2694,0.698,0.7,2.7139,3.9935,23.5074,13.9944,14.9019,14.2583
9736,-59.6683,-10.268,0.698,0.7,2.8653,4.0278,23.5074,13.9963,14.9019,14.262
9737,-58.1739,-10.3127,0.6978,0.7,3.1014,3.9833,23.5074,13.9972,14.9019,14.2639
9738,-57.0696,-10.401,0.6978,0.7,2.8292,3.9574,23.5083,13.9972,14.9019,14.262
9739,-55.787,-10.6247,0.6976,0.7,2.6597,4.0176,23.5083,13.9981,14.9019,14.263
9740,-54.7293,-10.8651,0.6975,0.7,2.0111,3.9713,23.5083,13.9963,14.9019,14.2611
9741,-54.4569,-11.1454,0.6973,0.7,1.6069,4.0648,23.5083,13.9981,14.9019,14.2602
9742,-55.6236,-11.1386,0.6974,0.7,1.6069,3.9981,23.5093,13.9991,14.9028,14.2593
9743,-55.2627,-11.2989,0.6973,0.7,1.4167,3.9583,23.5093,14.0,14.9028,14.262
9744,-56.1267,-11.4653,0.6972,0.7,1.1944,3.9667,23.5093,14.0,14.9028,14.262
9745,-56.938,-11.6663,0.6972,0.7,0.9972,3.9333,23.5093,14.0019,14.9028,14.2639
9746,-56.8067,-11.6138,0.6973,0.7,0.9333,4.0056,23.5102,14.0009,14.9028,14.2648
9747,-56.5918,-11.6982,0.6973,0.7,0.8653,3.9963,23.5102,14.0,14.9028,14.2639
9748,-57.7986,-11.7826,0.6973,0.7,0.7708,3.9593,23.5102,13.9972,14.9028,14.2639
9749,-58.3186,-11.873,0.6973,0.7,0.6,3.9676,23.5102,13.9981,14.9028,14.2648
9750,-57.4189,-11.8685,0.6974,0.7,0.7208,4.038,23.5111,13.9991,14.9037,14.2667
9751,-58.3256,-11.8336,0.6975,0.7,0.675,4.0176,23.5111,14.0009,14.9037,14.2676
9752,-57.7123,-11.9131,0.6974,0.7,0.6194,3.9824,23.5111,13.9991,14.9037,14.2685
9753,-58.0726,-11.8743,0.6975,0.7,0.6014,4.0343,23.5111,14.0019,14.9037,14.2713
9754,-58.7379,-12.0186,0.6976,0.7,0.4556,3.9444,23.5111,14.0009,14.9037,14.2704
9755,-58.5157,-11.9094,0.6976,0.7,0.5444,4.0259,23.512,14.0019,14.9037,14.2694
9756,-59.2305,-12.0046,0.6976,0.7,0.4194,4.0,23.512,14.0009,14.9037,14.2694
9757,-58.1641,-11.8969,0.6976,0.7,0.575,3.9991,23.512,14.0009,14.9037,14.2694
9758,-57.5256,-11.8624,0.6977,0.7,0.7042,3.9685,23.512,14.0056,14.9037,14.2713
9759,-57.1758,-11.726,0.6979,0.7,0.7167,4.0167,23.512,14.0019,14.9037,14.2676
9760,-56.774,-11.6931,0.698,0.7,0.8556,3.9787,23.513,13.9981,14.9046,14.2667
9761,-56.7368,-11.5578,0.6981,0.7,1.1222,4.0204,23.513,13.9972,14.9046,14.2657
9762,-56.2287,-11.5522,0.6981,0.7,1.2556,3.9611,23.513,13.9963,14.9046,14.2657
9763,-56.1357,-11.375,0.6983,0.7,1.15,4.0167,23.513,13.9963,14.9046,14.2639
9764,-54.8698,-11.1554,0.6985,0.7,1.5111,4.0037,23.513,13.9963,14.9046,14.263
9765,-55.6601,-10.7713,0.6989,0.7,2.2181,4.05,23.513,13.9963,14.9046,14.263
9766,-56.2261,-10.5978,0.699,0.7,2.4056,3.9759,23.513,13.9972,14.9046,14.2676
9767,-57.4043,-10.4653,0.6991,0.7,2.8944,3.9759,23.5139,14.0,14.9046,14.2704
9768,-61.1691,-10.2644,0.6994,0.7,2.2833,4.013,23.5139,13.9972,14.9046,14.2694
9769,-62.3685,-10.5119,0.6995,0.7,1.3431,4.0324,23.5139,13.9963,14.9046,14.2685
9770,-63.8831,-10.7793,0.6995,0.7,0.8083,3.9852,23.5139,13.9963,14.9046,14.2676
9771,-64.4726,-11.0497,0.6994,0.7,0.5069,3.9722,23.5139,13.9981,14.9046,14.2685
9772,-64.7916,-11.1824,0.6995,0.7,0.3722,4.0333,23.5139,13.9972,14.9046,14.2685
9773,-65.2628,-11.391,0.6995,0.7,0.3097,4.0167,23.5139,13.9972,14.9046,14.2685
9774,-65.0662,-11.4905,0.6995,0.7,0.2389,4.0343,23.5139,13.9991,14.9046,14.2685
9775,-65.2127,-11.6069,0.6994,0.7,0.2306,4.0083,23.5139,13.9981,14.9046,14.2685
9776,-65.1476,-11.639,0.6995,0.7,0.1833,4.0315,23.5148,13.9972,14.9046,14.2667
9777,-64.9669,-11.6188,0.6994,0.7,0.2458,4.0037,23.5148,13.9972,14.9046,14.2667
9778,-65.0998,-11.5216,0.6994,0.7,0.1903,4.0111,23.5148,13.9972,14.9056,14.2676
9779,-65.056,-11.5896,0.6994,0.7,0.2306,4.0185,23.5148,13.9981,14.9056,14.2639
9780,-65.2211,-11.5296,0.6994,0.7,0.2903,3.9611,23.5148,13.9981,14.9056,14.2639
9781,-65.542,-11.4339,0.6994,0.7,0.2139,3.9593,23.5148,14.0009,14.9056,14.263
9782,-65.0339,-11.4692,0.6994,0.7,0.1847,3.9917,23.5148,14.0009,14.9056,14.263
9783,-65.1289,-11.5049,0.6995,0.7,0.2639,3.9907,23.5148,13.9981,14.9056,14.262
9784,-65.0937,-11.461,0.6995,0.7,0.2014,4.0241,23.5148,13.9954,14.9056,14.2611
9785,-65.2496,-11.4228,0.6995,0.7,0.2736,3.9833,23.5148,13.9935,14.9056,14.2602
9786,-65.2494,-11.3275,0.6996,0.7,0.275,4.0185,23.5148,13.9944,14.9056,14.2593
9787,-65.1329,-11.2124,0.6997,0.7,0.3972,3.9972,23.5157,13.9935,14.9056,14.2583
9788,-64.8688,-11.0793,0.6997,0.7,0.5014,3.9843,23.5157,13.9944,14.9056,14.2602
9789,-64.5881,-11.0011,0.6998,0.7,0.4931,4.0074,23.5157,13.9972,14.9056,14.2611
9790,-64.3848,-10.8131,0.6998,0.7,0.5514,4.0546,23.5157,13.9991,14.9056,14.2602
9791,-63.3386,-10.6439,0.6997,0.7,0.4736,3.9944,23.5157,14.0,14.9056,14.262
9792,-62.7429,-10.4439,0.6997,0.7,0.8542,3.9963,23.5157,13.9972,14.9056,14.263
9793,-61.9223,-10.3252,0.6997,0.7,1.7778,3.9519,23.5157,13.9981,14.9056,14.262
9794,-61.1238,-10.2008,0.6996,0.7,2.8653,4.0389,23.5157,14.0009,14.9056,14.262
9795,-60.5995,-10.1737,0.6997,0.7,3.1625,3.9935,23.5157,14.0009,14.9056,14.262
9796,-58.9847,-10.2302,0.6996,0.7,3.3472,3.9481,23.5157,14.0,14.9056,14.262
9797,-55.8277,-10.4409,0.6992,0.7,2.9167,3.9481,23.5157,13.9981,14.9056,14.2602
9798,-55.2392,-10.5495,0.6992,0.7,2.7569,4.0287,23.5157,13.9991,14.9056,14.2602
9799,-54.8017,-10.8974,0.6989,0.7,2.0528,3.9296,23.5167,14.0,14.9056,14.262
9800,-54.8217,-11.1125,0.6987,0.7,1.6014,3.9685,23.5167,13.9991,14.9056,14.2602
9801,-54.6015,-11.1922,0.6987,0.7,1.6861,3.9861,23.5167,13.9972,14.9065,14.2602
9802,-54.9194,-11.1408,0.6988,0.7,1.9,3.9796,23.5167,13.9972,14.9065,14.262
9803,-54.7068,-11.145,0.6988,0.7,1.5806,3.9769,23.5167,13.9944,14.9065,14.2611
9804,-55.5995,-11.3833,0.6987,0.7,1.2014,3.9954,23.5167,13.9935,14.9065,14.2583
9805,-55.9979,-11.3998,0.6987,0.7,1.2361,4.0037,23.5167,13.9935,14.9065,14.2602
9806,-55.7973,-11.5361,0.6988,0.7,0.9931,3.9852,23.5167,13.9926,14.9065,14.2602
9807,-56.6498,-11.7253,0.6987,0.7,0.8903,3.9972,23.5167,13.9944,14.9065,14.263
9808,-57.3276,-11.8331,0.6987,0.7,0.7778,3.9593,23.5167,13.9954,14.9065,14.2648
9809,-57.7908,-11.9883,0.6985,0.7,0.5486,3.9796,23.5176,13.9954,14.9065,14.2685
9810,-58.1164,-11.9399,0.6985,0.7,0.5125,3.988,23.5176,13.9935,14.9065,14.2667
9811,-58.5995,-12.011,0.6985,0.7,0.4347,3.9491,23.5176,13.9926,14.9065,14.2657
9812,-59.5201,-12.0806,0.6986,0.7,0.3819,4.0306,23.5176,13.9917,14.9065,14.2648
9813,-60.2696,-12.2237,0.6985,0.7,0.1417,4.0639,23.5176,13.9898,14.9065,14.2648
9814,-61.2468,-12.2655,0.6985,0.7,0.1764,3.9454,23.5176,13.9861,14.9065,14.262
9815,-61.5964,-12.2747,0.6986,0.7,0.1514,4.0574,23.5176,13.9843,14.9065,14.2583
9816,-61.5781,-12.2197,0.6986,0.7,0.1722,3.9148,23.5176,13.9852,14.9065,14.2602
9817,-62.4447,-12.2441,0.6987,0.7,0.0972,4.0537,23.5176,13.9843,14.9065,14.2602
9818,-62.8954,-12.2711,0.6987,0.7,0.0528,3.963,23.5176,13.9861,14.9065,14.262
9819,-62.8843,-12.1833,0.6987,0.7,0.0806,4.0287,23.5185,13.9861,14.9065,14.262
9820,-62.9366,-12.1973,0.6988,0.7,0.0708,4.0222,23.5185,13.988,14.9065,14.263
9821,-63.1309,-12.2316,0.6989,0.7,0.1,4.0074,23.5185,13.9898,14.9074,14.263
9822,-63.0773,-12.1886,0.6989,0.7,0.0944,3.9611,23.5185,13.9926,14.9074,14.262
9823,-63.0893,-12.1841,0.699,0.7,0.0681,4.038,23.5185,13.9944,14.9074,14.2639
9824,-63.4904,-12.21,0.699,0.7,0.0861,3.9685,23.5185,13.9935,14.9074,14.2639
9825,-63.8249,-12.181,0.6989,0.7,0.0667,4.0065,23.5185,13.9972,14.9074,14.262
9826,-63.9702,-12.1085,0.699,0.7,0.0389,4.012,23.5185,13.9963,14.9074,14.2611
9827,-64.031,-12.0815,0.6989,0.7,0.1153,4.0065,23.5185,13.9954,14.9074,14.2602
9828,-64.1833,-11.9988,0.699,0.7,0.1028,4.0185,23.5185,13.9972,14.9074,14.262
9829,-64.5956,-11.9291,0.6991,0.7,0.1458,3.9713,23.5194,13.9963,14.9074,14.2583
9830,-64.5698,-11.9049,0.6992,0.7,0.2181,4.0324,23.5194,13.9926,14.9074,14.2574
9831,-64.9102,-11.8299,0.6992,0.7,0.1236,3.9778,23.5194,13.9926,14.9074,14.2593
9832,-65.0946,-11.7451,0.6993,0.7,0.2653,3.9926,23.5194,13.9935,14.9074,14.2639
9833,-65.2014,-11.607,0.6994,0.7,0.2083,4.0056,23.5194,13.9963,14.9074,14.2657
9834,-65.5076,-11.5289,0.6995,0.7,0.1819,3.9306,23.5194,13.9981,14.9074,14.2676
9835,-64.9796,-11.4993,0.6995,0.7,0.3153,3.9796,23.5194,13.9991,14.9074,14.2685
9836,-65.3087,-11.3706,0.6996,0.7,0.2958,3.9731,23.5194,13.9991,14.9074,14.2685
9837,-65.11,-11.2791,0.6996,0.7,0.3597,3.9685,23.5194,13.9972,14.9074,14.2657
9838,-65.2966,-11.1517,0.6997,0.7,0.4458,3.9907,23.5194,13.9981,14.9074,14.2676
9839,-65.0858,-11.0493,0.6998,0.7,0.4333,4.0009,23.5204,14.0,14.9074,14.2667
9840,-64.4757,-10.9604,0.6998,0.7,0.5514,3.9852,23.5204,14.0,14.9074,14.2639
9841,-64.3391,-10.8196,0.6999,0.7,0.475,4.0065,23.5204,14.0009,14.9074,14.2639
9842,-63.9505,-10.5982,0.6998,0.7,0.35,3.9565,23.5204,14.0019,14.9074,14.2639
9843,-62.9261,-10.4766,0.6997,0.7,0.4792,4.0093,23.5204,14.0028,14.9074,14.2648
9844,-62.516,-10.2866,0.6997,0.7,1.5819,3.975,23.5204,14.0056,14.9083,14.2676
9845,-60.8827,-10.224,0.6997,0.7,2.7306,3.9806,23.5204,14.0056,14.9083,14.2676
9846,-60.098,-10.153,0.6997,0.7,2.925,4.013,23.5204,14.0046,14.9083,14.2667
9847,-58.5067,-10.2169,0.6996,0.7,3.5306,3.9926,23.5204,14.0046,14.9083,14.2667
9848,-54.2591,-10.8479,0.6991,0.7,2.1736,4.0287,23.5204,14.0046,14.9083,14.2667
9849,-54.3793,-11.006,0.6989,0.7,1.8444,3.9574,23.5204,14.0046,14.9083,14.2667
9850,-54.0197,-11.183,0.6988,0.7,1.5889,3.9935,23.5204,14.0046,14.9083,14.2694
9851,-54.8178,-11.4304,0.6986,0.7,1.4708,4.0444,23.5213,14.0056,14.9083,14.2694
9852,-56.0759,-11.708,0.6985,0.7,0.9806,4.0,23.5213,14.0083,14.9083,14.2722
9853,-56.4171,-11.7626,0.6985,0.7,0.8347,4.0102,23.5213,14.0111,14.9083,14.2741
9854,-58.0291,-11.9648,0.6984,0.7,0.4597,4.0222,23.5213,14.0111,14.9083,14.275
9855,-58.8279,-11.999,0.6984,0.7,0.4653,3.9556,23.5213,14.0111,14.9083,14.2741
9856,-59.2637,-12.0759,0.6984,0.7,0.4486,3.938,23.5213,14.0093,14.9083,14.2731
9857,-59.3358,-12.0895,0.6984,0.7,0.4708,4.0315,23.5213,14.0093,14.9083,14.2741
9858,-59.8151,-12.1136,0.6984,0.7,0.2403,3.9963,23.5213,14.0093,14.9083,14.2713
9859,-60.1233,-12.1517,0.6983,0.7,0.3306,4.0204,23.5213,14.0093,14.9083,14.2694
9860,-60.0119,-12.0966,0.6983,0.7,0.3278,4.0583,23.5222,14.0093,14.9083,14.2694
9861,-60.1126,-12.1852,0.6982,0.7,0.3083,3.9843,23.5222,14.0083,14.9083,14.2694
9862,-59.7477,-12.1057,0.6982,0.7,0.3153,4.0333,23.5222,14.0083,14.9083,14.2676
9863,-59.7917,-12.0753,0.6983,0.7,0.3347,4.0352,23.5222,14.0083,14.9083,14.2667
9864,-60.0894,-12.071,0.6984,0.7,0.3889,4.0241,23.5222,14.0093,14.9093,14.2667
9865,-59.3256,-12.0568,0.6983,0.7,0.3736,4.0037,23.5222,14.0083,14.9093,14.2667
9866,-59.1404,-12.0384,0.6984,0.7,0.3056,4.0111,23.5222,14.0083,14.9093,14.2676
9867,-59.371,-12.1157,0.6984,0.7,0.2694,3.9898,23.5222,14.0102,14.9093,14.2713
9868,-60.5895,-12.1538,0.6985,0.7,0.3208,3.9833,23.5231,14.0074,14.9093,14.2694
9869,-60.6934,-12.1947,0.6985,0.7,0.2222,4.0593,23.5231,14.0065,14.9093,14.2694
9870,-60.9091,-12.1775,0.6985,0.7,0.1653,4.0296,23.5231,14.0046,14.9093,14.2685
9871,-61.3531,-12.2292,0.6986,0.7,0.2194,4.013,23.5231,14.0037,14.9093,14.2676
9872,-61.9977,-12.2448,0.6987,0.7,0.1639,3.9907,23.5231,14.0046,14.9093,14.2704
9873,-62.5971,-12.2716,0.6988,0.7,0.1194,3.9741,23.5231,14.0046,14.9093,14.2685
9874,-62.3216,-12.2079,0.6988,0.7,0.1236,4.0574,23.5231,14.0065,14.9093,14.2685
9875,-62.7884,-12.2103,0.699,0.7,0.1125,3.9583,23.5231,14.0093,14.9093,14.2694
9876,-63.3004,-12.233,0.699,0.7,0.0361,4.0028,23.5231,14.0102,14.9093,14.2704
9877,-63.7027,-12.1421,0.6992,0.7,0.0708,4.0028,23.5231,14.0102,14.9093,14.2694
9878,-63.7396,-12.1179,0.6993,0.7,0.0722,3.988,23.5231,14.0074,14.9093,14.2667
9879,-64.0512,-12.0694,0.6994,0.7,0.1278,4.0241,23.5241,14.0074,14.9093,14.2667
9880,-64.5111,-11.9994,0.6994,0.7,0.0958,3.9852,23.5241,14.0093,14.9093,14.2676
9881,-64.6874,-11.9655,0.6995,0.7,0.1278,3.9954,23.5241,14.0102,14.9093,14.2685
9882,-64.5943,-11.9399,0.6995,0.7,0.1069,4.0315,23.5241,14.0065,14.9093,14.263
9883,-64.6518,-11.8563,0.6995,0.7,0.2111,3.9861,23.5241,14.0065,14.9093,14.263
9884,-64.974,-11.8172,0.6995,0.7,0.1097,4.0046,23.5241,14.0046,14.9093,14.2602
9885,-64.9618,-11.6816,0.6995,0.7,0.1944,4.0009,23.5241,14.0046,14.9093,14.2593
9886,-64.8726,-11.6262,0.6996,0.7,0.2264,4.0361,23.5241,14.0065,14.9093,14.2602
9887,-65.242,-11.5977,0.6998,0.7,0.2125,4.0046,23.5241,14.0065,14.9102,14.2611
9888,-65.156,-11.5366,0.6998,0.7,0.2486,3.9991,23.5241,14.0074,14.9102,14.2611
9889,-65.1793,-11.5063,0.6999,0.7,0.2764,3.9833,23.5241,14.0093,14.9102,14.262
9890,-64.9547,-11.3681,0.7,0.7,0.3111,3.9806,23.5241,14.012,14.9102,14.263
9891,-64.9004,-11.2758,0.7001,0.7,0.2639,3.975,23.5241,14.012,14.9102,14.2657
9892,-65.0385,-11.2832,0.7002,0.7,0.4319,3.9704,23.5241,14.0111,14.9102,14.263
9893,-65.1491,-11.2486,0.7004,0.7,0.3472,3.9926,23.5241,14.0111,14.9102,14.2639
9894,-64.5465,-11.2325,0.7006,0.7,0.3333,4.0102,23.5241,14.0102,14.9102,14.263
9895,-64.8891,-11.1421,0.7007,0.7,0.4458,3.9861,23.5241,14.0102,14.9102,14.263
9896,-64.779,-11.0242,0.7008,0.7,0.6153,4.0287,23.5241,14.0102,14.9102,14.262
9897,-64.0178,-10.8899,0.7009,0.7,0.4403,3.9556,23.5241,14.0093,14.9102,14.2611
9898,-64.5049,-10.9108,0.701,0.7,0.4764,3.9898,23.5241,14.0093,14.9102,14.262
9899,-63.5404,-10.7479,0.701,0.7,0.575,3.9685,23.5241,14.0093,14.9102,14.262
9900,-63.9371,-10.7093,0.7012,0.7,0.5917,3.9954,23.5241,14.0083,14.9102,14.2611
9901,-62.9085,-10.555,0.7011,0.7,0.6431,4.0352,23.5241,14.0056,14.9102,14.2583
9902,-61.8742,-10.368,0.701,0.7,1.4097,3.9944,23.5241,14.0056,14.9093,14.2583
9903,-61.671,-10.2336,0.7011,0.7,2.5111,4.0056,23.5241,14.0056,14.9093,14.2565
9904,-59.9729,-10.1561,0.701,0.7,3.1236,3.9963,23.5241,14.0065,14.9093,14.2565
9905,-59.1084,-10.2545,0.7009,0.7,3.3083,3.9907,23.5241,14.0083,14.9093,14.2556
9906,-55.8157,-10.4338,0.7006,0.7,2.8222,4.0093,23.5241,14.0111,14.9093,14.2583
9907,-54.6798,-10.8273,0.7003,0.7,2.2375,3.9861,23.5241,14.0093,14.9093,14.2574
9908,-54.7085,-11.0756,0.7002,0.7,1.9486,3.9843,23.5241,14.0065,14.9093,14.2546
9909,-55.2823,-11.2747,0.7002,0.7,1.6181,4.0315,23.5241,14.0046,14.9093,14.2537
9910,-55.5598,-11.4356,0.7001,0.7,1.2347,4.0194,23.5241,14.0046,14.9093,14.2537
9911,-56.93,-11.7354,0.6999,0.7,0.7417,3.9741,23.5241,14.0009,14.9093,14.25
9912,-58.0282,-11.9594,0.6999,0.7,0.4236,3.9796,23.5241,13.9991,14.9093,14.2481
9913,-59.0997,-12.0701,0.6999,0.7,0.425,4.0509,23.5241,13.9981,14.9093,14.25
9914,-60.2427,-12.2122,0.6998,0.7,0.1694,4.0315,23.5241,13.9972,14.9093,14.25
9915,-60.7012,-12.1448,0.6998,0.7,0.2569,4.0157,23.5241,13.9963,14.9093,14.2491
9916,-61.4748,-12.2556,0.6998,0.7,0.1333,4.0167,23.5241,13.9944,14.9093,14.2472
9917,-61.7181,-12.3014,0.6997,0.7,0.0778,3.962,23.5241,13.9944,14.9093,14.2491
9918,-62.1629,-12.286,0.6997,0.7,0.0986,4.0296,23.5241,13.9935,14.9093,14.25
9919,-62.0596,-12.2493,0.6995,0.7,0.0944,4.037,23.5241,13.9926,14.9093,14.2491
9920,-62.4849,-12.2518,0.6995,0.7,0.0819,3.9352,23.5241,13.9935,14.9093,14.2509
9921,-62.6055,-12.2038,0.6996,0.7,0.1625,3.9648,23.5241,13.9917,14.9093,14.2519
9922,-63.0421,-12.1745,0.6997,0.7,0.0889,4.0204,23.5241,13.9907,14.9093,14.2509
9923,-63.6118,-12.1422,0.6999,0.7,0.0931,3.9981,23.5241,13.9907,14.9093,14.2519
9924,-63.8035,-12.1705,0.6999,0.7,0.0986,4.0565,23.5241,13.9898,14.9093,14.2509
9925,-64.3273,-12.0711,0.6999,0.7,0.0736,3.9991,23.5241,13.9898,14.9093,14.25
9926,-64.8458,-12.0117,0.7,0.7,0.0597,4.0343,23.5241,13.9917,14.9093,14.2509
9927,-64.4729,-11.9052,0.7,0.7,0.1403,4.025,23.5241,13.9926,14.9093,14.2481
9928,-64.9912,-11.8521,0.7,0.7,0.1431,4.0759,23.5241,13.9935,14.9093,14.2509
9929,-65.2639,-11.7787,0.7,0.7,0.1181,3.9796,23.5241,13.9926,14.9093,14.2491
9930,-64.9159,-11.6594,0.7,0.7,0.1472,4.0157,23.5241,13.9917,14.9093,14.2481
9931,-64.9357,-11.5852,0.7001,0.7,0.2181,3.9935,23.5241,13.9917,14.9093,14.2481
9932,-65.5939,-11.4508,0.7001,0.7,0.1542,3.9685,23.5241,13.9907,14.9093,14.2454
9933,-65.3357,-11.2773,0.7001,0.7,0.3264,3.9935,23.5241,13.9926,14.9093,14.2463
9934,-64.797,-11.0404,0.7001,0.7,0.4486,4.0287,23.5241,13.9898,14.9093,14.2444
9935,-64.3273,-10.8707,0.7001,0.7,0.4847,3.9852,23.5241,13.9898,14.9093,14.2444
9936,-64.0956,-10.712,0.7,0.7,0.4556,3.9963,23.5241,13.9889,14.9093,14.2444
9937,-63.3428,-10.5653,0.7,0.7,0.5375,4.0435,23.5241,13.9907,14.9093,14.2454
9938,-62.4895,-10.4173,0.6999,0.7,1.0847,3.9917,23.5241,13.988,14.9093,14.2444
9939,-62.6192,-10.3749,0.7,0.7,1.3819,4.0083,23.5241,13.9861,14.9093,14.2417
9940,-61.5301,-10.1647,0.6999,0.7,2.3819,3.9991,23.5241,13.9861,14.9093,14.2417
9941,-60.3797,-10.1128,0.6998,0.7,3.375,4.0296,23.5241,13.9861,14.9093,14.2407
9942,-60.3156,-10.1077,0.6998,0.7,3.3611,4.0417,23.5241,13.988,14.9102,14.2426
9943,-57.9671,-10.1995,0.6996,0.7,3.3819,3.9843,23.5241,13.987,14.9102,14.2417
9944,-55.3819,-10.5647,0.6991,0.7,2.7389,4.0417,23.5241,13.9852,14.9102,14.2398
9945,-54.5764,-11.0494,0.6987,0.7,1.8125,4.0352,23.525,13.9843,14.9102,14.238
9946,-55.2896,-11.4071,0.6985,0.7,1.2583,4.0167,23.525,13.9815,14.9102,14.2352
9947,-56.6885,-11.7155,0.6984,0.7,0.8556,4.0083,23.525,13.9815,14.9102,14.2361
9948,-57.2548,-11.9468,0.6982,0.7,0.675,4.0167,23.525,13.9815,14.9102,14.2352
9949,-58.6361,-12.1089,0.6981,0.7,0.3792,4.0204,23.525,13.9796,14.9102,14.2333
9950,-58.7114,-12.1887,0.6978,0.7,0.3764,4.0,23.525,13.9833,14.9102,14.2361
9951,-59.0018,-12.1708,0.6976,0.7,0.3972,3.9972,23.525,13.9833,14.9102,14.237
9952,-57.4377,-12.0297,0.6973,0.7,0.5167,4.0046,23.525,13.9852,14.9102,14.2398
9953,-57.1269,-11.8812,0.6972,0.7,0.7194,4.0065,23.5259,13.987,14.9102,14.2426
9954,-55.3925,-11.7422,0.697,0.7,1.0875,3.9926,23.5259,13.9852,14.9102,14.2417
9955,-53.7108,-11.3909,0.697,0.7,1.7139,4.0463,23.5259,13.9843,14.9102,14.2407
9956,-52.1531,-10.8289,0.697,0.7,2.5236,3.9796,23.5259,13.9843,14.9111,14.2417
9957,-56.1241,-10.2813,0.6973,0.7,3.1819,4.0009,23.5269,13.9843,14.9111,14.2417
9958,-62.1713,-10.1019,0.6974,0.7,2.5139,3.9926,23.5269,13.987,14.9111,14.2426
9959,-62.9979,-10.3741,0.6972,0.7,1.1792,3.9435,23.5269,13.9861,14.9111,14.2454
9960,-63.6356,-10.55,0.6969,0.7,0.3389,4.0148,23.5278,13.988,14.9111,14.2491
9961,-64.354,-10.6585,0.6968,0.7,0.2931,4.0241,23.5278,13.9861,14.9111,14.2509
9962,-64.9118,-10.8347,0.6966,0.7,0.3667,4.0074,23.5278,13.9861,14.912,14.2528
9963,-65.2336,-10.9627,0.6964,0.7,0.2597,4.0259,23.5287,13.9852,14.912,14.2528
9964,-65.8289,-11.0774,0.6961,0.7,0.3875,3.9954,23.5287,13.987,14.912,14.2556
9965,-65.5082,-11.2164,0.6958,0.7,0.3583,3.9824,23.5296,13.988,14.912,14.2556
9966,-65.581,-11.2578,0.6957,0.7,0.2667,4.0296,23.5296,13.9898,14.912,14.2602
9967,-65.8661,-11.3326,0.6955,0.7,0.2403,3.9944,23.5306,13.9907,14.913,14.2611
9968,-65.7442,-11.2445,0.6954,0.7,0.2819,3.9741,23.5306,13.9926,14.913,14.262
9969,-65.7705,-11.2875,0.6953,0.7,0.25,4.0074,23.5315,13.9963,14.913,14.2648
9970,-65.6606,-11.2687,0.6951,0.7,0.3139,3.9935,23.5315,14.0,14.913,14.2676
9971,-65.7888,-11.3358,0.695,0.7,0.2042,3.9861,23.5324,14.0065,14.9139,14.2713
9972,-65.7304,-11.2497,0.6949,0.7,0.2347,3.9972,23.5324,14.0102,14.9139,14.2759
9973,-65.9362,-11.1885,0.6948,0.7,0.2486,4.0028,23.5333,14.0111,14.9139,14.2769
9974,-65.4538,-11.164,0.6946,0.7,0.2333,4.0194,23.5333,14.0139,14.9139,14.2778
9975,-65.4887,-11.2346,0.6946,0.7,0.3042,4.0,23.5343,14.0167,14.9148,14.2796
9976,-65.6586,-11.1445,0.6946,0.7,0.3625,3.9611,23.5343,14.0185,14.9148,14.2824
9977,-65.0462,-11.0514,0.6945,0.7,0.3639,4.0037,23.5352,14.0204,14.9148,14.2843
9978,-64.7132,-10.9308,0.6945,0.7,0.3944,4.012,23.5361,14.0241,14.9157,14.287
9979,-64.8472,-10.8634,0.6945,0.7,0.3708,4.0778,23.5361,14.0259,14.9157,14.2889
9980,-64.1796,-10.7363,0.6944,0.7,0.4194,4.0287,23.537,14.0287,14.9157,14.2935
9981,-62.9713,-10.4567,0.6944,0.7,0.3847,4.0278,23.537,14.0315,14.9157,14.2954
9982,-63.385,-10.4256,0.6944,0.7,0.6333,4.0704,23.538,14.0352,14.9167,14.2972
9983,-63.1962,-10.3698,0.6943,0.7,0.5944,3.9713,23.5389,14.037,14.9167,14.3
9984,-62.5656,-10.3277,0.6942,0.7,1.0042,3.9778,23.5389,14.038,14.9167,14.3019
9985,-62.2227,-10.2531,0.6942,0.7,1.5347,4.0278,23.5398,14.0417,14.9176,14.3046
9986,-61.5556,-10.1348,0.6942,0.7,2.0139,4.0352,23.5407,14.0435,14.9176,14.3056
9987,-61.4638,-10.0756,0.6941,0.7,2.6903,3.9926,23.5407,14.0454,14.9176,14.3093
9988,-60.6949,-10.035,0.694,0.7,3.1667,4.0454,23.5417,14.0509,14.9185,14.3111
9989,-60.5351,-10.0156,0.6938,0.7,3.2125,4.0028,23.5426,14.0537,14.9185,14.3139
9990,-60.8703,-10.0579,0.6938,0.7,3.0458,3.9815,23.5426,14.0574,14.9185,14.3185
9991,-58.2713,-10.0882,0.6935,0.7,3.6042,3.9981,23.5435,14.0593,14.9194,14.3231
9992,-58.7022,-10.1286,0.6934,0.7,3.6653,4.0037,23.5444,14.063,14.9194,14.3269
9993,-58.9857,-10.1646,0.6934,0.7,3.3042,3.9537,23.5444,14.0657,14.9194,14.3278
9994,-55.2178,-10.3454,0.6931,0.7,2.9194,4.0667,23.5454,14.0676,14.9204,14.3306
9995,-54.6012,-10.4618,0.6929,0.7,3.1014,4.0222,23.5463,14.0676,14.9204,14.3315
9996,-55.6672,-10.5922,0.6927,0.7,2.8194,3.9815,23.5463,14.0704,14.9204,14.3343
9997,-55.342,-10.7091,0.6927,0.7,2.5056,3.9241,23.5472,14.0694,14.9213,14.337
9998,-54.7483,-10.7001,0.6926,0.7,2.6083,3.9667,23.5481,14.0741,14.9213,14.3426
9999,-53.7648,-10.8068,0.6924,0.7,2.5264,4.0426,23.5491,14.0769,14.9222,14.3444
10000,-54.4603,-11.0909,0.6923,0.7,1.7417,4.013,23.5491,14.0759,14.9222,14.3435
